frame_nr,time,measurement_available,x,y,state1,state2,state3,state4,state5
0.0,0.0,0.0,31.213642694097878,4.032797907706773,31.213642694097878,4.032797907706773,1.4478335167094716,-2.2592547085677124,-0.2717080927228974
1.0,0.04,0.0,31.212265487633186,3.9785673634059897,31.212265487633186,3.9785673634059897,1.447333207321595,-2.2612472376360153,-0.26583956267074227
2.0,0.08,0.0,31.210417982695102,3.927586104268967,31.210417982695102,3.927586104268967,1.4471366237002365,-2.263180567886307,-0.2587922427104846
3.0,0.12,0.0,31.214022234619524,3.876893840625835,31.214022234619524,3.876893840625835,1.447272251775212,-2.265071928439255,-0.2509803161763955
4.0,0.16,0.0,31.216987101207515,3.829911396577167,31.216987101207515,3.829911396577167,1.4477427634303732,-2.267009517964671,-0.24275687443146576
5.0,0.2,0.0,31.218097172089067,3.7816519054929856,31.218097172089067,3.7816519054929856,1.4485424579149055,-2.2690884134905867,-0.23430278074163963
6.0,0.24,0.0,31.22384825557753,3.73447067023275,31.22384825557753,3.73447067023275,1.4496376726183087,-2.271396887663391,-0.22586358122958589
7.0,0.28,0.0,31.230077846036355,3.68767107054466,31.230077846036355,3.68767107054466,1.451006310814269,-2.27400956232679,-0.2175010319641414
8.0,0.32,0.0,31.23725606222656,3.640160061384153,31.23725606222656,3.640160061384153,1.452593332074717,-2.2769793436695527,-0.20946671599381098
9.0,0.36,0.0,31.24489016098527,3.5935659177770685,31.24489016098527,3.5935659177770685,1.4543546352557941,-2.280309691918542,-0.20172485528983364
10.0,0.4,1.0,31.25063433334896,3.5482503863495016,31.25063433334896,3.5482503863495016,1.4562259020589288,-2.2839696872935167,-0.19462428970151222
11.0,0.44,1.0,31.256785971728902,3.501092279628262,31.256785971728902,3.501092279628262,1.4581625016997537,-2.2879124368128396,-0.1880407344665928
12.0,0.48,1.0,31.26768178753203,3.4085217840694484,31.26768178753203,3.4085217840694484,1.4602395017619585,-2.2947506961578332,-0.17731645419842004
13.0,0.52,1.0,31.27604370782546,3.317042110864447,31.27604370782546,3.317042110864447,1.4626421734390018,-2.3018089999772573,-0.16709767694849348
14.0,0.56,1.0,31.28885774914262,3.2233407336349122,31.28885774914262,3.2233407336349122,1.4653206128455891,-2.3090411366314925,-0.15727802677738917
15.0,0.6,1.0,31.29796003588144,3.130516698533382,31.29796003588144,3.130516698533382,1.468243067739561,-2.316302305931532,-0.14784425945678165
16.0,0.64,1.0,31.30943035844289,3.0406675373940226,31.30943035844289,3.0406675373940226,1.4713582958880789,-2.3235313755814575,-0.13868268692828353
17.0,0.68,1.0,31.318329836338954,2.95107562747711,31.318329836338954,2.95107562747711,1.4746658980144187,-2.330491813894617,-0.12987843776228536
18.0,0.72,1.0,31.331688778369703,2.860666650066393,31.331688778369703,2.860666650066393,1.478114320206372,-2.3371132128935423,-0.12132151352555372
19.0,0.76,1.0,31.344123841261904,2.768380828062147,31.344123841261904,2.768380828062147,1.4816409441031924,-2.3432985371985575,-0.11330030116799199
20.0,0.8,1.0,31.35540538835046,2.677710543444466,31.35540538835046,2.677710543444466,1.4852115568107913,-2.348945340767174,-0.10572579515891956
21.0,0.84,1.0,31.36733163183079,2.5879732742911505,31.36733163183079,2.5879732742911505,1.488793819315124,-2.353965830800685,-0.09929143764860413
22.0,0.88,1.0,31.380411894422032,2.4975941146473493,31.380411894422032,2.4975941146473493,1.4923675891440669,-2.3582638094041037,-0.09391280089523171
23.0,0.92,1.0,31.390047331875326,2.4077739691861644,31.390047331875326,2.4077739691861644,1.4959084671065181,-2.361802727871514,-0.08955138573544145
24.0,0.96,1.0,31.39995011552141,2.3142820901446863,31.39995011552141,2.3142820901446863,1.4994051125067296,-2.36453382378203,-0.08614750939235108
25.0,1.0,1.0,31.410931551041717,2.2215653878652235,31.410931551041717,2.2215653878652235,1.5028545114075975,-2.366423567109825,-0.08370908079081717
26.0,1.04,1.0,31.41877330919336,2.1275093086906143,31.41877330919336,2.1275093086906143,1.5062750955609507,-2.367448136544816,-0.08216988558357256
27.0,1.08,1.0,31.42625970785325,2.035141584773966,31.42625970785325,2.035141584773966,1.509681183115518,-2.3676033650708996,-0.08156630362965205
28.0,1.12,1.0,31.43054977369137,1.9417046804035014,31.43054977369137,1.9417046804035014,1.513114518356001,-2.366909876484927,-0.08175984880807655
29.0,1.16,1.0,31.43509438806309,1.8474253660538493,31.43509438806309,1.8474253660538493,1.5166081053943723,-2.365446869444737,-0.0828123656665182
30.0,1.2,1.0,31.44225162224281,1.751949587009793,31.44225162224281,1.751949587009793,1.5202143216673796,-2.3633431854230365,-0.08441319969990878
31.0,1.24,1.0,31.44991043919603,1.6577736910863632,31.44991043919603,1.6577736910863632,1.5239686354806483,-2.360753734785958,-0.08663574136644231
32.0,1.28,1.0,31.456917128858358,1.5627785770680116,31.456917128858358,1.5627785770680116,1.5279070478192374,-2.357867596987085,-0.08880002616635554
33.0,1.32,1.0,31.46445200282641,1.4645697199559344,31.46445200282641,1.4645697199559344,1.53205645155878,-2.354901507778457,-0.09099336682336925
34.0,1.36,1.0,31.469096224242065,1.3669151064062013,31.469096224242065,1.3669151064062013,1.5364372203600654,-2.3520822308346143,-0.09329301135391807
35.0,1.4000000000000001,1.0,31.475883681470435,1.2712237964870234,31.475883681470435,1.2712237964870234,1.5410614086348517,-2.3496430435765374,-0.09575690247758678
36.0,1.44,1.0,31.481082196329858,1.1729194300544705,31.481082196329858,1.1729194300544705,1.5459298344782997,-2.347799597110678,-0.09842501309975318
37.0,1.48,1.0,31.489111330107676,1.075372441703543,31.489111330107676,1.075372441703543,1.5510350578377212,-2.3467557609617287,-0.10131315029037155
38.0,1.52,1.0,31.495876934856675,0.9804380147612521,31.495876934856675,0.9804380147612521,1.5563600226564929,-2.346690982534093,-0.10442050286894403
39.0,1.56,1.0,31.502188765479623,0.8878220484058339,31.502188765479623,0.8878220484058339,1.5618770931176722,-2.347764149851438,-0.107720927262444
40.0,1.6,1.0,31.50676414571903,0.7941995606547392,31.50676414571903,0.7941995606547392,1.5675509943579953,-2.3500775395687405,-0.11116478631568036
41.0,1.6400000000000001,1.0,31.510673043017032,0.7011123277618461,31.510673043017032,0.7011123277618461,1.5733390457341836,-2.353687288801552,-0.11468339923114527
42.0,1.68,1.0,31.513018704025463,0.6081130494633311,31.513018704025463,0.6081130494633311,1.5791947938336255,-2.3585997052636842,-0.11819220859942339
43.0,1.72,1.0,31.514775754769385,0.5127816217052431,31.514775754769385,0.5127816217052431,1.5850659549869208,-2.364770113709189,-0.12159613146348183
44.0,1.76,1.0,31.517529346674632,0.42059215046366927,31.517529346674632,0.42059215046366927,1.590906313039946,-2.3720930248506087,-0.12479395883699555
45.0,1.8,1.0,31.519207223541553,0.32734060958764594,31.519207223541553,0.32734060958764594,1.596671594034949,-2.3804249684602015,-0.12768398542729886
46.0,1.84,1.0,31.52362280954413,0.23770782199654295,31.52362280954413,0.23770782199654295,1.6023241983006642,-2.389586005529418,-0.1301706470415805
47.0,1.8800000000000001,1.0,31.526566278089888,0.14585618822378238,31.526566278089888,0.14585618822378238,1.6078288450317948,-2.3993768081277955,-0.1321695709364336
48.0,1.92,1.0,31.53044500555014,0.05584636142804415,31.53044500555014,0.05584636142804415,1.6131585576712617,-2.4095659608908395,-0.13361202403451325
49.0,1.96,1.0,31.53253585401283,-0.034868736263877376,31.53253585401283,-0.034868736263877376,1.618295426059794,-2.4199084830534354,-0.1344509018443589
50.0,2.0,1.0,31.532865761797723,-0.12458107190599674,31.532865761797723,-0.12458107190599674,1.6232324122779105,-2.4301447056732846,-0.134661859559913
51.0,2.04,1.0,31.531733581097882,-0.21059346157345651,31.531733581097882,-0.21059346157345651,1.6260892233522768,-2.319291409366441,-0.12871762189467778
52.0,2.08,1.0,31.528081228208357,-0.2959716701487765,31.528081228208357,-0.2959716701487765,1.6288459379139444,-2.2077285386274843,-0.12202630479981533
53.0,2.12,1.0,31.5237500831945,-0.38473452949082765,31.5237500831945,-0.38473452949082765,1.631501687378328,-2.095219962910554,-0.11463077955313997
54.0,2.16,1.0,31.520714563032158,-0.4736446808879512,31.520714563032158,-0.4736446808879512,1.6340622297252736,-1.9815620834570988,-0.10660422239955081
55.0,2.2,1.0,31.515050952241562,-0.5663130458846106,31.515050952241562,-0.5663130458846106,1.6365367184572066,-1.8665985510146392,-0.09804525291384121
56.0,2.24,1.0,31.50925809201384,-0.6586570345828473,31.50925809201384,-0.6586570345828473,1.6389392119249486,-1.750214788363332,-0.08907098894776096
57.0,2.2800000000000002,1.0,31.500989595777973,-0.7509787196282022,31.500989595777973,-0.7509787196282022,1.6412817408943077,-1.6323383983287063,-0.07981099211324041
58.0,2.32,1.0,31.491990764253963,-0.8443046380144764,31.491990764253963,-0.8443046380144764,1.6435765700437521,-1.5129406784625152,-0.0704007783443928
59.0,2.36,1.0,31.48618997696161,-0.9383474888852389,31.48618997696161,-0.9383474888852389,1.645834059942041,-1.3920451567703358,-0.06097418378524237
60.0,2.4,1.0,31.480171141800184,-1.031856591090147,31.480171141800184,-1.031856591090147,1.6480600766136508,-1.2697183244580283,-0.051655267846804645
61.0,2.44,1.0,31.476757015908525,-1.1242058141872735,31.476757015908525,-1.1242058141872735,1.6502574981324916,-1.1460654586158274,-0.042553107325681176
62.0,2.48,1.0,31.471807033432118,-1.2174744808847675,31.471807033432118,-1.2174744808847675,1.6524284392996047,-1.0212197010380168,-0.033757640322369054
63.0,2.52,1.0,31.467892221558277,-1.3111576003429757,31.467892221558277,-1.3111576003429757,1.654577509162634,-0.8953506908333067,-0.025336817240552534
64.0,2.56,1.0,31.46125392275269,-1.4061567576614415,31.46125392275269,-1.4061567576614415,1.6567054510024302,-0.7686580565619356,-0.017333573384633028
65.0,2.6,1.0,31.45518107163078,-1.5010035977792326,31.45518107163078,-1.5010035977792326,1.6588100799611745,-0.6413564112841846,-0.00976732595002996
66.0,2.64,1.0,31.444080697459253,-1.5976892133474099,31.444080697459253,-1.5976892133474099,1.6608873036909693,-0.5136661506847655,-0.0026357396227409133
67.0,2.68,1.0,31.43400832841247,-1.6980927865540458,31.43400832841247,-1.6980927865540458,1.6629334803204032,-0.38580755882985757,0.004081005907583079
68.0,2.72,1.0,31.423065355292948,-1.7966381699125737,31.423065355292948,-1.7966381699125737,1.6649477070311545,-0.257998651068235,0.010418536186703683
69.0,2.7600000000000002,1.0,31.41436424723911,-1.8943429746246039,31.41436424723911,-1.8943429746246039,1.6669326896167906,-0.13044188468425685,0.01642442658712077
70.0,2.8000000000000003,1.0,31.404879546535096,-1.9911553377449334,31.404879546535096,-1.9911553377449334,1.668889802063783,-0.003313443663462534,0.02215277026441689
71.0,2.84,1.0,31.39407708563636,-2.092161655164586,31.39407708563636,-2.092161655164586,1.672703310061881,0.0025012808706879495,0.02213038198801321
72.0,2.88,1.0,31.383675610361358,-2.1913961460060016,31.383675610361358,-2.1913961460060016,1.6764042450542633,0.007503687166814876,0.02179315203391155
73.0,2.92,1.0,31.37372106745312,-2.289050792184042,31.37372106745312,-2.289050792184042,1.6800143815817137,0.011586039157003892,0.021182661958278105
74.0,2.96,1.0,31.363086855792897,-2.3845742463645094,31.363086855792897,-2.3845742463645094,1.683554642779742,0.014683158815741925,0.02034388147703569
75.0,3.0,1.0,31.352850894837513,-2.4813713866020755,31.352850894837513,-2.4813713866020755,1.687046654866957,0.016779132273409124,0.019321139652552572
76.0,3.04,1.0,31.34161153136112,-2.576327850257498,31.34161153136112,-2.576327850257498,1.6905081916900013,0.01790029594784557,0.018156222329079357
77.0,3.08,1.0,31.330499381704648,-2.674599111966169,31.330499381704648,-2.674599111966169,1.6939571234716024,0.018113342186545055,0.016886252823943074
78.0,3.12,1.0,31.31831362295776,-2.77314578183757,31.31831362295776,-2.77314578183757,1.6974075626216218,0.017525289753648553,0.015544048918571748
79.0,3.16,1.0,31.30341679967019,-2.8721521884756793,31.30341679967019,-2.8721521884756793,1.7008696199690754,0.016285040989005007,0.014156403181803024
80.0,3.2,1.0,31.28799437138839,-2.970838054923049,31.28799437138839,-2.970838054923049,1.704346489448784,0.014570011606924883,0.01274429705386344
81.0,3.24,1.0,31.272159571184595,-3.0698381365008034,31.272159571184595,-3.0698381365008034,1.7078408807663028,0.01258087462310974,0.011323569025397306
82.0,3.2800000000000002,1.0,31.257385703028852,-3.16673618746813,31.257385703028852,-3.16673618746813,1.7113527679910068,0.01052968684713329,0.009907694393467548
83.0,3.3200000000000003,1.0,31.243411512780664,-3.2608189803904972,31.243411512780664,-3.2608189803904972,1.7148817591524874,0.00863503503722507,0.008507930555748514
84.0,3.36,1.0,31.230309251402655,-3.35343930179641,31.230309251402655,-3.35343930179641,1.7184215420512152,0.0071115098373565775,0.0071338309950686974
85.0,3.4,1.0,31.21838794095218,-3.444828153596789,31.21838794095218,-3.444828153596789,1.7219657617541462,0.006165378083925666,0.0057945221638664255
86.0,3.44,1.0,31.205295161181112,-3.537559199207666,31.205295161181112,-3.537559199207666,1.725504367216344,0.005973707884286084,0.004501319351803541
87.0,3.48,1.0,31.1939877966673,-3.631013608469735,31.1939877966673,-3.631013608469735,1.7290300961833551,0.006685845544790259,0.0032694004289338606
88.0,3.52,1.0,31.180631526680884,-3.7278622627870903,31.180631526680884,-3.7278622627870903,1.7325311255306783,0.008412815936123086,0.0021184818349658614
89.0,3.56,1.0,31.164813123036218,-3.825389786645185,31.164813123036218,-3.825389786645185,1.7359970712614117,0.011227269743003431,0.001072418374691162
90.0,3.6,1.0,31.148022276070957,-3.926347052349855,31.148022276070957,-3.926347052349855,1.7394168366845708,0.015145590569999756,0.00015865886850347787
91.0,3.64,1.0,31.131013354998792,-4.026711961695262,31.131013354998792,-4.026711961695262,1.7427835159517706,0.02013481195170873,-0.000590596692874976
92.0,3.68,1.0,31.113597623629108,-4.1277355312850315,31.113597623629108,-4.1277355312850315,1.7460882356649776,0.026101083378982603,-0.0011385607839395641
93.0,3.72,1.0,31.095539614527063,-4.225201739921351,31.095539614527063,-4.225201739921351,1.7493207610503583,0.032904113546539285,-0.0014459935210548737
94.0,3.7600000000000002,1.0,31.075856877604945,-4.325875078866598,31.075856877604945,-4.325875078866598,1.7524675391200286,0.04035488190091827,-0.0014731706425165363
95.0,3.8000000000000003,1.0,31.055695691872746,-4.42376001611676,31.055695691872746,-4.42376001611676,1.7555170927806265,0.04823117040104782,-0.0011808621205553994
96.0,3.84,1.0,31.036586340236106,-4.523653916766229,31.036586340236106,-4.523653916766229,1.7584580661616864,0.05627747147026298,-0.0005325329051929683
97.0,3.88,1.0,31.01598744744649,-4.6198558867295985,31.01598744744649,-4.6198558867295985,1.7612819877422154,0.06422757948092511,0.0005037506505273374
98.0,3.92,1.0,30.997609336749623,-4.7172612883981655,30.997609336749623,-4.7172612883981655,1.7639795328218821,0.07181034123679433,0.001952031804774456
99.0,3.96,1.0,30.97774260070234,-4.811603311679698,30.97774260070234,-4.811603311679698,1.7665434001121931,0.07875911365070917,0.0038271564975925695
100.0,4.0,1.0,30.96255231613293,-4.907960796759435,30.96255231613293,-4.907960796759435,1.7689677583007384,0.08481558013333643,0.006132990624913718
101.0,4.04,1.0,30.945073434804925,-5.0022492039834745,30.945073434804925,-5.0022492039834745,1.7712456454899879,0.0897489896124882,0.008862751916515463
102.0,4.08,1.0,30.927354806007806,-5.097615098048195,30.927354806007806,-5.097615098048195,1.77336799424065,0.09335907541786795,0.011995683377580146
103.0,4.12,1.0,30.904755460435826,-5.191936340291699,30.904755460435826,-5.191936340291699,1.7753246142373478,0.09549662775878902,0.01549546283154069
104.0,4.16,1.0,30.882377771021417,-5.286685058476921,30.882377771021417,-5.286685058476921,1.777109682607776,0.09605883638242323,0.019309980984878825
105.0,4.2,1.0,30.857587428644713,-5.381115781284726,30.857587428644713,-5.381115781284726,1.7787204698945616,0.09499817227894265,0.023373937372062857
106.0,4.24,1.0,30.836482916433386,-5.475163465873618,30.836482916433386,-5.475163465873618,1.780158568338933,0.09231785435320994,0.027608253754882284
107.0,4.28,1.0,30.812909190675953,-5.563800905430914,30.812909190675953,-5.563800905430914,1.781427244114812,0.08807911457634436,0.03192130557999627
108.0,4.32,1.0,30.792318350110037,-5.650782233182817,30.792318350110037,-5.650782233182817,1.7825331249180476,0.08238986509940262,0.03620923233729872
109.0,4.36,1.0,30.769832673622755,-5.736440833812468,30.769832673622755,-5.736440833812468,1.783485138646612,0.07539793103313433,0.04035972406596476
110.0,4.4,1.0,30.748994716752787,-5.820695341520583,30.748994716752787,-5.820695341520583,1.784297615344149,0.06728670065514462,0.044254673818814455
111.0,4.44,1.0,30.72808186729542,-5.904804411390611,30.72808186729542,-5.904804411390611,1.784983999398781,0.05826722893215121,0.047772883373550054
112.0,4.48,1.0,30.707711088412168,-5.988009708130926,30.707711088412168,-5.988009708130926,1.7855626027308458,0.0485644558628236,0.050790486607840614
113.0,4.5200000000000005,1.0,30.68652529295659,-6.073769241818683,30.68652529295659,-6.073769241818683,1.7860538344113892,0.03840870150723472,0.05318570006286011
114.0,4.5600000000000005,1.0,30.66727039315844,-6.157581924338127,30.66727039315844,-6.157581924338127,1.7864845433728465,0.028024512655975962,0.054843169627317834
115.0,4.6000000000000005,1.0,30.647550999683812,-6.243515422626705,30.647550999683812,-6.243515422626705,1.786879893471383,0.01762178563120621,0.05565815828802465
116.0,4.64,1.0,30.627662304232455,-6.3288114180151975,30.627662304232455,-6.3288114180151975,1.787268433037476,0.007391824087377874,0.0555372681897365
117.0,4.68,1.0,30.608691889142637,-6.41619910824893,30.608691889142637,-6.41619910824893,1.787675336904508,-0.0024993134416120277,0.05440312637628787
118.0,4.72,1.0,30.58832805194973,-6.501178646822555,30.58832805194973,-6.501178646822555,1.7881264556558396,-0.011922356873654227,0.05219796742041803
119.0,4.76,1.0,30.56936479846498,-6.589705038053903,30.56936479846498,-6.589705038053903,1.78864398667809,-0.020783088421695385,0.04888795697001922
120.0,4.8,1.0,30.54641353996696,-6.676000175215537,30.54641353996696,-6.676000175215537,1.789248914364655,-0.029023341372065702,0.04446397096015696
121.0,4.84,1.0,30.524518909231357,-6.766127474133417,30.524518909231357,-6.766127474133417,1.7899577418322328,-0.036615929130864644,0.038942502872824955
122.0,4.88,1.0,30.503059668642926,-6.8550778589834085,30.503059668642926,-6.8550778589834085,1.790787023319582,-0.04356126978925632,0.032367538499876634
123.0,4.92,1.0,30.48687056510259,-6.946678491228118,30.48687056510259,-6.946678491228118,1.7917518950684848,-0.04987822620516915,0.024813873358141
124.0,4.96,1.0,30.469335739320144,-7.03875669190527,30.469335739320144,-7.03875669190527,1.792866144559164,-0.05559675833397999,0.01638612419180747
125.0,5.0,1.0,30.453017779073217,-7.1303043584748895,30.453017779073217,-7.1303043584748895,1.794139082136072,-0.060758533553398796,0.007215459866898521
126.0,5.04,1.0,30.434797049705157,-7.221466842671641,30.434797049705157,-7.221466842671641,1.7955788051085058,-0.06540618420338101,-0.002542121446716302
127.0,5.08,1.0,30.417428566907823,-7.312786152482458,30.417428566907823,-7.312786152482458,1.7971881759336312,-0.06958463032505544,-0.01270635449970095
128.0,5.12,1.0,30.400668754944434,-7.403204500753335,30.400668754944434,-7.403204500753335,1.7989697552142991,-0.07333748681962818,-0.023076296100290772
129.0,5.16,1.0,30.385583946434757,-7.493864501684319,30.385583946434757,-7.493864501684319,1.8009230332638766,-0.07669863472989083,-0.03343573602930035
130.0,5.2,1.0,30.370351133141263,-7.58383302496087,30.370351133141263,-7.58383302496087,1.8030466228080577,-0.07968853277791121,-0.04355949750997706
131.0,5.24,1.0,30.354936445429388,-7.672325158774134,30.354936445429388,-7.672325158774134,1.805338149106129,-0.082308132384202,-0.053218221767847976
132.0,5.28,1.0,30.338287801264624,-7.763146907772987,30.338287801264624,-7.763146907772987,1.807794722633671,-0.08454451699518345,-0.06218370997128603
133.0,5.32,1.0,30.32025221477473,-7.852545960787397,30.32025221477473,-7.852545960787397,1.8104139754870965,-0.08636968881599397,-0.07023564236546978
134.0,5.36,1.0,30.300595325078525,-7.9440342014653265,30.300595325078525,-7.9440342014653265,1.8131896992822238,-0.08774992918460225,-0.07717002668377956
135.0,5.4,1.0,30.28319597082565,-8.036544954876112,30.28319597082565,-8.036544954876112,1.8161173309043765,-0.08864459471212374,-0.0828048551260692
136.0,5.44,1.0,30.26323117729131,-8.130454914435669,30.26323117729131,-8.130454914435669,1.819189946977308,-0.08901642381341872,-0.08698283622667667
137.0,5.48,1.0,30.242792448909306,-8.224492380833034,30.242792448909306,-8.224492380833034,1.8224021243719744,-0.08883191825841438,-0.08957821050579154
138.0,5.5200000000000005,1.0,30.22070293660545,-8.320376791954187,30.22070293660545,-8.320376791954187,1.8257492348128364,-0.08806681327803469,-0.09050317766328811
139.0,5.5600000000000005,1.0,30.19821623343703,-8.414736910004908,30.19821623343703,-8.414736910004908,1.8292271596346903,-0.08670291481370003,-0.08971223271212644
140.0,5.6000000000000005,1.0,30.173813013616883,-8.512080028205997,30.173813013616883,-8.512080028205997,1.8328320427897353,-0.08473520694104442,-0.08720246625930014
141.0,5.64,1.0,30.148540444394122,-8.606748093985141,30.148540444394122,-8.606748093985141,1.8365596626511738,-0.08218000603393069,-0.08301451221921184
142.0,5.68,1.0,30.122611240719532,-8.703097422182427,30.122611240719532,-8.703097422182427,1.8404050600592048,-0.07907699701676374,-0.0772326537606175
143.0,5.72,1.0,30.093452845058028,-8.79827817178892,30.093452845058028,-8.79827817178892,1.844361615610103,-0.07548222450948919,-0.06998408708106726
144.0,5.76,1.0,30.064333314191696,-8.89316308920532,30.064333314191696,-8.89316308920532,1.84842046319541,-0.07147108152837121,-0.061435725174900244
145.0,5.8,1.0,30.03409606598215,-8.98844638822973,30.03409606598215,-8.98844638822973,1.8525743262481484,-0.06712899740737859,-0.051788463403764216
146.0,5.84,1.0,30.00349622556005,-9.082471921445425,30.00349622556005,-9.082471921445425,1.8568108414310749,-0.06255911601173572,-0.04127237948314083
147.0,5.88,1.0,29.970851467741387,-9.177010073579497,29.970851467741387,-9.177010073579497,1.8611180393314393,-0.057859321710631184,-0.030142729611148077
148.0,5.92,1.0,29.937213776537465,-9.272165019015107,29.937213776537465,-9.272165019015107,1.8654783046965455,-0.05312593830652288,-0.018671802837490554
149.0,5.96,1.0,29.902452308023346,-9.367624853860296,29.902452308023346,-9.367624853860296,1.8698716687999792,-0.04844110182633199,-0.007139435534876885
150.0,6.0,1.0,29.866095854034437,-9.464728363338235,29.866095854034437,-9.464728363338235,1.874275100134805,-0.043878932868228505,0.00417507483177463
151.0,6.04,1.0,29.830548905234046,-9.56204812012139,29.830548905234046,-9.56204812012139,1.8786652697309407,-0.03949118016565697,0.01499864480788865
152.0,6.08,1.0,29.795293830768713,-9.658642631464314,29.795293830768713,-9.658642631464314,1.8830209202908956,-0.035304802318713246,0.025073501629978116
153.0,6.12,1.0,29.762230988745955,-9.754624802322798,29.762230988745955,-9.754624802322798,1.8873208886215302,-0.03132078590851939,0.034165244765872696
154.0,6.16,1.0,29.730381256044872,-9.850657426862332,29.730381256044872,-9.850657426862332,1.8915475889239535,-0.027525200535127813,0.04207070837544908
155.0,6.2,1.0,29.695518898859824,-9.943620821920238,29.695518898859824,-9.943620821920238,1.895683058252097,-0.023886357764575226,0.04862307684064644
156.0,6.24,1.0,29.66172178547302,-10.037242074760679,29.66172178547302,-10.037242074760679,1.8997091718624475,-0.02035476708811642,0.05369552740391553
157.0,6.28,1.0,29.626592124941332,-10.131611043620495,29.626592124941332,-10.131611043620495,1.9036100650620924,-0.01686287032971302,0.05720520158254509
158.0,6.32,1.0,29.59122279570107,-10.227992000501086,29.59122279570107,-10.227992000501086,1.907370884243234,-0.013344266664388593,0.05911660256707303
159.0,6.36,1.0,29.554814378953164,-10.324826175927205,29.554814378953164,-10.324826175927205,1.9109810198388775,-0.009735409962116604,0.05944173545717437
160.0,6.4,1.0,29.51985396198184,-10.418904134824981,29.51985396198184,-10.418904134824981,1.914432242199601,-0.005986367640394452,0.05823719607260014
161.0,6.44,1.0,29.485192866819983,-10.513996230072932,29.485192866819983,-10.513996230072932,1.9177202254903414,-0.002053938498697905,0.05560240256078068
162.0,6.48,1.0,29.450993013810415,-10.60904322654246,29.450993013810415,-10.60904322654246,1.9208428158464848,0.002075022594621423,0.051677535077760316
163.0,6.5200000000000005,1.0,29.417687343936667,-10.703387273942623,29.417687343936667,-10.703387273942623,1.9237974452361466,0.006385623595313505,0.046637281356909026
164.0,6.5600000000000005,1.0,29.38470075270563,-10.798809094823671,29.38470075270563,-10.798809094823671,1.926584066401804,0.010830521837812157,0.04068361047180625
165.0,6.6000000000000005,1.0,29.352243927296648,-10.893978793860434,29.352243927296648,-10.893978793860434,1.9292019585937659,0.015336814230149742,0.034038160622716626
166.0,6.640000000000001,1.0,29.31917748302356,-10.991242990144881,29.31917748302356,-10.991242990144881,1.9316564021065683,0.019805962059400505,0.026935236335294897
167.0,6.68,1.0,29.285834700966603,-11.088002160553227,29.285834700966603,-11.088002160553227,1.933957487804618,0.02410894479714846,0.019613823131532693
168.0,6.72,1.0,29.251562902579586,-11.185422412504158,29.251562902579586,-11.185422412504158,1.9361221747172226,0.02809143406229425,0.012309021876759288
169.0,6.76,1.0,29.217769422654555,-11.283255497713512,29.217769422654555,-11.283255497713512,1.9381738324455995,0.031586260295828686,0.005242857928084057
170.0,6.8,1.0,29.183010333395224,-11.380552302282677,29.183010333395224,-11.380552302282677,1.9401412329778107,0.03442058999626228,-0.0013824712519082104
171.0,6.84,1.0,29.150195463931624,-11.478045673486687,29.150195463931624,-11.478045673486687,1.9420582025799606,0.03641821830267816,-0.007389236899632973
172.0,6.88,1.0,29.114340591920286,-11.57550525018813,29.114340591920286,-11.57550525018813,1.943960022804688,0.03740131606983865,-0.01263047743454514
173.0,6.92,1.0,29.078398946605347,-11.67275945819522,29.078398946605347,-11.67275945819522,1.9458829796041566,0.03721562676873339,-0.016995758644461727
174.0,6.96,1.0,29.04067150973217,-11.769775253985124,29.04067150973217,-11.769775253985124,1.9478653352975637,0.03573970766879938,-0.020413456706083438
175.0,7.0,1.0,29.002921812623025,-11.865245316471224,29.002921812623025,-11.865245316471224,1.9499441693531434,0.032889226298047136,-0.022850874885205274
176.0,7.04,1.0,28.96556228408904,-11.958733526411347,28.96556228408904,-11.958733526411347,1.9521559825251866,0.028618323607604856,-0.024314033796342505
177.0,7.08,1.0,28.928854262078666,-12.048707030211693,28.928854262078666,-12.048707030211693,1.9545309036647662,0.022927263889787663,-0.024846470926436597
178.0,7.12,1.0,28.892851101150786,-12.134844464398373,28.892851101150786,-12.134844464398373,1.9570931485981977,0.01586399376774896,-0.02452546620910475
179.0,7.16,1.0,28.856285805366156,-12.219889025752506,28.856285805366156,-12.219889025752506,1.959858420670065,0.007524530977538735,-0.02345724085367188
180.0,7.2,1.0,28.819355132293225,-12.305852917034425,28.819355132293225,-12.305852917034425,1.962833305821207,-0.001948241700596165,-0.02176984321786051
181.0,7.24,1.0,28.781058228342868,-12.391238625847233,28.781058228342868,-12.391238625847233,1.9660157937922826,-0.012376441303625519,-0.019606910184821472
182.0,7.28,1.0,28.742357875466773,-12.478260954126306,28.742357875466773,-12.478260954126306,1.96939426863904,-0.023539834564523056,-0.017121734252043545
183.0,7.32,1.0,28.703194914938173,-12.565817784164029,28.703194914938173,-12.565817784164029,1.9729515163614573,-0.03518271090945504,-0.014469610333138105
184.0,7.36,1.0,28.664072342205436,-12.653112283811222,28.664072342205436,-12.653112283811222,1.976664435592194,-0.04703144585961831,-0.011798699092994107
185.0,7.4,1.0,28.623876385049535,-12.743454949805272,28.623876385049535,-12.743454949805272,1.980503847600127,-0.058806916892698034,-0.009243808237977278
186.0,7.44,1.0,28.584694449499345,-12.832399555848331,28.584694449499345,-12.832399555848331,1.9844373554834818,-0.0702258830012332,-0.006921765989042389
187.0,7.48,1.0,28.546094830382067,-12.922776996533136,28.546094830382067,-12.922776996533136,1.9884289972203217,-0.0810035573273161,-0.004926376341305683
188.0,7.5200000000000005,1.0,28.5073593965611,-13.013375985015395,28.5073593965611,-13.013375985015395,1.9924428487524417,-0.09087285655045539,-0.0033239941093089567
189.0,7.5600000000000005,1.0,28.4685529583476,-13.10429737250451,28.4685529583476,-13.10429737250451,1.9964427809470606,-0.09958996663671252,-0.002151609141363653
190.0,7.6000000000000005,1.0,28.429558646710035,-13.194744302728111,28.429558646710035,-13.194744302728111,2.000394162565402,-0.10693790473288271,-0.0014162909209579815
191.0,7.640000000000001,1.0,28.38828823189009,-13.285596556489079,28.38828823189009,-13.285596556489079,2.0042660389815135,-0.11273563899270922,-0.0010969658215673208
192.0,7.68,1.0,28.345381258533497,-13.37820852161585,28.345381258533497,-13.37820852161585,2.00803067146278,-0.1168302172315248,-0.001146623663164019
193.0,7.72,1.0,28.304685192516594,-13.473407636391318,28.304685192516594,-13.473407636391318,2.0116688753796224,-0.11910594504187522,-0.0014955232166771234
194.0,7.76,1.0,28.26128919656632,-13.566317167426055,28.26128919656632,-13.566317167426055,2.0151657584089837,-0.11948585308203086,-0.0020556848344036372
195.0,7.8,1.0,28.216296882861705,-13.661804368838782,28.216296882861705,-13.661804368838782,2.018514286881872,-0.117927625096746,-0.0027290342434315947
196.0,7.84,1.0,28.170010007117163,-13.757287000228516,28.170010007117163,-13.757287000228516,2.021714628162122,-0.11441919547729014,-0.003413414592624569
197.0,7.88,1.0,28.12292849268285,-13.853715999666756,28.12292849268285,-13.853715999666756,2.0247738647270745,-0.108988849791169,-0.004007829356732919
198.0,7.92,1.0,28.075653187047017,-13.950572082014082,28.075653187047017,-13.950572082014082,2.0277078923028236,-0.10170437934653061,-0.004418690875027904
199.0,7.96,1.0,28.02773800052165,-14.048106422693687,28.02773800052165,-14.048106422693687,2.0305382667537306,-0.09266295818569178,-0.004566808884797184
200.0,8.0,1.0,27.98006100209516,-14.145468615071868,27.98006100209516,-14.145468615071868,2.033293325032418,-0.08198579736708991,-0.00439249179298101
201.0,8.040000000000001,1.0,27.932752554256574,-14.244002180121134,27.932752554256574,-14.244002180121134,2.0360056151124453,-0.0698201898298445,-0.0038592445522671716
202.0,8.08,1.0,27.88342767764822,-14.342549407625697,27.88342767764822,-14.342549407625697,2.0387104260657245,-0.05633839370069582,-0.0029564515503334087
203.0,8.120000000000001,1.0,27.833413761379187,-14.441120621523496,27.833413761379187,-14.441120621523496,2.0414452479294756,-0.04174071824072369,-0.0017004214198522278
204.0,8.16,1.0,27.781957530341977,-14.539058291092697,27.781957530341977,-14.539058291092697,2.044241779509632,-0.026255803906246156,-0.00013444749727400916
205.0,8.2,1.0,27.730816176739154,-14.635169109282682,27.730816176739154,-14.635169109282682,2.0471307809604458,-0.010133890578307592,0.001672950642430034
206.0,8.24,1.0,27.677315257937096,-14.73264361059031,27.677315257937096,-14.73264361059031,2.05013560745889,0.006354498612644544,0.0036331187524587666
207.0,8.28,1.0,27.623455208945263,-14.829487338066357,27.623455208945263,-14.829487338066357,2.0532750134302464,0.022913061590265925,0.005641906538841382
208.0,8.32,1.0,27.56815110545972,-14.92697512849507,27.56815110545972,-14.92697512849507,2.056559385031904,0.03923917742207269,0.007584349824091294
209.0,8.36,1.0,27.51276644629637,-15.024134343968,27.51276644629637,-15.024134343968,2.0599899560900896,0.05502209599364174,0.009340345767518245
210.0,8.4,1.0,27.45734069630256,-15.121747230997869,27.45734069630256,-15.121747230997869,2.0635609227345304,0.06994850930549498,0.01079294594322251
211.0,8.44,1.0,27.40105822819583,-15.219346266683624,27.40105822819583,-15.219346266683624,2.067257242021457,0.08370434849503522,0.011834953685775456
212.0,8.48,1.0,27.348680983578753,-15.316431073634835,27.348680983578753,-15.316431073634835,2.07105865507319,0.09598953955769973,0.01237467747693936
213.0,8.52,1.0,27.293390010970665,-15.411984254421034,27.293390010970665,-15.411984254421034,2.0749378563087117,0.10652381234274841,0.012341866956814435
214.0,8.56,1.0,27.24058918406674,-15.509100253213763,27.24058918406674,-15.509100253213763,2.0788638703411957,0.11506118152436429,0.011691315197713454
215.0,8.6,1.0,27.188267526251384,-15.603174873888387,27.188267526251384,-15.603174873888387,2.082807619976734,0.12139802878161272,0.010406673408386144
216.0,8.64,1.0,27.137889131039323,-15.697179303312648,27.137889131039323,-15.697179303312648,2.0867395730815224,0.12537457119534343,0.008501682059845379
217.0,8.68,1.0,27.08870201621276,-15.790659824574627,27.08870201621276,-15.790659824574627,2.090636097498721,0.12687975086434858,0.006020428455586207
218.0,8.72,1.0,27.0388727882078,-15.881906355455447,27.0388727882078,-15.881906355455447,2.0944749036703216,0.12587009303812985,0.003035320661955423
219.0,8.76,1.0,26.991048506246266,-15.97288786603759,26.991048506246266,-15.97288786603759,2.0982419211673635,0.12236468951460452,-0.0003549878266262997
220.0,8.8,1.0,26.942159884483612,-16.06204490569736,26.942159884483612,-16.06204490569736,2.101928584399689,0.11644836589149468,-0.004029515566159314
221.0,8.84,1.0,26.89465527534499,-16.148580196051277,26.89465527534499,-16.148580196051277,2.1055335499954566,0.10827223177378556,-0.007851382945525147
222.0,8.88,1.0,26.84721104938914,-16.23319735947087,26.84721104938914,-16.23319735947087,2.109063595643476,0.0980564233655559,-0.011673631651800562
223.0,8.92,1.0,26.80006673249803,-16.315347137256673,26.80006673249803,-16.315347137256673,2.1125298533531445,0.08607431486419752,-0.015345342508577008
224.0,8.96,1.0,26.752841153276876,-16.3981135982091,26.752841153276876,-16.3981135982091,2.1159515409308183,0.07265748766309679,-0.01871850288737924
225.0,9.0,1.0,26.704751068921166,-16.47945306884116,26.704751068921166,-16.47945306884116,2.1193500960418867,0.05817399061804446,-0.021654086397456626
226.0,9.040000000000001,1.0,26.657401127058836,-16.560400160756497,26.657401127058836,-16.560400160756497,2.122748371637002,0.04302209295674973,-0.02402850742895252
227.0,9.08,1.0,26.60816482209638,-16.64076295935939,26.60816482209638,-16.64076295935939,2.1261679459440126,0.02761508743509552,-0.025738394288854143
228.0,9.120000000000001,1.0,26.56010444439268,-16.7200633442852,26.56010444439268,-16.7200633442852,2.129626802558757,0.012376823258587966,-0.02670593360858673
229.0,9.16,1.0,26.508791384158524,-16.800376797694618,26.508791384158524,-16.800376797694618,2.1331420762539155,-0.00228964402056524,-0.02687991218583054
230.0,9.200000000000001,1.0,26.45868244598119,-16.878973071021708,26.45868244598119,-16.878973071021708,2.1367240368517764,-0.0160125982484803,-0.026238217114169744
231.0,9.24,1.0,26.40576392315402,-16.961637213139216,26.40576392315402,-16.961637213139216,2.140380320751272,-0.028454019476803472,-0.024787088538539892
232.0,9.28,1.0,26.35383661971462,-17.041137271712493,26.35383661971462,-17.041137271712493,2.144111008217677,-0.03932140541560629,-0.022560663226563797
233.0,9.32,1.0,26.297582980573885,-17.12540398423652,26.297582980573885,-17.12540398423652,2.147909557933091,-0.04838201082655189,-0.019618600697168014
234.0,9.36,1.0,26.24066828037352,-17.208959707343976,26.24066828037352,-17.208959707343976,2.1517633010748467,-0.05546821792354335,-0.016043140947346907
235.0,9.4,1.0,26.18356260514787,-17.29268927348275,26.18356260514787,-17.29268927348275,2.1556513883485175,-0.06048874622862954,-0.011934672758121618
236.0,9.44,1.0,26.12583753930802,-17.374242378256575,26.12583753930802,-17.374242378256575,2.159549348721887,-0.06342274306325353,-0.007406881719777153
237.0,9.48,1.0,26.066513303295885,-17.4560437797098,26.066513303295885,-17.4560437797098,2.1634285835559863,-0.06431577390497539,-0.002581853989918637
238.0,9.52,1.0,26.009315889535532,-17.537837220570005,26.009315889535532,-17.537837220570005,2.167261503561614,-0.06327097833683816,0.002414826244643686
239.0,9.56,1.0,25.94993557649891,-17.620997092847283,25.94993557649891,-17.620997092847283,2.1710207007514137,-0.06045424489780056,0.00745989546766368
240.0,9.6,1.0,25.89073259339238,-17.7049221534456,25.89073259339238,-17.7049221534456,2.17468003562137,-0.05607349436686444,0.012434853816693745
241.0,9.64,1.0,25.829087402316468,-17.790208729054346,25.829087402316468,-17.790208729054346,2.178216247401314,-0.050370664104217845,0.017230514133530044
242.0,9.68,1.0,25.76751364902351,-17.876189271012578,25.76751364902351,-17.876189271012578,2.181606315814024,-0.043618913981366504,0.021748771725583708
243.0,9.72,1.0,25.706040065288374,-17.963226703052428,25.706040065288374,-17.963226703052428,2.1848318734340713,-0.036113769721788244,0.025906248898564143
244.0,9.76,1.0,25.643584432258326,-18.050323978674776,25.643584432258326,-18.050323978674776,2.187878453621165,-0.028154867003982696,0.029634311637954887
245.0,9.8,1.0,25.58100353000095,-18.137418478132574,25.58100353000095,-18.137418478132574,2.190738150168373,-0.02002564483143423,0.032879861004083445
246.0,9.84,1.0,25.517707330631925,-18.22437394105348,25.517707330631925,-18.22437394105348,2.1934101997984743,-0.01198977480084984,0.035603716846822224
247.0,9.88,1.0,25.45471965425218,-18.30985377639723,25.45471965425218,-18.30985377639723,2.1959006401456507,-0.004280170597548527,0.03778029200047063
248.0,9.92,1.0,25.39150907654974,-18.395232601660148,25.39150907654974,-18.395232601660148,2.198222410886797,0.0028951378071622067,0.03939628228127752
249.0,9.96,1.0,25.329541122256927,-18.47863198345595,25.329541122256927,-18.47863198345595,2.2003909107318638,0.009367566866361999,0.04044895207031452
250.0,10.0,1.0,25.26709197413055,-18.564109332038093,25.26709197413055,-18.564109332038093,2.2024247534972776,0.015013734659406596,0.04094337278822856
251.0,10.040000000000001,1.0,25.20514350588259,-18.64540386454373,25.20514350588259,-18.64540386454373,2.2043421733584205,0.019757395187809158,0.04089091520203443
252.0,10.08,1.0,25.140939087352535,-18.72780027338598,25.140939087352535,-18.72780027338598,2.206163387846617,0.02356126865238183,0.040306909886473855
253.0,10.120000000000001,1.0,25.079631479929002,-18.80471307896144,25.079631479929002,-18.80471307896144,2.207910732550545,0.02642430677668366,0.03920943307680717
254.0,10.16,1.0,25.019143088619835,-18.882149717947012,25.019143088619835,-18.882149717947012,2.2096080175130806,0.02838114823774752,0.03761707079271664
255.0,10.200000000000001,1.0,24.959511981722542,-18.958211018058055,24.959511981722542,-18.958211018058055,2.2112801359671055,0.02949284335561204,0.03554980820026428
256.0,10.24,1.0,24.899556602824706,-19.04169373904359,24.899556602824706,-19.04169373904359,2.2129523515628695,0.029834790617923556,0.033028115178000035
257.0,10.28,1.0,24.839023966865046,-19.124204985947653,24.839023966865046,-19.124204985947653,2.2146475257372336,0.029499091163441314,0.030074312410325894
258.0,10.32,1.0,24.77749286511068,-19.209954131638398,24.77749286511068,-19.209954131638398,2.2163853261468875,0.028581964469747145,0.026711608600919073
259.0,10.36,1.0,24.71615211337251,-19.292951618467622,24.71615211337251,-19.292951618467622,2.2181803280303325,0.02719023238183389,0.022964932327953637
260.0,10.4,1.0,24.655053468739535,-19.375453304011693,24.655053468739535,-19.375453304011693,2.220044923588465,0.025423183800990935,0.018861629044334166
261.0,10.44,1.0,24.594229415158125,-19.456397051668148,24.594229415158125,-19.456397051668148,2.221988711104588,0.02337564629471366,0.014433077266883393
262.0,10.48,1.0,24.53435595618381,-19.536027809691994,24.53435595618381,-19.536027809691994,2.2240226315340856,0.021125701226094095,0.00971569897669482
263.0,10.52,1.0,24.474058016680655,-19.615009670500054,24.474058016680655,-19.615009670500054,2.2261565345493315,0.018745294535715884,0.004751828560174621
264.0,10.56,1.0,24.413145807859127,-19.696757483145902,24.413145807859127,-19.696757483145902,2.22840129558264,0.01629913318201014,-0.00040977143631393926
265.0,10.6,1.0,24.35256698503785,-19.777301664940968,24.35256698503785,-19.777301664940968,2.230766649537464,0.013837868330920244,-0.00571322030513797
266.0,10.64,1.0,24.292334335189324,-19.85757214990476,24.292334335189324,-19.85757214990476,2.2332618619449405,0.011398044972426736,-0.011096129977686426
267.0,10.68,1.0,24.231527628082034,-19.93975558962534,24.231527628082034,-19.93975558962534,2.2358918825670604,0.009003678073494881,-0.01648954083633008
268.0,10.72,1.0,24.170743770688528,-20.01947655448045,24.170743770688528,-20.01947655448045,2.2386612526034613,0.006669709393149514,-0.0218190037990312
269.0,10.76,1.0,24.1099302696209,-20.099795483251047,24.1099302696209,-20.099795483251047,2.241572610296133,0.004407039186267825,-0.027005217768693114
270.0,10.8,1.0,24.048583387228216,-20.178484284304496,24.048583387228216,-20.178484284304496,2.244630127221272,0.002223159171763145,-0.03196592089500807
271.0,10.84,1.0,23.987540637335396,-20.259865627708972,23.987540637335396,-20.259865627708972,2.247838308095663,0.00011849633965729244,-0.03661747114108179
272.0,10.88,1.0,23.92678146963219,-20.340702609051583,23.92678146963219,-20.340702609051583,2.251202593612708,-0.0019164420533219206,-0.04087701685814908
273.0,10.92,1.0,23.86531903607723,-20.423067612949627,23.86531903607723,-20.423067612949627,2.254726725484627,-0.0038876623723817726,-0.04466439001020726
274.0,10.96,1.0,23.803869883583452,-20.50421697080487,23.803869883583452,-20.50421697080487,2.2584124077980254,-0.005800943146878535,-0.04790387399231464
275.0,11.0,1.0,23.741494992650633,-20.58697773723405,23.741494992650633,-20.58697773723405,2.262256166184148,-0.0076623850040581035,-0.05052612577464689
276.0,11.040000000000001,1.0,23.678299320401976,-20.66459167664694,23.678299320401976,-20.66459167664694,2.2662502736569996,-0.00947326388555153,-0.052469887241895975
277.0,11.08,1.0,23.617831469484102,-20.73931645999478,23.617831469484102,-20.73931645999478,2.2703825274074014,-0.011231628262403204,-0.05368448676359859
278.0,11.120000000000001,1.0,23.555220864055094,-20.81303927466874,23.555220864055094,-20.81303927466874,2.27464006870371,-0.012933370946925104,-0.05413107206658537
279.0,11.16,1.0,23.490986579262835,-20.888948915656965,23.490986579262835,-20.888948915656965,2.279008192275378,-0.014579944438442127,-0.05378405425286901
280.0,11.200000000000001,1.0,23.425659733010665,-20.9657290583139,23.425659733010665,-20.9657290583139,2.283473201291648,-0.01617361537679316,-0.05263137051545563
281.0,11.24,1.0,23.360287743664554,-21.042240220574676,23.360287743664554,-21.042240220574676,2.288019607537664,-0.0177310438945402,-0.050674936780168864
282.0,11.28,1.0,23.29225829857345,-21.119873868428996,23.29225829857345,-21.119873868428996,2.2926301203185497,-0.01925795757389511,-0.04793095645998905
283.0,11.32,1.0,23.222662376196787,-21.198444993560642,23.222662376196787,-21.198444993560642,2.297284508865129,-0.020758944348668505,-0.044430119842301566
284.0,11.36,1.0,23.154633802629945,-21.273378149023124,23.154633802629945,-21.273378149023124,2.3019599220847415,-0.022243064207205055,-0.04021687246732866
285.0,11.4,1.0,23.084885765382555,-21.349473059789045,23.084885765382555,-21.349473059789045,2.3066318163410475,-0.023733935527742323,-0.03534921233475588
286.0,11.44,1.0,23.014959728225868,-21.42424035898082,23.014959728225868,-21.42424035898082,2.3112762209093156,-0.025253988750747747,-0.029897617446620933
287.0,11.48,1.0,22.945649058127756,-21.49965313921171,22.945649058127756,-21.49965313921171,2.315872315644866,-0.026823423566277593,-0.023944700181186624
288.0,11.52,1.0,22.875385101806604,-21.574985431793486,22.875385101806604,-21.574985431793486,2.3204021907814454,-0.028455536104428924,-0.01758282258692674
289.0,11.56,1.0,22.804042104435155,-21.65174996092552,22.804042104435155,-21.65174996092552,2.324851348717501,-0.030154854172197553,-0.010913575967714206
290.0,11.6,1.0,22.733057673187822,-21.72666584882699,22.733057673187822,-21.72666584882699,2.329207493631755,-0.0319197674928518,-0.004045888997187625
291.0,11.64,1.0,22.662587240453092,-21.797940434349336,22.662587240453092,-21.797940434349336,2.333458248907791,-0.03374653334495546,0.002904560870180181
292.0,11.68,1.0,22.592932487494622,-21.867253643164396,22.592932487494622,-21.867253643164396,2.3375923815622595,-0.03560843345568937,0.009818004214015564
293.0,11.72,1.0,22.521975878108215,-21.934630505117447,22.521975878108215,-21.934630505117447,2.3415999893658066,-0.03748050433072954,0.01657206385888068
294.0,11.76,1.0,22.4475002743846,-22.004360919805343,22.4475002743846,-22.004360919805343,2.3454751329538435,-0.039327722324232296,0.023044262956567675
295.0,11.8,1.0,22.372475022209592,-22.074342884008523,22.372475022209592,-22.074342884008523,2.3492166273892563,-0.041105797331020766,0.02911270465443282
296.0,11.84,1.0,22.297893546016642,-22.143361372339633,22.297893546016642,-22.143361372339633,2.352829435664513,-0.04274163356129222,0.03465861527157925
297.0,11.88,1.0,22.219805661193696,-22.216620292562414,22.219805661193696,-22.216620292562414,2.3563240665924923,-0.04416078138752124,0.0395681861962899
298.0,11.92,1.0,22.14301286604204,-22.28882582455757,22.14301286604204,-22.28882582455757,2.3597133797400023,-0.04528233496094856,0.04373544334620635
299.0,11.96,1.0,22.06758488247235,-22.36008051398405,22.06758488247235,-22.36008051398405,2.3630129666595394,-0.04602794020124869,0.04706373813051541
300.0,12.0,1.0,21.992460491515274,-22.430394946064734,21.992460491515274,-22.430394946064734,2.36623745705216,-0.04631558634479717,0.04946880855124842
301.0,12.040000000000001,1.0,21.915773590280985,-22.504057833808908,21.915773590280985,-22.504057833808908,2.369402261543038,-0.04605472840106879,0.050880281512193405
302.0,12.08,1.0,21.841357981168763,-22.57537759342742,21.841357981168763,-22.57537759342742,2.3725239981557853,-0.04515095609269345,0.05124463863010135
303.0,12.120000000000001,1.0,21.766325867789643,-22.648591581377403,21.766325867789643,-22.648591581377403,2.3756213997337228,-0.043526824237130744,0.05052549984491332
304.0,12.16,1.0,21.69104037951078,-22.720331631119173,21.69104037951078,-22.720331631119173,2.3787148061882255,-0.04111802749821809,0.04870612531552568
305.0,12.200000000000001,1.0,21.615495223346166,-22.79358746284952,21.615495223346166,-22.79358746284952,2.3818252785869145,-0.037867874692884704,0.045790066480476385
306.0,12.24,1.0,21.539956282827756,-22.865983070965676,21.539956282827756,-22.865983070965676,2.384973593683662,-0.03373692158189939,0.04180384449527042
307.0,12.280000000000001,1.0,21.462841869357298,-22.939001339343207,21.462841869357298,-22.939001339343207,2.3881782890186924,-0.028718541007709087,0.036796697865408665
308.0,12.32,1.0,21.384385903803405,-23.01314671246003,21.384385903803405,-23.01314671246003,2.391454898208858,-0.02282367722930644,0.03084083428979693
309.0,12.36,1.0,21.307272747677526,-23.085077046788296,21.307272747677526,-23.085077046788296,2.3948162419292607,-0.01608995462245052,0.02403054055672077
310.0,12.4,1.0,21.227887323029847,-23.15807908182807,21.227887323029847,-23.15807908182807,2.3982722156692526,-0.008570586967087868,0.016481418154097177
311.0,12.44,1.0,21.1490723723575,-23.231199989789385,21.1490723723575,-23.231199989789385,2.401833517115199,-0.00034870557244570666,0.008328012552012792
312.0,12.48,1.0,21.06891740959157,-23.30542096364791,21.06891740959157,-23.30542096364791,2.4055099995623435,0.00846264277025548,-0.0002779303814741438
313.0,12.52,1.0,20.991002576072553,-23.381175717492123,20.991002576072553,-23.381175717492123,2.4093123391870837,0.017722709383793334,-0.00917067558084358
314.0,12.56,1.0,20.91525937557075,-23.45458350299479,20.91525937557075,-23.45458350299479,2.413249377060306,0.027278740597292107,-0.018173080672345826
315.0,12.6,1.0,20.838619269033913,-23.531635684375722,20.838619269033913,-23.531635684375722,2.4173313656201763,0.03696754613352006,-0.027101095483185282
316.0,12.64,1.0,20.76136375236961,-23.607631963609244,20.76136375236961,-23.607631963609244,2.4215656346003356,0.04660170572825665,-0.03576724933654388
317.0,12.68,1.0,20.68491768652162,-23.68365038888861,20.68491768652162,-23.68365038888861,2.425958334141731,0.05598344760764138,-0.04398583236284124
318.0,12.72,1.0,20.607205394028174,-23.759085120235035,20.607205394028174,-23.759085120235035,2.4305132578434603,0.06491490480780651,-0.05157597424758058
319.0,12.76,1.0,20.5294890399492,-23.83375269661712,20.5294890399492,-23.83375269661712,2.4352332211138092,0.07320202366951785,-0.058366452385276914
320.0,12.8,1.0,20.449974533706037,-23.906936765427176,20.449974533706037,-23.906936765427176,2.440120103629672,0.0806526477400596,-0.06419963551616831
321.0,12.84,1.0,20.370429025543327,-23.978242285676103,20.370429025543327,-23.978242285676103,2.445174763303966,0.0870772764634858,-0.06893559332288099
322.0,12.88,1.0,20.289731672649147,-24.04827125265292,20.289731672649147,-24.04827125265292,2.450394625571226,0.0922973772051554,-0.07245486328442012
323.0,12.92,1.0,20.209061535530545,-24.115539536330857,20.209061535530545,-24.115539536330857,2.455774175812382,0.09615919409338197,-0.07466155937518443
324.0,12.96,1.0,20.128626314512932,-24.182253167146104,20.128626314512932,-24.182253167146104,2.4613031997675074,0.09854009200553894,-0.07548584980443981
325.0,13.0,1.0,20.04898346016042,-24.246079573925137,20.04898346016042,-24.246079573925137,2.4669678374950124,0.0993425479656011,-0.07488470248532296
326.0,13.040000000000001,1.0,19.969352763456094,-24.31048006809238,19.969352763456094,-24.31048006809238,2.4727452818663584,0.09850567646337033,-0.0728426832184215
327.0,13.08,1.0,19.891528974895103,-24.371196464306916,19.891528974895103,-24.371196464306916,2.478609517897698,0.09601102212579085,-0.06937249940035596
328.0,13.120000000000001,1.0,19.814055197277078,-24.43029676906836,19.814055197277078,-24.43029676906836,2.484528541912739,0.09188138432982579,-0.06451516786199034
329.0,13.16,1.0,19.735835431359256,-24.488925660524462,19.735835431359256,-24.488925660524462,2.490468133119078,0.0861729765471538,-0.05833989037979873
330.0,13.200000000000001,1.0,19.658831068875244,-24.547686446508003,19.658831068875244,-24.547686446508003,2.4963910445214736,0.07897550259742626,-0.050941781295802346
331.0,13.24,1.0,19.580711249952735,-24.605705040062084,19.580711249952735,-24.605705040062084,2.502259232791743,0.07042340182629835,-0.04243956727745528
332.0,13.280000000000001,1.0,19.50277619900792,-24.66410251977887,19.50277619900792,-24.66410251977887,2.5080343999010655,0.060692407203781204,-0.03297325821045498
333.0,13.32,1.0,19.422552109272495,-24.72081616903855,19.422552109272495,-24.72081616903855,2.513679529204564,0.04999722165170173,-0.02270188042929871
334.0,13.36,1.0,19.343503839845262,-24.778315803806446,19.343503839845262,-24.778315803806446,2.5191606552325565,0.038574588485552355,-0.01179959721423714
335.0,13.4,1.0,19.263037517828206,-24.830623402664504,19.263037517828206,-24.830623402664504,2.5244452540150566,0.026679738207003412,-0.00045180622729002753
336.0,13.44,1.0,19.182697366725456,-24.882631741386383,19.182697366725456,-24.882631741386383,2.529504980152274,0.014587419772166998,0.01114673738059702
337.0,13.48,1.0,19.09989379789885,-24.933203170699482,19.09989379789885,-24.933203170699482,2.5343174826113217,0.0025849349942092758,0.02279560026570116
338.0,13.52,1.0,19.017538270063845,-24.9840357927576,19.017538270063845,-24.9840357927576,2.538864788081957,-0.009034290245403098,0.034292219132390514
339.0,13.56,1.0,18.934484572281256,-25.032885099800275,18.934484572281256,-25.032885099800275,2.5431349752766987,-0.019978481936103753,0.04543655346721809
340.0,13.6,1.0,18.851799122599996,-25.082370465171877,18.851799122599996,-25.082370465171877,2.547120861083729,-0.029959511887096103,0.05603392388062841
341.0,13.64,1.0,18.77070547399199,-25.128907741213332,18.77070547399199,-25.128907741213332,2.5508200414212547,-0.03870902937481481,0.06589801793088298
342.0,13.68,1.0,18.68946795589,-25.176171795063944,18.68946795589,-25.176171795063944,2.554233317899164,-0.04598915081774455,0.07485351878332626
343.0,13.72,1.0,18.609446436121935,-25.22450811153157,18.609446436121935,-25.22450811153157,2.5573645005782693,-0.05160253836425819,0.08274062895922472
344.0,13.76,1.0,18.526466144124377,-25.273876320658168,18.526466144124377,-25.273876320658168,2.560219699404835,-0.05539024879433243,0.08941842921359669
345.0,13.8,1.0,18.440723414775967,-25.32554956293744,18.440723414775967,-25.32554956293744,2.5628046673158953,-0.05723631044883946,0.09476603998682129
346.0,13.84,1.0,18.35482378472536,-25.377607612499595,18.35482378472536,-25.377607612499595,2.56512975463516,-0.05707582797365222,0.09868433072547224
347.0,13.88,1.0,18.266079111491457,-25.43168614809793,18.266079111491457,-25.43168614809793,2.567205879771366,-0.05490067497071216,0.10109948691048662
348.0,13.92,1.0,18.178473156724245,-25.485457134465765,18.178473156724245,-25.485457134465765,2.5690477331814967,-0.05076442821958995,0.10196461305182751
349.0,13.96,1.0,18.08995785267381,-25.540332220041652,18.08995785267381,-25.540332220041652,2.5706723808505094,-0.044776715996380646,0.10126048678471485
350.0,14.0,1.0,18.001348302646672,-25.594328563665858,18.001348302646672,-25.594328563665858,2.5720999770393087,-0.037098488753858974,0.09899552246550664
351.0,14.040000000000001,1.0,17.911702824610412,-25.650199608553816,17.911702824610412,-25.650199608553816,2.573351584657988,-0.027939205760774976,0.0952074519523262
352.0,14.08,1.0,17.82321663046945,-25.70614223526697,17.82321663046945,-25.70614223526697,2.574450312431673,-0.017547721791336502,0.08996292558953609
353.0,14.120000000000001,1.0,17.734354960017278,-25.763511365515853,17.734354960017278,-25.763511365515853,2.575420936350654,-0.006204142713540872,0.08335712130243107
354.0,14.16,1.0,17.64659600694153,-25.818582302764987,17.64659600694153,-25.818582302764987,2.5762885525300976,0.00578835021373465,0.07551015341071825
355.0,14.200000000000001,1.0,17.558570968862192,-25.875969358606216,17.558570968862192,-25.875969358606216,2.5770794786895914,0.018106328264044746,0.0665648616445456
356.0,14.24,1.0,17.471638884143058,-25.93329308997705,17.471638884143058,-25.93329308997705,2.577822584433026,0.030420654713675575,0.05668557589163169
357.0,14.280000000000001,1.0,17.384741407298325,-25.990966887584886,17.384741407298325,-25.990966887584886,2.5785461752601933,0.04240893452775343,0.046055249804652615
358.0,14.32,1.0,17.297741764027002,-26.048047561313723,17.297741764027002,-26.048047561313723,2.5792801575338986,0.053765937271783436,0.0348700097945339
359.0,14.36,1.0,17.210538925098554,-26.107223076206118,17.210538925098554,-26.107223076206118,2.5800530243760824,0.06421232884841546,0.02333517723082181
360.0,14.4,1.0,17.124113774429613,-26.16587670222618,17.124113774429613,-26.16587670222618,2.580892411593083,0.07350174789423307,0.011662368340740343
361.0,14.44,1.0,17.037021990337813,-26.22544374751442,17.037021990337813,-26.22544374751442,2.581824202146882,0.08143110745500756,6.523969278965925e-05
362.0,14.48,1.0,16.950936217933936,-26.285114327178086,16.950936217933936,-26.285114327178086,2.582874091076334,0.08784786426689115,-0.011246306192825028
363.0,14.52,1.0,16.865133345677563,-26.34325415843632,16.865133345677563,-26.34325415843632,2.5840647972094457,0.09265981710395856,-0.022070641543464442
364.0,14.56,1.0,16.782207887603093,-26.39980228394747,16.782207887603093,-26.39980228394747,2.5854159196299378,0.0958274464422283,-0.03221916624230249
365.0,14.6,1.0,16.702966917655065,-26.454285317297625,16.702966917655065,-26.454285317297625,2.586946049454414,0.09736540903607466,-0.04151914927306031
366.0,14.64,1.0,16.623562828036675,-26.50734193770321,16.623562828036675,-26.50734193770321,2.588670068718007,0.09734162630520633,-0.04981773003542631
367.0,14.68,1.0,16.54686588564879,-26.55878715161929,16.54686588564879,-26.55878715161929,2.59059972824975,0.09587196860020897,-0.056985901160518306
368.0,14.72,1.0,16.468946545791646,-26.612000788997797,16.468946545791646,-26.612000788997797,2.5927433697639413,0.09311531090842942,-0.06292094878847092
369.0,14.76,1.0,16.391184585610304,-26.663332891623487,16.391184585610304,-26.663332891623487,2.5951067990665937,0.08926663926304909,-0.0675463191334387
370.0,14.8,1.0,16.311956771317757,-26.714691814964585,16.311956771317757,-26.714691814964585,2.597691795447179,0.08454344838242396,-0.0708130822672355
371.0,14.84,1.0,16.233344763564837,-26.76416463507848,16.233344763564837,-26.76416463507848,2.6004965074133515,0.0791756947330666,-0.07270201332355479
372.0,14.88,1.0,16.152149903268715,-26.813663590205785,16.152149903268715,-26.813663590205785,2.6035138890711735,0.07338948274488706,-0.07322280579323255
373.0,14.92,1.0,16.072533752219215,-26.861071978742178,16.072533752219215,-26.861071978742178,2.606731875807116,0.0674012772148415,-0.07241202022206894
374.0,14.96,1.0,15.989753708266836,-26.909961748212755,15.989753708266836,-26.909961748212755,2.6101358495598843,0.061405233846158515,-0.07033129291159106
375.0,15.0,1.0,15.908912326705163,-26.956553025927303,15.908912326705163,-26.956553025927303,2.613709397739428,0.05558070528249518,-0.06706469518649971
376.0,15.040000000000001,1.0,15.825413160120794,-27.00452690420439,15.825413160120794,-27.00452690420439,2.6174329101627993,0.05008612228660307,-0.06271616796061881
377.0,15.08,1.0,15.743976379766057,-27.051232498259402,15.743976379766057,-27.051232498259402,2.621286141690508,0.0450496609377639,-0.0574060091061281
378.0,15.120000000000001,1.0,15.661885423732974,-27.09783449285549,15.661885423732974,-27.09783449285549,2.6252466518015702,0.040562701851005925,-0.05126722825812565
379.0,15.16,1.0,15.581457386198071,-27.14197244386695,15.581457386198071,-27.14197244386695,2.629289068567295,0.03667505155538482,-0.04444161355781544
380.0,15.200000000000001,1.0,15.500385185895777,-27.185927068543158,15.500385185895777,-27.185927068543158,2.633382213755455,0.03340250204422777,-0.03707744691728745
381.0,15.24,1.0,15.418728261001508,-27.23029147816256,15.418728261001508,-27.23029147816256,2.6374928804174074,0.030736089541804956,-0.02932516842778247
382.0,15.280000000000001,1.0,15.335500316395638,-27.273786685127288,15.335500316395638,-27.273786685127288,2.641585742934562,0.02864794708560503,-0.021333001596885642
383.0,15.32,1.0,15.251231220135088,-27.317030081863322,15.251231220135088,-27.317030081863322,2.645627494667068,0.027090268847299336,-0.01324474364550834
384.0,15.36,1.0,15.167246519525396,-27.35994115101143,15.167246519525396,-27.35994115101143,2.6495867031735836,0.02599914498336329,-0.005197816660837063
385.0,15.4,1.0,15.081411067806133,-27.402518867478165,15.081411067806133,-27.402518867478165,2.653434061782356,0.02530679616844942,0.0026795189799590927
386.0,15.44,1.0,14.997369494887547,-27.4438077530884,14.997369494887547,-27.4438077530884,2.657142778167009,0.02493877371362633,0.010269962690193363
387.0,15.48,1.0,14.90895672740157,-27.486828421888976,14.90895672740157,-27.486828421888976,2.6606887431282034,0.02482431339926604,0.017468448452658127
388.0,15.52,1.0,14.82355041383839,-27.528528175235106,14.82355041383839,-27.528528175235106,2.6640499117612473,0.024905660351590676,0.024183114723726272
389.0,15.56,1.0,14.738358582655007,-27.569811528317224,14.738358582655007,-27.569811528317224,2.6672061359434087,0.025145983607032085,0.030335762645949026
390.0,15.6,1.0,14.656422355015968,-27.61034833735938,14.656422355015968,-27.61034833735938,2.6701435534893596,0.025536476506390772,0.03586028693081701
391.0,15.64,1.0,14.574759536390127,-27.64979233894919,14.574759536390127,-27.64979233894919,2.672857021264458,0.02608405294228049,0.04070276703495597
392.0,15.68,1.0,14.494948794469568,-27.688601596258046,14.494948794469568,-27.688601596258046,2.675349289980951,0.026808210336498873,0.04482010770669529
393.0,15.72,1.0,14.413406409083333,-27.72825786314498,14.413406409083333,-27.72825786314498,2.6776316207712907,0.027735511774550914,0.04817955714049142
394.0,15.76,1.0,14.332020947110843,-27.767443005581278,14.332020947110843,-27.767443005581278,2.6797201510231665,0.028918684674452445,0.050758144973081384
395.0,15.8,1.0,14.247088469594948,-27.809122378270292,14.247088469594948,-27.809122378270292,2.681635612886372,0.030420931507179682,0.052542224609531216
396.0,15.84,1.0,14.163241228440517,-27.85027218758865,14.163241228440517,-27.85027218758865,2.6834007137374085,0.032303203962001224,0.05352539410837426
397.0,15.88,1.0,14.078742108265311,-27.890789620587082,14.078742108265311,-27.890789620587082,2.6850392609719407,0.03461757510496185,0.0537079888482506
398.0,15.92,1.0,13.995253268892242,-27.929517086063413,13.995253268892242,-27.929517086063413,2.686575826161669,0.037406328488290154,0.05309693381442308
399.0,15.96,1.0,13.90889293392909,-27.96645956531799,13.90889293392909,-27.96645956531799,2.688035983977087,0.040699241877167794,0.05170507300824736
400.0,16.0,1.0,13.824465372507271,-28.004112134633907,13.824465372507271,-28.004112134633907,2.6894490912065168,0.04450684729047152,0.04955132963592737
401.0,16.04,1.0,13.73989356287943,-28.04304036089845,13.73989356287943,-28.04304036089845,2.6908434071060165,0.04881503216143011,0.04666301801846874
402.0,16.080000000000002,1.0,13.656898344422146,-28.083618796393033,13.656898344422146,-28.083618796393033,2.6922456445374925,0.0535869662529001,0.043076329407246
403.0,16.12,1.0,13.574565087382146,-28.123174364731398,13.574565087382146,-28.123174364731398,2.6936779943034854,0.05877172783673897,0.038836867895068475
404.0,16.16,1.0,13.491326332159153,-28.164915103770085,13.491326332159153,-28.164915103770085,2.695156738996702,0.06430878602556804,0.03399923831961096
405.0,16.2,1.0,13.41083012322654,-28.203825606527754,13.41083012322654,-28.203825606527754,2.696691974093356,0.07010142318472143,0.028628610328629466
406.0,16.240000000000002,1.0,13.328173992837037,-28.245492749428035,13.328173992837037,-28.245492749428035,2.6982880447363153,0.07603459697019974,0.022801007633078855
407.0,16.28,1.0,13.249264417555363,-28.285252822918345,13.249264417555363,-28.285252822918345,2.6999458747597287,0.0819856864166249,0.01660465848176724
408.0,16.32,1.0,13.16828158460362,-28.325094227920193,13.16828158460362,-28.325094227920193,2.701663647099095,0.08783321475875774,0.010138554261895307
409.0,16.36,1.0,13.083697979542837,-28.36818131515406,13.083697979542837,-28.36818131515406,2.7034395536378026,0.09344734223629637,0.003511465003723191
410.0,16.4,1.0,12.998797481448596,-28.41006911653522,12.998797481448596,-28.41006911653522,2.705272127813358,0.09869093199576527,-0.0031585558787889136
411.0,16.44,1.0,12.914864446132094,-28.452623764418195,12.914864446132094,-28.452623764418195,2.707157868751846,0.10343292750889214,-0.009745698862682606
412.0,16.48,1.0,12.832000473572396,-28.494025621043043,12.832000473572396,-28.494025621043043,2.709092697323261,0.10755770663757258,-0.0161202504873572
413.0,16.52,1.0,12.750527330939674,-28.534637837548367,12.750527330939674,-28.534637837548367,2.7110700793463067,0.11097233422241586,-0.022151557629807007
414.0,16.56,1.0,12.67070259330907,-28.57307063831022,12.67070259330907,-28.57307063831022,2.7130840082941097,0.1135912051403924,-0.027710733760595414
415.0,16.6,1.0,12.594548684658898,-28.608744469292883,12.594548684658898,-28.608744469292883,2.715129696707529,0.11533620274372798,-0.03267401275445368
416.0,16.64,1.0,12.52020880184323,-28.64240338244153,12.52020880184323,-28.64240338244153,2.7172075381979277,0.11616069645768176,-0.03692820693241464
417.0,16.68,1.0,12.44577398540028,-28.67663807872708,12.44577398540028,-28.67663807872708,2.7193225381942074,0.11605068665134248,-0.04037495197974318
418.0,16.72,1.0,12.372275673314245,-28.711742639250737,12.372275673314245,-28.711742639250737,2.721484338232355,0.1150062919888448,-0.04293477033038089
419.0,16.76,1.0,12.297602895017192,-28.749929994853954,12.297602895017192,-28.749929994853954,2.72370703701084,0.11303812416478816,-0.04454891928726428
420.0,16.8,1.0,12.223352917122943,-28.787209414878305,12.223352917122943,-28.787209414878305,2.726004465112349,0.11017371299788248,-0.045182696718318933
421.0,16.84,1.0,12.149489859643932,-28.821444044706688,12.149489859643932,-28.821444044706688,2.7283877503481717,0.10645932835297929,-0.04482868554676146
422.0,16.88,1.0,12.075045662096905,-28.85467786949979,12.075045662096905,-28.85467786949979,2.7308655695256996,0.10194772219005203,-0.043508875042361964
423.0,16.92,1.0,11.998711078791754,-28.8873950947222,11.998711078791754,-28.8873950947222,2.733444387736388,0.09669199146176696,-0.04127360692714078
424.0,16.96,1.0,11.922946466525506,-28.918712808643487,11.922946466525506,-28.918712808643487,2.736131987785756,0.09073782432629533,-0.0382010060629213
425.0,17.0,1.0,11.845315514674567,-28.950411616666678,11.845315514674567,-28.950411616666678,2.738936600180012,0.08414897818778472,-0.03439600231888966
426.0,17.04,1.0,11.767920675360507,-28.98151373115138,11.767920675360507,-28.98151373115138,2.7418680286082537,0.07699421448913421,-0.02998732540606603
427.0,17.080000000000002,1.0,11.690691684210567,-29.011551453197633,11.690691684210567,-29.011551453197633,2.744933388343373,0.0693371169936636,-0.025122831735657443
428.0,17.12,1.0,11.61423572886198,-29.041885114220314,11.61423572886198,-29.041885114220314,2.7481367056222266,0.06122019383473879,-0.01996434156601138
429.0,17.16,1.0,11.543348254073031,-29.067908960966527,11.543348254073031,-29.067908960966527,2.7514766862578557,0.05269411152402622,-0.014682404451054102
430.0,17.2,1.0,11.471627986514514,-29.09479650292186,11.471627986514514,-29.09479650292186,2.7549445597182265,0.04381699003991514,-0.009450907148548363
431.0,17.240000000000002,1.0,11.400225841465218,-29.12120414333548,11.400225841465218,-29.12120414333548,2.7585277967391035,0.0346487616566297,-0.004440212150501183
432.0,17.28,1.0,11.328564615286911,-29.1480063010087,11.328564615286911,-29.1480063010087,2.762212317203038,0.025243710039013562,0.0001901317746943465
433.0,17.32,1.0,11.257561276691444,-29.173754452227733,11.257561276691444,-29.173754452227733,2.765983236614411,0.01565891822582746,0.0042974354051947185
434.0,17.36,1.0,11.186764729991378,-29.2022793244566,11.186764729991378,-29.2022793244566,2.7698263071659723,0.005948821865757276,0.007759868220817345
435.0,17.400000000000002,1.0,11.114114416018637,-29.23108695297368,11.114114416018637,-29.23108695297368,2.7737244539761954,-0.0038162482207907576,0.010481450682987333
436.0,17.44,1.0,11.039507822707444,-29.26019314897211,11.039507822707444,-29.26019314897211,2.7776576839852005,-0.013582017630523713,0.012396832539508174
437.0,17.48,1.0,10.965117728642275,-29.28905872920704,10.965117728642275,-29.28905872920704,2.7816003362059116,-0.023286245667649596,0.013473954465245148
438.0,17.52,1.0,10.889172517450683,-29.317891331261904,10.889172517450683,-29.317891331261904,2.7855233980589142,-0.03286344734260653,0.013714684719740008
439.0,17.56,1.0,10.81711776043127,-29.344718925403193,10.81711776043127,-29.344718925403193,2.7893960637076978,-0.04222455144379162,0.01315452284973293
440.0,17.6,1.0,10.743051639050652,-29.37110488556787,10.743051639050652,-29.37110488556787,2.793189054307663,-0.051293215675917755,0.011860851947852954
441.0,17.64,1.0,10.669347682501995,-29.398206946496607,10.669347682501995,-29.398206946496607,2.7968803676812146,-0.05999390709210976,0.009930019214458638
442.0,17.68,1.0,10.593313409663995,-29.425359227822092,10.593313409663995,-29.425359227822092,2.80045301171969,-0.06825025068590997,0.0074832555746951026
443.0,17.72,1.0,10.518689564852322,-29.45387465506163,10.518689564852322,-29.45387465506163,2.80389757901487,-0.07597670711054091,0.0046609113972234315
444.0,17.76,1.0,10.443217564963565,-29.481534104575605,10.443217564963565,-29.481534104575605,2.8072101835834724,-0.08309616000296034,0.0016172167459036677
445.0,17.8,1.0,10.369874261862458,-29.51072313359789,10.369874261862458,-29.51072313359789,2.810390483598181,-0.08953073914179466,-0.001485542803606714
446.0,17.84,1.0,10.296902004305931,-29.536831916950284,10.296902004305931,-29.536831916950284,2.8134418725266586,-0.0952209510582663,-0.00448402630932281
447.0,17.88,1.0,10.222761464325412,-29.563329078787138,10.222761464325412,-29.563329078787138,2.8163720531926977,-0.10011045060011758,-0.007221623112080676
448.0,17.92,1.0,10.146514305313273,-29.589905451748557,10.146514305313273,-29.589905451748557,2.8191953441044744,-0.10416324234603622,-0.009554804338089256
449.0,17.96,1.0,10.06760444882175,-29.61696675859563,10.06760444882175,-29.61696675859563,2.8219314207081183,-0.10735663851911736,-0.011357773887149978
450.0,18.0,1.0,9.98654753331538,-29.64604289404678,9.98654753331538,-29.64604289404678,2.8246045347172677,-0.1097021519061014,-0.012527360713132693
451.0,18.04,1.0,9.904997496631845,-29.674019787248238,9.904997496631845,-29.674019787248238,2.827240805366251,-0.11120594915556681,-0.012986658035931135
452.0,18.080000000000002,1.0,9.82158592914861,-29.701859222050057,9.82158592914861,-29.701859222050057,2.8298614601250254,-0.11189202774760884,-0.012688250221005708
453.0,18.12,1.0,9.738856107974412,-29.728968756331227,9.738856107974412,-29.728968756331227,2.8324851066645653,-0.11179513705186243,-0.01161566266786041
454.0,18.16,1.0,9.654060110189969,-29.753891928622444,9.654060110189969,-29.753891928622444,2.835119942946503,-0.11097299966556147,-0.009783138745035952
455.0,18.2,1.0,9.573604142391401,-29.776977878151275,9.573604142391401,-29.776977878151275,2.8377676922763704,-0.10948046253681629,-0.007234581860539002
456.0,18.240000000000002,1.0,9.489089931859963,-29.800226939694568,9.489089931859963,-29.800226939694568,2.840423180592066,-0.1073837269630991,-0.004041510030934584
457.0,18.28,1.0,9.407991669150148,-29.82122853694644,9.407991669150148,-29.82122853694644,2.843078978029639,-0.10475988797203757,-0.00029952355955917764
458.0,18.32,1.0,9.321788093736565,-29.844585139465636,9.321788093736565,-29.844585139465636,2.8457253032692207,-0.10168978668289404,0.0038764699572600174
459.0,18.36,1.0,9.238048705124443,-29.866849498490517,9.238048705124443,-29.866849498490517,2.848349644905164,-0.09825243650474998,0.008356774984338391
460.0,18.400000000000002,1.0,9.148527061703902,-29.891170362245674,9.148527061703902,-29.891170362245674,2.850938696997084,-0.0945240972591144,0.01300120770154839
461.0,18.44,1.0,9.059231400306311,-29.91540004156884,9.059231400306311,-29.91540004156884,2.8534757712154715,-0.09056976616598289,0.01766441218677702
462.0,18.48,1.0,8.971059761500616,-29.940194701362458,8.971059761500616,-29.940194701362458,2.855942954627748,-0.08646701903677838,0.02220124383974177
463.0,18.52,1.0,8.883506333738545,-29.963868192322472,8.883506333738545,-29.963868192322472,2.85832342493615,-0.0822904740155148,0.02647299980870782
464.0,18.56,1.0,8.794727621381607,-29.98893982887366,8.794727621381607,-29.98893982887366,2.8606004429974443,-0.07810782901343082,0.030350935739870123
465.0,18.6,1.0,8.704849971061146,-30.013271888849296,8.704849971061146,-30.013271888849296,2.862765249128141,-0.07396968021879749,0.033719801062357196
466.0,18.64,1.0,8.61511683366776,-30.03968400580292,8.61511683366776,-30.03968400580292,2.864814316479227,-0.06993369874807252,0.036480465505100215
467.0,18.68,1.0,8.526251409344374,-30.065887457190524,8.526251409344374,-30.065887457190524,2.866752620403207,-0.06604865916622318,0.03855345309875771
468.0,18.72,1.0,8.440051210730884,-30.090684249919143,8.440051210730884,-30.090684249919143,2.8685877268135065,-0.062344875319837276,0.039880249161712136
469.0,18.76,1.0,8.354009244408667,-30.11462635640323,8.354009244408667,-30.11462635640323,2.8703293332806576,-0.05884351228493988,0.040423916117254224
470.0,18.8,1.0,8.268034416736675,-30.137558261411726,8.268034416736675,-30.137558261411726,2.8719879751433948,-0.055562488109094865,0.040169230326797326
471.0,18.84,1.0,8.178135052759021,-30.15917228928469,8.178135052759021,-30.15917228928469,2.873572072227458,-0.052522042252661646,0.039122558944347297
472.0,18.88,1.0,8.090439152695819,-30.182490826853392,8.090439152695819,-30.182490826853392,2.8750932772297078,-0.04973790903093145,0.037310709679530235
473.0,18.92,1.0,7.998863340202384,-30.203260849617372,7.998863340202384,-30.203260849617372,2.876562965820835,-0.047222722397458526,0.034779174510486906
474.0,18.96,1.0,7.908216511567922,-30.224947608940322,7.908216511567922,-30.224947608940322,2.8779958616434307,-0.04498205286215699,0.03158846910595889
475.0,19.0,1.0,7.8142999685838035,-30.248459167706226,7.8142999685838035,-30.248459167706226,2.8794089809233467,-0.04304228808447206,0.027813040758753883
476.0,19.04,1.0,7.72389472848913,-30.273019622365787,7.72389472848913,-30.273019622365787,2.8808187967825205,-0.041441546052006936,0.02353901004633928
477.0,19.080000000000002,1.0,7.628701538350862,-30.301131830319985,7.628701538350862,-30.301131830319985,2.8822400318767043,-0.04021138895430863,0.01886193986425813
478.0,19.12,1.0,7.5394839130671985,-30.328130518154317,7.5394839130671985,-30.328130518154317,2.883682428379165,-0.039381817422691534,0.013882024895028575
479.0,19.16,1.0,7.446591865909573,-30.356953207781523,7.446591865909573,-30.356953207781523,2.8851543365117793,-0.038994896021226945,0.008702410931211886
480.0,19.2,1.0,7.358541997817527,-30.38393437361384,7.358541997817527,-30.38393437361384,2.8866623699576386,-0.03909816224889477,0.0034267006621121338
481.0,19.240000000000002,1.0,7.27044282964533,-30.410646670531555,7.27044282964533,-30.410646670531555,2.8882139809663254,-0.039739238309270654,-0.0018432814661154342
482.0,19.28,1.0,7.183071589668289,-30.435928597699576,7.183071589668289,-30.435928597699576,2.8898203069161768,-0.040958592631614485,-0.007010526527139592
483.0,19.32,1.0,7.093322633834843,-30.462300489761397,7.093322633834843,-30.462300489761397,2.8914921807696587,-0.042802790588615094,-0.011985266585618905
484.0,19.36,1.0,7.003919423385524,-30.4871810056113,7.003919423385524,-30.4871810056113,2.8932446658140316,-0.04531301516353903,-0.01668673466419471
485.0,19.400000000000002,1.0,6.914716226001036,-30.510052313220605,6.914716226001036,-30.510052313220605,2.8950914904793037,-0.04853647940344903,-0.0210434851336453
486.0,19.44,1.0,6.8228779069967205,-30.53258787687229,6.8228779069967205,-30.53258787687229,2.8970467134113513,-0.05248402844762725,-0.02499511420677273
487.0,19.48,1.0,6.730367194984451,-30.55364369795145,6.730367194984451,-30.55364369795145,2.899121780215215,-0.05714732194711327,-0.028493964656499345
488.0,19.52,1.0,6.634295283351642,-30.57751373898081,6.634295283351642,-30.57751373898081,2.9013290981725235,-0.062506199403858,-0.03150621210080103
489.0,19.56,1.0,6.54085893045197,-30.59966261278427,6.54085893045197,-30.59966261278427,2.9036814325063673,-0.06853472180812589,-0.03401026455281514
490.0,19.6,1.0,6.448273921211019,-30.622041323032118,6.448273921211019,-30.622041323032118,2.906191785885662,-0.07517375495910798,-0.0359983752525991
491.0,19.64,1.0,6.359497236514527,-30.64500757124022,6.359497236514527,-30.64500757124022,2.9088735067687623,-0.08234463634404803,-0.037476510037622465
492.0,19.68,1.0,6.265476159779886,-30.668585877387564,6.265476159779886,-30.668585877387564,2.9117383386830213,-0.08994656141979236,-0.03846398033881317
493.0,19.72,1.0,6.17496147066953,-30.69334252778779,6.17496147066953,-30.69334252778779,2.9147946766947745,-0.09786257068020877,-0.03899139593017379
494.0,19.76,1.0,6.0827837609635,-30.719902773322776,6.0827837609635,-30.719902773322776,2.9180489410905044,-0.1059454427366691,-0.03909899204619845
495.0,19.8,1.0,5.991346136312897,-30.74474502455913,5.991346136312897,-30.74474502455913,2.9215014575907214,-0.11403000330049821,-0.038834993816152207
496.0,19.84,1.0,5.8977464602831216,-30.766136760473728,5.8977464602831216,-30.766136760473728,2.9251494706846257,-0.1219262737833416,-0.03825412707731991
497.0,19.88,1.0,5.805609591770997,-30.785004680355247,5.805609591770997,-30.785004680355247,2.928986438975582,-0.12946069365407234,-0.03741547290753068
498.0,19.92,1.0,5.709913079425817,-30.804431593037606,5.709913079425817,-30.804431593037606,2.9330065408828836,-0.13645939620498265,-0.036378332922561304
499.0,19.96,1.0,5.614000675840143,-30.82260918599632,5.614000675840143,-30.82260918599632,2.9372005470491245,-0.14275513996224598,-0.03519973116273337
500.0,20.0,1.0,5.519675935678853,-30.840701390455127,5.519675935678853,-30.840701390455127,2.9415588139359357,-0.14817602024457172,-0.03393302151566515
501.0,20.04,1.0,5.421720145814618,-30.85911403519588,5.421720145814618,-30.85911403519588,2.9460684249480003,-0.1525867532634942,-0.032625176976332965
502.0,20.080000000000002,1.0,5.32432079277176,-30.877700745167306,5.32432079277176,-30.877700745167306,2.9507136947093198,-0.1558742742430427,-0.03131420909518433
503.0,20.12,1.0,5.222136119401108,-30.8958979487357,5.222136119401108,-30.8958979487357,2.955475589911416,-0.15795610841796984,-0.03002752374611432
504.0,20.16,1.0,5.123622989537573,-30.9143581479089,5.123622989537573,-30.9143581479089,2.9603324635828328,-0.158777649907676,-0.028781265572309034
505.0,20.2,1.0,5.01819670037311,-30.935514991698437,5.01819670037311,-30.935514991698437,2.965259510236918,-0.15832703734579864,-0.027579457473682234
506.0,20.240000000000002,1.0,4.916697734695289,-30.95636456545345,4.916697734695289,-30.95636456545345,2.9702320198554535,-0.1566234857576843,-0.02641411992671009
507.0,20.28,1.0,4.8111967078494855,-30.97762062499364,4.8111967078494855,-30.97762062499364,2.9752264418043497,-0.15372421427828725,-0.025265656960785622
508.0,20.32,1.0,4.707272925620964,-30.996583156552283,4.707272925620964,-30.996583156552283,2.9802204035271807,-0.14970498497702805,-0.024103732117741285
509.0,20.36,1.0,4.599197964214875,-31.016807852457077,4.599197964214875,-31.016807852457077,2.9851913129477943,-0.14468370176970763,-0.02289091561846507
510.0,20.400000000000002,1.0,4.492173764058238,-31.03415240815039,4.492173764058238,-31.03415240815039,2.9901186768545664,-0.1388084893844023,-0.021584317482752698
511.0,20.44,1.0,4.383154680488255,-31.052079126412963,4.383154680488255,-31.052079126412963,2.9949832587494756,-0.1322632778999553,-0.0201378325447173
512.0,20.48,1.0,4.276257785713742,-31.06643261607072,4.276257785713742,-31.06643261607072,2.9997684873958645,-0.1252313513589925,-0.018504215898835934
513.0,20.52,1.0,4.162421393596706,-31.08270810370871,4.162421393596706,-31.08270810370871,3.004461356019433,-0.11790432796631331,-0.01663948974432571
514.0,20.56,1.0,4.049463264248887,-31.095856942453235,4.049463264248887,-31.095856942453235,3.0090536401898738,-0.11047076947765926,-0.014505547226294139
515.0,20.6,1.0,3.936751186152771,-31.10911691894201,3.936751186152771,-31.10911691894201,3.013542536870267,-0.10311967882645215,-0.012073477276052522
516.0,20.64,1.0,3.826341993524278,-31.123641317469215,3.826341993524278,-31.123641317469215,3.0179308297078458,-0.09602130817959108,-0.009326020594883876
517.0,20.68,1.0,3.7144697308097534,-31.13838757784934,3.7144697308097534,-31.13838757784934,3.0222251773699127,-0.08933078041481016,-0.006259505464617139
518.0,20.72,1.0,3.6046546758955893,-31.15020915808451,3.6046546758955893,-31.15020915808451,3.0264326437805944,-0.0831814300483376,-0.0028853487057258244
519.0,20.76,1.0,3.4932030086482087,-31.162086883865413,3.4932030086482087,-31.162086883865413,3.030560751633838,-0.07768174193420438,0.0007681626626643484
520.0,20.8,1.0,3.3799725495134867,-31.17266616471533,3.3799725495134867,-31.17266616471533,3.0346157821016897,-0.07289637747917489,0.004656807373446144
521.0,20.84,1.0,3.2683854701426815,-31.181867338432415,3.2683854701426815,-31.181867338432415,3.038604172671194,-0.06885400715839991,0.008720684076903674
522.0,20.88,1.0,3.155826116103783,-31.190355205764682,3.155826116103783,-31.190355205764682,3.042530808670892,-0.06554793457867583,0.01288519932087906
523.0,20.92,1.0,3.0479094628426773,-31.197596084270582,3.0479094628426773,-31.197596084270582,3.046401846790199,-0.06294609739029025,0.017062430613910596
524.0,20.96,1.0,2.9358961187380075,-31.205116412416963,2.9358961187380075,-31.205116412416963,3.0502221327885093,-0.06098493063567998,0.021155585619367104
525.0,21.0,1.0,2.8237293757246933,-31.212723209671886,2.8237293757246933,-31.212723209671886,3.053996496609233,-0.05957502050321174,0.025061685195494843
526.0,21.04,1.0,2.708829279127001,-31.22028639869375,2.708829279127001,-31.22028639869375,3.057727616928975,-0.05860392390456774,0.02867603885236806
527.0,21.080000000000002,1.0,2.5958617466023126,-31.22762743874469,2.5958617466023126,-31.22762743874469,3.0614160503794103,-0.05795110383131789,0.03189550674860562
528.0,21.12,1.0,2.482859436440149,-31.234164856345682,2.482859436440149,-31.234164856345682,3.0650594838042147,-0.05749829555770579,0.0346225997601096
529.0,21.16,1.0,2.3707719953488153,-31.239957410163424,2.3707719953488153,-31.239957410163424,3.0686549638356952,-0.05712520654476464,0.03676892788904191
530.0,21.2,1.0,2.2565965592067583,-31.246298770075793,2.2565965592067583,-31.246298770075793,3.072198509955106,-0.0567175389075946,0.038260022920528144
531.0,21.240000000000002,1.0,2.1420363361778034,-31.251995242041176,2.1420363361778034,-31.251995242041176,3.0756871910406653,-0.05617242147529894,0.039037852228429704
532.0,21.28,1.0,2.0241747661250487,-31.258777917146602,2.0241747661250487,-31.258777917146602,3.079118257897811,-0.05539433565437624,0.03906298568385903
533.0,21.32,1.0,1.9100604197203706,-31.264677143865903,1.9100604197203706,-31.264677143865903,3.0824909658778994,-0.0542982995153069,0.038317059584433655
534.0,21.36,1.0,1.7971238561243628,-31.270626667238126,1.7971238561243628,-31.270626667238126,3.085803694117769,-0.05282309454557273,0.036804668830987965
535.0,21.400000000000002,1.0,1.68262169046283,-31.276989538196396,1.68262169046283,-31.276989538196396,3.089056281668003,-0.0509292202120573,0.03455254025561534
536.0,21.44,1.0,1.567646322471988,-31.28393484872155,1.567646322471988,-31.28393484872155,3.0922475586861426,-0.04860062242213213,0.03160936445817393
537.0,21.48,1.0,1.4520828929001108,-31.29007258078982,1.4520828929001108,-31.29007258078982,3.095376988489377,-0.04584022684035235,0.028044232301321886
538.0,21.52,1.0,1.3361053613939156,-31.296611092224918,1.3361053613939156,-31.296611092224918,3.098444908573516,-0.04267112243113037,0.023944895337887254
539.0,21.56,1.0,1.2199866421427452,-31.302713297484594,1.2199866421427452,-31.302713297484594,3.101454596941449,-0.03911750492847397,0.019414511604081135
540.0,21.6,1.0,1.103224875402373,-31.30936402487459,1.103224875402373,-31.30936402487459,3.104413064050376,-0.035219494768579475,0.014568620451370256
541.0,21.64,1.0,0.9833111905068265,-31.31574328598515,0.9833111905068265,-31.31574328598515,3.1073310425424703,-0.03101806182934973,0.009530414870302659
542.0,21.68,1.0,0.8625268508651267,-31.323278849090492,0.8625268508651267,-31.323278849090492,3.110223277800114,-0.02656128690540833,0.004427352488030593
543.0,21.72,1.0,0.7425084536248622,-31.330543476056505,0.7425084536248622,-31.330543476056505,3.1131056656603437,-0.02190088006404397,-0.0006122628259172293
544.0,21.76,1.0,0.6214117814087716,-31.33686674437488,0.6214117814087716,-31.33686674437488,3.115995148400143,-0.01709011904860682,-0.005463678620387903
545.0,21.8,1.0,0.5051997560976316,-31.341744465125537,0.5051997560976316,-31.341744465125537,3.11890871350496,-0.012168972475360362,-0.010010339206147205
546.0,21.84,1.0,0.3884027273218479,-31.346105355837352,0.3884027273218479,-31.346105355837352,3.1218618328264665,-0.007175868974038002,-0.014146711463798967
547.0,21.88,1.0,0.2726446800831858,-31.349389788988095,0.2726446800831858,-31.349389788988095,3.124868088388836,-0.0021593475548043694,-0.017781001184661548
548.0,21.92,1.0,0.15550047986119472,-31.351750008944027,0.15550047986119472,-31.351750008944027,3.127939696644411,0.002839274532636682,-0.02083802941630202
549.0,21.96,1.0,0.038560305898891346,-31.35368048565539,0.038560305898891346,-31.35368048565539,3.131087502254699,0.007793645677044048,-0.023261240642393165
550.0,22.0,1.0,-0.07883397678430334,-31.35483044487848,-0.07883397678430334,-31.35483044487848,3.134319901914803,0.012678072258139439,-0.025012962375787116
551.0,22.04,1.0,-0.19910760153309598,-31.356224018765896,-0.19910760153309598,-31.356224018765896,3.1376413931776703,0.017475179475682678,-0.026074533600867717
552.0,22.080000000000002,1.0,-0.3148302096455178,-31.357040379759155,-0.3148302096455178,-31.357040379759155,3.1410529090459383,0.02215557190607186,-0.026445194664827986
553.0,22.12,1.0,-0.4299911841156332,-31.357445137966458,-0.4299911841156332,-31.357445137966458,3.144548921683339,0.026688648980928664,-0.026141735353483592
554.0,22.16,1.0,-0.5463830153501368,-31.357497433366188,-0.5463830153501368,-31.357497433366188,3.1481212523401725,0.031034180476342755,-0.025197130867816032
555.0,22.2,1.0,-0.6619379262308303,-31.35613911438411,-0.6619379262308303,-31.35613911438411,3.1517565529407463,0.03514156163582076,-0.0236583586091952
556.0,22.240000000000002,1.0,-0.7793899374305889,-31.354166826541878,-0.7793899374305889,-31.354166826541878,3.1554395558041355,0.038936152956551354,-0.02158356933234905
557.0,22.28,1.0,-0.8951665306177962,-31.350023294298143,-0.8951665306177962,-31.350023294298143,3.159153434239814,0.04233653384629758,-0.019040312267968148
558.0,22.32,1.0,-1.014735975158882,-31.34646223942057,-1.014735975158882,-31.34646223942057,3.1628830098553893,0.04528325616325048,-0.016103457737264477
559.0,22.36,1.0,-1.1343868864890398,-31.34360038800127,-1.1343868864890398,-31.34360038800127,3.1666132683927652,0.04770534114863904,-0.01285190087834682
560.0,22.400000000000002,1.0,-1.25597089676832,-31.340321503469767,-1.25597089676832,-31.340321503469767,3.170329337284623,0.04951708139605262,-0.009365330202862883
561.0,22.44,1.0,-1.3720126577266876,-31.337080849447364,-1.3720126577266876,-31.337080849447364,3.174016518774293,0.0506245298094401,-0.00572264119889844
562.0,22.48,1.0,-1.4860734264769717,-31.332284741487143,-1.4860734264769717,-31.332284741487143,3.1776594603402053,0.05094511619650723,-0.002000201393961833
563.0,22.52,1.0,-1.6002706682044772,-31.32734327861861,-1.6002706682044772,-31.32734327861861,3.1812427468035858,0.05040774955021068,0.0017295445139124805
564.0,22.56,1.0,-1.7128485661375117,-31.321779157633603,-1.7128485661375117,-31.321779157633603,3.1847527243030003,0.0489518621498224,0.005400385661915047
565.0,22.6,1.0,-1.826599675310931,-31.315412689715448,-1.826599675310931,-31.315412689715448,3.1881759456574965,0.04652549092550144,0.008952593440186191
566.0,22.64,1.0,-1.9395886650006335,-31.306954684350863,-1.9395886650006335,-31.306954684350863,3.191502518356381,0.043095696708177554,0.012332962986764619
567.0,22.68,1.0,-2.0524124177827234,-31.298900590290714,-2.0524124177827234,-31.298900590290714,3.194724088692711,0.038674496857422316,0.015494317231623585
568.0,22.72,1.0,-2.1640835185291722,-31.289754470571978,-2.1640835185291722,-31.289754470571978,3.197835676231867,0.03330356185361618,0.018396589306556348
569.0,22.76,1.0,-2.278105684050243,-31.281489185258476,-2.278105684050243,-31.281489185258476,3.2008335279147366,0.027033319744301933,0.021006493187123002
570.0,22.8,1.0,-2.390262316302079,-31.273015240213812,-2.390262316302079,-31.273015240213812,3.2037157033583705,0.01995067059754555,0.023296385117048783
571.0,22.84,1.0,-2.5007612393619607,-31.264972198242912,-2.5007612393619607,-31.264972198242912,3.206482223226584,0.012186134125640702,0.025242600142813782
572.0,22.88,1.0,-2.6106944613157723,-31.25601865261998,-2.6106944613157723,-31.25601865261998,3.2091347057104387,0.003908075093550978,0.026825217633330768
573.0,22.92,1.0,-2.7217629966209933,-31.248963125744808,-2.7217629966209933,-31.248963125744808,3.2116798335574837,-0.00472061567232912,0.028027396409375897
574.0,22.96,1.0,-2.8302804087592057,-31.23989428441778,-2.8302804087592057,-31.23989428441778,3.2141271329769827,-0.013517562630488433,0.028834406753483637
575.0,23.0,1.0,-2.940802052569798,-31.23196473172182,-2.940802052569798,-31.23196473172182,3.216491475422869,-0.022286081980430528,0.029231746217018885
576.0,23.04,1.0,-3.049261063932278,-31.223858827827218,-3.049261063932278,-31.223858827827218,3.218791884075786,-0.030803318828101545,0.029205792075205267
577.0,23.080000000000002,1.0,-3.1674886438887375,-31.21613969274818,-3.1674886438887375,-31.21613969274818,3.221050469392531,-0.03884062755027935,0.028744150412636747
578.0,23.12,1.0,-3.2771083969280133,-31.206438796308397,-3.2771083969280133,-31.206438796308397,3.223291587039731,-0.046195767106759676,0.027836530592940407
579.0,23.16,1.0,-3.3881157300854583,-31.196411074584937,-3.3881157300854583,-31.196411074584937,3.2255399592808613,-0.052685849321985855,0.026473716640733187
580.0,23.2,1.0,-3.4963343901536383,-31.185515302148815,-3.4963343901536383,-31.185515302148815,3.2278197178142785,-0.058138713029762014,0.024648910170329424
581.0,23.240000000000002,1.0,-3.6069744859448476,-31.17375962584032,-3.6069744859448476,-31.17375962584032,3.2301542253233793,-0.062411441700348035,0.022359360477530853
582.0,23.28,1.0,-3.719685202629506,-31.16234192620654,-3.719685202629506,-31.16234192620654,3.2325656300343533,-0.0654155105999506,0.019608332393353196
583.0,23.32,1.0,-3.8342360129930126,-31.1508032252992,-3.8342360129930126,-31.1508032252992,3.2350754613478663,-0.06710828663422051,0.016405460998331185
584.0,23.36,1.0,-3.9495244049343006,-31.139672975276078,-3.9495244049343006,-31.139672975276078,3.2377001034818726,-0.0674613535316099,0.012767728706543885
585.0,23.400000000000002,1.0,-4.065440932049605,-31.12884989157514,-4.065440932049605,-31.12884989157514,3.2404538293948355,-0.06648298473448741,0.00872093847098156
586.0,23.44,1.0,-4.183752386280199,-31.1183508962395,-4.183752386280199,-31.1183508962395,3.2433441293110272,-0.06422262574865639,0.004301736898306155
587.0,23.48,1.0,-4.302168456159807,-31.108414144555418,-4.302168456159807,-31.108414144555418,3.2463743557384026,-0.06077522152042092,-0.00044241462563281256
588.0,23.52,1.0,-4.421295422487182,-31.09892233501116,-4.421295422487182,-31.09892233501116,3.2495423729883166,-0.05626173743603404,-0.005453038117540323
589.0,23.56,1.0,-4.538383653466598,-31.088874711416075,-4.538383653466598,-31.088874711416075,3.2528431330044008,-0.05081211094640461,-0.010660647192153528
590.0,23.6,1.0,-4.657996777914226,-31.078818632086644,-4.657996777914226,-31.078818632086644,3.256269849011519,-0.04457207624007763,-0.015984313099147145
591.0,23.64,1.0,-4.7759743231000735,-31.068138215308032,-4.7759743231000735,-31.068138215308032,3.2598158525257297,-0.03771456192422588,-0.021333695037644262
592.0,23.68,1.0,-4.896090468470618,-31.057565262658308,-4.896090468470618,-31.057565262658308,3.2634753430086976,-0.030430167953081434,-0.02661131952391312
593.0,23.72,1.0,-5.0147567924491785,-31.045081240443075,-5.0147567924491785,-31.045081240443075,3.2672431263567154,-0.02288304689422168,-0.03171515861010022
594.0,23.76,1.0,-5.136785947610504,-31.03403585688023,-5.136785947610504,-31.03403585688023,3.2711139986187305,-0.01522849804005486,-0.036540019775961455
595.0,23.8,1.0,-5.257572377906,-31.021903442275253,-5.257572377906,-31.021903442275253,3.275085964521444,-0.007616502217348875,-0.04098003435784438
596.0,23.84,1.0,-5.3786982659335525,-31.007917781144876,-5.3786982659335525,-31.007917781144876,3.279158148761747,-0.00018556414021685396,-0.04493211372318088
597.0,23.88,1.0,-5.493602859227899,-30.99500204596594,-5.493602859227899,-30.99500204596594,3.283333678710663,0.0069563333735677135,-0.04829956244044424
598.0,23.92,1.0,-5.611671930378313,-30.98185124266047,-5.611671930378313,-30.98185124266047,3.287617207573137,0.013721070023529014,-0.05099470634394513
599.0,23.96,1.0,-5.728836569700623,-30.96695589495757,-5.728836569700623,-30.96695589495757,3.292015434462256,0.02003436249631265,-0.05294136045312357
600.0,24.0,1.0,-5.845677995253311,-30.95154121997633,-5.845677995253311,-30.95154121997633,3.2965349057648567,0.025832987990557044,-0.054078289974346175
601.0,24.04,1.0,-5.9622722842629186,-30.935326478903647,-5.9622722842629186,-30.935326478903647,3.3011791112627753,0.031074420906982682,-0.05436156609211188
602.0,24.080000000000002,1.0,-6.078348598080827,-30.918107206099087,-6.078348598080827,-30.918107206099087,3.3059475598930277,0.03574434686038276,-0.053765321873917526
603.0,24.12,1.0,-6.193354157861513,-30.89950461816681,-6.193354157861513,-30.89950461816681,3.310834550272439,0.03985601472552206,-0.05228245743745931
604.0,24.16,1.0,-6.308117779005671,-30.879746304982966,-6.308117779005671,-30.879746304982966,3.3158303063419217,0.043407592008629495,-0.049925308297138135
605.0,24.2,1.0,-6.423830993126802,-30.857357215105008,-6.423830993126802,-30.857357215105008,3.3209222135419374,0.04641036365346466,-0.04672569567819414
606.0,24.240000000000002,1.0,-6.538074289898843,-30.835185480883165,-6.538074289898843,-30.835185480883165,3.326093254400475,0.04888511465185984,-0.04273371014837081
607.0,24.28,1.0,-6.652173557753732,-30.81123163793984,-6.652173557753732,-30.81123163793984,3.3313232804401878,0.050861010691789464,-0.03801535700216087
608.0,24.32,1.0,-6.767622463581131,-30.787640602511352,-6.767622463581131,-30.787640602511352,3.3365873462420246,0.05234408359816446,-0.03265029140684284
609.0,24.36,1.0,-6.882042364598378,-30.76325958236729,-6.882042364598378,-30.76325958236729,3.3418563806956953,0.053340770144876294,-0.0267298216405926
610.0,24.400000000000002,1.0,-6.99533718380062,-30.738625477307075,-6.99533718380062,-30.738625477307075,3.347098084821922,0.05385402850960667,-0.020354717679496183
611.0,24.44,1.0,-7.107715911590995,-30.713168694862986,-7.107715911590995,-30.713168694862986,3.3522774141978204,0.053886452677923725,-0.013631170974289137
612.0,24.48,1.0,-7.221290849940694,-30.685637556585498,-7.221290849940694,-30.685637556585498,3.357360858614997,0.053433308946403156,-0.006668060682617898
613.0,24.52,1.0,-7.3323998412333395,-30.65783639527366,-7.3323998412333395,-30.65783639527366,3.3623164312472356,0.05248880037981725,0.0004253985398569887
614.0,24.560000000000002,1.0,-7.444353663141146,-30.630319518467513,-7.444353663141146,-30.630319518467513,3.367117014497329,0.051049584180631914,0.007541975464786041
615.0,24.6,1.0,-7.556195079151642,-30.602545674872765,-7.556195079151642,-30.602545674872765,3.3717380234941543,0.04913689570810605,0.014580026487672601
616.0,24.64,1.0,-7.669108169236691,-30.575014992414776,-7.669108169236691,-30.575014992414776,3.3761563173688005,0.046772685976234386,0.021444558201628557
617.0,24.68,1.0,-7.777299248626202,-30.546972513041766,-7.777299248626202,-30.546972513041766,3.380351743919068,0.04397877668774173,0.0280475452881352
618.0,24.72,1.0,-7.88590420915388,-30.517238230008303,-7.88590420915388,-30.517238230008303,3.3843051084734923,0.04078607593811776,0.03430789777357908
619.0,24.76,1.0,-7.99274587762965,-30.488573035355763,-7.99274587762965,-30.488573035355763,3.3880010280843633,0.03726678972958662,0.04015170819944651
620.0,24.8,1.0,-8.100536401909899,-30.455603303069587,-8.100536401909899,-30.455603303069587,3.3914292794743615,0.0335064538314256,0.04551255439285932
621.0,24.84,1.0,-8.208137049202856,-30.424128203653947,-8.208137049202856,-30.424128203653947,3.3945866838082153,0.02960370218160563,0.05033077408504834
622.0,24.88,1.0,-8.316026305466988,-30.391927576773078,-8.316026305466988,-30.391927576773078,3.397479363673569,0.02566931033609582,0.054551605363758415
623.0,24.92,1.0,-8.42240766183596,-30.35923734152932,-8.42240766183596,-30.35923734152932,3.40011987321015,0.021838875279753412,0.058124483340900965
624.0,24.96,1.0,-8.532991814227533,-30.32883899545633,-8.532991814227533,-30.32883899545633,3.402529429693433,0.01826135380192322,0.06100255451389334
625.0,25.0,1.0,-8.641302914170273,-30.29711762692953,-8.641302914170273,-30.29711762692953,3.4047311859729454,0.015085040666494742,0.06314193049798716
626.0,25.04,1.0,-8.749429351377305,-30.265842719395643,-8.749429351377305,-30.265842719395643,3.4067540379528687,0.012447546993688951,0.0644993507839484
627.0,25.080000000000002,1.0,-8.856376697999927,-30.234706684079896,-8.856376697999927,-30.234706684079896,3.4086310010638683,0.010487956035055335,0.06503303878017733
628.0,25.12,1.0,-8.961452386307636,-30.203238949890437,-8.961452386307636,-30.203238949890437,3.4103988201503803,0.00934515397686897,0.0647041370005349
629.0,25.16,1.0,-9.068162115519389,-30.171879478480555,-9.068162115519389,-30.171879478480555,3.412101072475255,0.009130705540186324,0.06347814397016205
630.0,25.2,1.0,-9.175087131016136,-30.14076119570704,-9.175087131016136,-30.14076119570704,3.4137844549958087,0.009909972673908252,0.061325820135735155
631.0,25.240000000000002,1.0,-9.283224552815273,-30.109399138894396,-9.283224552815273,-30.109399138894396,3.415498250754311,0.011719640322313407,0.0582252860059835
632.0,25.28,1.0,-9.39010266842166,-30.079910904915966,-9.39010266842166,-30.079910904915966,3.417288512299964,0.014574552867151036,0.05416534035716789
633.0,25.32,1.0,-9.502169213889292,-30.050097655532717,-9.502169213889292,-30.050097655532717,3.4191940330581003,0.018457564609567923,0.0491489922242936
634.0,25.36,1.0,-9.61108795261374,-30.018285855377012,-9.61108795261374,-30.018285855377012,3.421245112562019,0.023292562452342847,0.043196049421533475
635.0,25.400000000000002,1.0,-9.720247856447964,-29.984819681833535,-9.720247856447964,-29.984819681833535,3.423459129266439,0.02895416782683056,0.036344574423073095
636.0,25.44,1.0,-9.828517595424596,-29.952554278116793,-9.828517595424596,-29.952554278116793,3.4258480583690742,0.03528299568953423,0.028653924517843855
637.0,25.48,1.0,-9.938418789020073,-29.919293472863767,-9.938418789020073,-29.919293472863767,3.4284150565020637,0.04209634416894138,0.020207930349624096
638.0,25.52,1.0,-10.051349305167044,-29.886750701934368,-10.051349305167044,-29.886750701934368,3.4311598416024642,0.04917097864584911,0.011115276046295877
639.0,25.560000000000002,1.0,-10.164744258616032,-29.855340703432393,-10.164744258616032,-29.855340703432393,3.4340784487540383,0.056251346673703115,0.0015087809206682332
640.0,25.6,1.0,-10.276278019479621,-29.828323116481783,-10.276278019479621,-29.828323116481783,3.4371606855540064,0.06308216197051107,-0.008455460739621088
641.0,25.64,1.0,-10.387135983819553,-29.800980154695928,-10.387135983819553,-29.800980154695928,3.4403931713969778,0.06942138161963284,-0.01859891561910673
642.0,25.68,1.0,-10.497281863050768,-29.77348830944792,-10.497281863050768,-29.77348830944792,3.443755948379942,0.07502832903891322,-0.028724459363071424
643.0,25.72,1.0,-10.608064334405983,-29.747114741490044,-10.608064334405983,-29.747114741490044,3.4472290330017694,0.07966292944941747,-0.03862182818235173
644.0,25.76,1.0,-10.714199133576866,-29.717864877596593,-10.714199133576866,-29.717864877596593,3.450793718818084,0.08310511567078271,-0.048073684409907134
645.0,25.8,1.0,-10.821255920428033,-29.691262816411644,-10.821255920428033,-29.691262816411644,3.454438129868966,0.08518569134038197,-0.05686160088186206
646.0,25.84,1.0,-10.927736217032898,-29.663342738182763,-10.927736217032898,-29.663342738182763,3.4581614912572762,0.08577996480226607,-0.06477171864030366
647.0,25.88,1.0,-11.035113411423207,-29.63466496867854,-11.035113411423207,-29.63466496867854,3.4619697911140563,0.08479840321610574,-0.07160293389340688
648.0,25.92,1.0,-11.141611500158671,-29.607499695984767,-11.141611500158671,-29.607499695984767,3.4658773540172674,0.08218409401587223,-0.07717507767080868
649.0,25.96,1.0,-11.24593710876422,-29.579404703159803,-11.24593710876422,-29.579404703159803,3.4699004385056886,0.07794679744444771,-0.08133506621650483
650.0,26.0,1.0,-11.347710954792438,-29.54905936189157,-11.347710954792438,-29.54905936189157,3.4740548676741723,0.07215402010559076,-0.08396198653273676
651.0,26.04,1.0,-11.449677456695463,-29.517088772350633,-11.449677456695463,-29.517088772350633,3.478356176460161,0.06491923284055175,-0.08497303277054692
652.0,26.080000000000002,1.0,-11.548762832103602,-29.480225103684273,-11.548762832103602,-29.480225103684273,3.4828159981828435,0.056382557109699395,-0.08432876016834691
653.0,26.12,1.0,-11.643998853027167,-29.44257574496866,-11.643998853027167,-29.44257574496866,3.4874480111436617,0.04673643450748277,-0.08203521754015942
654.0,26.16,1.0,-11.739453364263323,-29.405188694677086,-11.739453364263323,-29.405188694677086,3.49226241700502,0.03621062123790373,-0.07814420912120465
655.0,26.2,1.0,-11.832856006781071,-29.36894641534359,-11.832856006781071,-29.36894641534359,3.4972696303401727,0.02505949389351031,-0.07275214308828061
656.0,26.240000000000002,1.0,-11.928427348270294,-29.331282486683488,-11.928427348270294,-29.331282486683488,3.5024730214450153,0.01353675750036103,-0.06599801278829284
657.0,26.28,1.0,-12.019948071892216,-29.29586821350383,-12.019948071892216,-29.29586821350383,3.5078667661723477,0.0019078392366614128,-0.058059469259882555
658.0,26.32,1.0,-12.117148222319845,-29.257009042504546,-12.117148222319845,-29.257009042504546,3.5134364386408796,-0.009547736804216733,-0.049146205094424036
659.0,26.36,1.0,-12.212508823841102,-29.216189149782803,-12.212508823841102,-29.216189149782803,3.519156481362694,-0.020545352746189082,-0.039491998782397605
660.0,26.400000000000002,1.0,-12.310929088014912,-29.173542314485324,-12.310929088014912,-29.173542314485324,3.524994565289643,-0.030831222101235588,-0.029347628779475738
661.0,26.44,1.0,-12.40732691828129,-29.130006384258564,-12.40732691828129,-29.130006384258564,3.530913504321771,-0.040173149617060665,-0.018973544077603027
662.0,26.48,1.0,-12.505475707179379,-29.085623862415286,-12.505475707179379,-29.085623862415286,3.536874011763603,-0.04836400535928711,-0.008630649258939648
663.0,26.52,1.0,-12.602410158140994,-29.040369994804905,-12.602410158140994,-29.040369994804905,3.5428387619302484,-0.05520939090767222,0.00142955405605149
664.0,26.560000000000002,1.0,-12.70099717083737,-28.994696272150957,-12.70099717083737,-28.994696272150957,3.548768780401096,-0.060559623635580075,0.010972614861362454
665.0,26.6,1.0,-12.797391861706357,-28.948779152836465,-12.797391861706357,-28.948779152836465,3.5546271858639904,-0.06429627180195949,0.01978839628011143
666.0,26.64,1.0,-12.895670631600158,-28.901865565804126,-12.895670631600158,-28.901865565804126,3.5603744368023413,-0.06633198205334959,0.027697234518400875
667.0,26.68,1.0,-12.992389743961018,-28.85573392295955,-12.992389743961018,-28.85573392295955,3.56597449832926,-0.06659163897204229,0.03455543900778036
668.0,26.72,1.0,-13.090304556233315,-28.806912537898484,-13.090304556233315,-28.806912537898484,3.5713945424822633,-0.06504003539709076,0.04025863923408368
669.0,26.76,1.0,-13.188261111139422,-28.757640286156906,-13.188261111139422,-28.757640286156906,3.5766055283420783,-0.061675926065002565,0.04474285686213767
670.0,26.8,1.0,-13.288434616437453,-28.70933434280256,-13.288434616437453,-28.70933434280256,3.581587689241691,-0.05652949870171829,0.04798371574156237
671.0,26.84,1.0,-13.385664407585676,-28.660786470605853,-13.385664407585676,-28.660786470605853,3.5863277168196404,-0.04963985892835652,0.049995296128348445
672.0,26.88,1.0,-13.486911260731407,-28.616537126794707,-13.486911260731407,-28.616537126794707,3.5908224285781882,-0.04107548953649256,0.05082767133270286
673.0,26.92,1.0,-13.587091506743196,-28.56873843812041,-13.587091506743196,-28.56873843812041,3.5950742051464624,-0.030937577355017298,0.05056258294824954
674.0,26.96,1.0,-13.689145206114052,-28.52053436691973,-13.689145206114052,-28.52053436691973,3.59909083217203,-0.019352581533445556,0.049306993496306344
675.0,27.0,1.0,-13.790650945687577,-28.470989593206866,-13.790650945687577,-28.470989593206866,3.602884939241273,-0.006457952722391335,0.04718802410703912
676.0,27.04,1.0,-13.894196736174175,-28.418587796122505,-13.894196736174175,-28.418587796122505,3.606473637448848,0.007596327572031681,0.044346708791030455
677.0,27.080000000000002,1.0,-14.000148248257961,-28.36526221705342,-14.000148248257961,-28.36526221705342,3.6098799699249953,0.022637470383940827,0.04093210786666427
678.0,27.12,1.0,-14.101778930041865,-28.31429577952718,-14.101778930041865,-28.31429577952718,3.613129879431259,0.03846339718581658,0.03709420473044554
679.0,27.16,1.0,-14.203793091944377,-28.262636274420636,-14.203793091944377,-28.262636274420636,3.6162532788191917,0.05486597990660238,0.03297802411497379
680.0,27.2,1.0,-14.304245739957775,-28.210585596671272,-14.304245739957775,-28.210585596671272,3.6192831876924716,0.07162815168313205,0.02871805086510057
681.0,27.240000000000002,1.0,-14.40619336977232,-28.15799047303367,-14.40619336977232,-28.15799047303367,3.6222520571501633,0.08851832124692526,0.02443452085446706
682.0,27.28,1.0,-14.506774975483458,-28.105601074928565,-14.506774975483458,-28.105601074928565,3.6251935392423924,0.10528524900381649,0.020230391870022072
683.0,27.32,1.0,-14.60689218330559,-28.0531224901767,-14.60689218330559,-28.0531224901767,3.6281360281840866,0.1216805703502041,0.016189032909658167
684.0,27.36,1.0,-14.705814841758373,-28.000551688277664,-14.705814841758373,-28.000551688277664,3.631106901401336,0.13746809647324437,0.01237379793001391
685.0,27.400000000000002,1.0,-14.805535300110401,-27.948058584049924,-14.805535300110401,-27.948058584049924,3.634130392412492,0.15241188438731418,0.008829000898455275
686.0,27.44,1.0,-14.903325928025899,-27.896244746667243,-14.903325928025899,-27.896244746667243,3.6372281241954005,0.16627868144585403,0.005580795460795447
687.0,27.48,1.0,-14.997801266624426,-27.844748940113853,-14.997801266624426,-27.844748940113853,3.640417535015538,0.17884577198558024,0.0026388343871622164
688.0,27.52,1.0,-15.091633829523152,-27.792893980508865,-15.091633829523152,-27.792893980508865,3.643711501911529,0.1899283862036604,-1.908851960389854e-06
689.0,27.560000000000002,1.0,-15.184856719176688,-27.741506293010463,-15.184856719176688,-27.741506293010463,3.6471176193276236,0.19937278296277558,-0.00235707399106071
690.0,27.6,1.0,-15.277167709199835,-27.689320302273323,-15.277167709199835,-27.689320302273323,3.650637047405869,0.20705360727360383,-0.004449618749863626
691.0,27.64,1.0,-15.369889598740016,-27.637874374039747,-15.369889598740016,-27.637874374039747,3.6542664040985207,0.21286388927562197,-0.006304710887123538
692.0,27.68,1.0,-15.46041292330103,-27.585052378279492,-15.46041292330103,-27.585052378279492,3.6579973387207843,0.21675563929188732,-0.007946876203940476
693.0,27.72,1.0,-15.550993309489346,-27.5360553842852,-15.550993309489346,-27.5360553842852,3.661816818467231,0.21872535640577992,-0.009396671031781307
694.0,27.76,1.0,-15.639065631784433,-27.48665181556651,-15.639065631784433,-27.48665181556651,3.6657100314324444,0.21881094225245032,-0.010667597519487738
695.0,27.8,1.0,-15.728588959602547,-27.43834519098066,-15.728588959602547,-27.43834519098066,3.6696588476268155,0.21708328589136694,-0.01176396271493193
696.0,27.84,1.0,-15.811920673918639,-27.391360562279015,-15.811920673918639,-27.391360562279015,3.673639335025226,0.21366489513381953,-0.012680103230415102
697.0,27.88,1.0,-15.896266751178427,-27.343686028299068,-15.896266751178427,-27.343686028299068,3.677625733378144,0.20872198501331402,-0.01340016456460355
698.0,27.92,1.0,-15.974918025709858,-27.29472587239734,-15.974918025709858,-27.29472587239734,3.6815880594608523,0.20245132678600336,-0.013897740825924185
699.0,27.96,1.0,-16.05371753887124,-27.24701200519481,-16.05371753887124,-27.24701200519481,3.6854971168098407,0.19505596460862945,-0.014136817187850093
700.0,28.0,1.0,-16.13156726775516,-27.19978747838337,-16.13156726775516,-27.19978747838337,3.6893260402485444,0.1867509247192228,-0.01407392832884578
701.0,28.04,1.0,-16.208685836061896,-27.15288186017487,-16.208685836061896,-27.15288186017487,3.6930522411450992,0.1777630827088959,-0.013660295435645892
702.0,28.080000000000002,1.0,-16.284530658501502,-27.10647252078283,-16.284530658501502,-27.10647252078283,3.696656021966875,0.1683400186088777,-0.012846201341617463
703.0,28.12,1.0,-16.36035110265487,-27.059650807032092,-16.36035110265487,-27.059650807032092,3.700121751780243,0.15869496268887423,-0.011583138163219537
704.0,28.16,1.0,-16.435043978977355,-27.015559302307928,-16.435043978977355,-27.015559302307928,3.7034363435733626,0.14903021744925335,-0.009827917726546412
705.0,28.2,1.0,-16.507827278983324,-26.968775606091576,-16.507827278983324,-26.968775606091576,3.706589486597656,0.1395335947603587,-0.00754605760147295
706.0,28.240000000000002,1.0,-16.582529589472422,-26.922492482561076,-16.582529589472422,-26.922492482561076,3.7095722521687073,0.13038818274338607,-0.004717012277838283
707.0,28.28,1.0,-16.659802953860183,-26.873155639714202,-16.659802953860183,-26.873155639714202,3.7123834416532224,0.12172150224927984,-0.001336179656377054
708.0,28.32,1.0,-16.73546414384065,-26.82404999698074,-16.73546414384065,-26.82404999698074,3.7150220958558746,0.11362601377623152,0.002582015410717978
709.0,28.36,1.0,-16.807434848371308,-26.774864823695225,-16.807434848371308,-26.774864823695225,3.7174974856300205,0.10615962917192616,0.007001917186412502
710.0,28.400000000000002,1.0,-16.878607532222027,-26.7274610146035,-16.878607532222027,-26.7274610146035,3.71981948215207,0.09936258051155483,0.011865752892813866
711.0,28.44,1.0,-16.9532865749387,-26.67513546937884,-16.9532865749387,-26.67513546937884,3.7220005834955097,0.09325555551127171,0.017094281010707202
712.0,28.48,1.0,-17.025573049921128,-26.624162156133288,-17.025573049921128,-26.624162156133288,3.724052416274566,0.08782527715965999,0.022587345643346017
713.0,28.52,1.0,-17.09789019569249,-26.57173192687648,-17.09789019569249,-26.57173192687648,3.7259860016838835,0.08302582143644845,0.02822641390246953
714.0,28.560000000000002,1.0,-17.169345521773728,-26.519973943178474,-17.169345521773728,-26.519973943178474,3.727811326323308,0.07880805075149246,0.03387610603020476
715.0,28.6,1.0,-17.238738280447087,-26.46700280827691,-17.238738280447087,-26.46700280827691,3.7295368663832527,0.0751143743693024,0.03938822316836803
716.0,28.64,1.0,-17.308870593208148,-26.415325611475538,-17.308870593208148,-26.415325611475538,3.731171949570873,0.07185920433700868,0.044605251753755834
717.0,28.68,1.0,-17.376406903097013,-26.36431375163566,-17.376406903097013,-26.36431375163566,3.7327259372357275,0.06892455090247122,0.04936802435371798
718.0,28.72,1.0,-17.44611331707302,-26.31552156397649,-17.44611331707302,-26.31552156397649,3.7342065171937313,0.06622526125425444,0.05351867570412631
719.0,28.76,1.0,-17.514709560323354,-26.267984504387954,-17.514709560323354,-26.267984504387954,3.735624739612356,0.06367435302994914,0.05690799232462449
720.0,28.8,1.0,-17.583150639578033,-26.221137167347244,-17.583150639578033,-26.221137167347244,3.7369849489558282,0.06118945575558662,0.05939995275496136
721.0,28.84,1.0,-17.652473302279795,-26.173493225722826,-17.652473302279795,-26.173493225722826,3.7382923742088314,0.05867649120288752,0.060877847673828756
722.0,28.88,1.0,-17.72017911788745,-26.125706585410473,-17.72017911788745,-26.125706585410473,3.7395485400359147,0.056054963003485045,0.06124724940666647
723.0,28.92,1.0,-17.791649905667807,-26.075605822913378,-17.791649905667807,-26.075605822913378,3.74075652857979,0.05326751702989607,0.06044088642860188
724.0,28.96,1.0,-17.859944029252844,-26.02590709186374,-17.859944029252844,-26.02590709186374,3.7419199223923427,0.05028425977164676,0.058421350867609
725.0,29.0,1.0,-17.93215086821511,-25.9769877028574,-17.93215086821511,-25.9769877028574,3.743042437317282,0.04708491376024868,0.05518382085256892
726.0,29.04,1.0,-17.998169360466793,-25.931504979476063,-17.998169360466793,-25.931504979476063,3.744133167475966,0.043638821106200765,0.05075626067445251
727.0,29.080000000000002,1.0,-18.062465246715476,-25.883973413474372,-18.062465246715476,-25.883973413474372,3.7451986670529047,0.039947036277560986,0.04519957232241509
728.0,29.12,1.0,-18.12891822525214,-25.84158007669962,-18.12891822525214,-25.84158007669962,3.7462533115683874,0.036041144883326534,0.038604221220886366
729.0,29.16,1.0,-18.196867308211388,-25.794499575276667,-18.196867308211388,-25.794499575276667,3.7473100535440125,0.031941283386815775,0.03109095310781303
730.0,29.2,1.0,-18.27199748734292,-25.74518787744943,-18.27199748734292,-25.74518787744943,3.7483849469971497,0.0276800120772424,0.02280549299430429
731.0,29.240000000000002,1.0,-18.341758379186324,-25.700144910935315,-18.341758379186324,-25.700144910935315,3.7494959399796848,0.02331029496614717,0.013915339755854347
732.0,29.28,1.0,-18.41449568007232,-25.654255767820597,-18.41449568007232,-25.654255767820597,3.7506643538356044,0.01891803320517036,0.004602868974264528
733.0,29.32,1.0,-18.48536631604326,-25.60887436114187,-18.48536631604326,-25.60887436114187,3.7519145132686056,0.014571762934604927,-0.0049380180766722325
734.0,29.36,1.0,-18.557407711092623,-25.56405240851316,-18.557407711092623,-25.56405240851316,3.753271397240357,0.010344068499570513,-0.014509401411627076
735.0,29.400000000000002,1.0,-18.621779398871695,-25.522076311541152,-18.621779398871695,-25.522076311541152,3.7547613166687426,0.0062937686892882375,-0.02391445381173061
736.0,29.44,1.0,-18.690597535116808,-25.480407384974633,-18.690597535116808,-25.480407384974633,3.756412947656205,0.0024958197981560957,-0.03296356996054033
737.0,29.48,1.0,-18.759844552674743,-25.43520164993032,-18.759844552674743,-25.43520164993032,3.7582498159330244,-0.000949792851223552,-0.041478924338667914
738.0,29.52,1.0,-18.82792640853594,-25.3923806389625,-18.82792640853594,-25.3923806389625,3.7603010990159347,-0.003954010041480038,-0.049298087516802994
739.0,29.560000000000002,1.0,-18.894261404391273,-25.34666639993439,-18.894261404391273,-25.34666639993439,3.7625829222743263,-0.0064467949527140965,-0.056278250977599885
740.0,29.6,1.0,-18.96216781223443,-25.302021888956595,-18.96216781223443,-25.302021888956595,3.765115271653156,-0.008353723124552015,-0.06230103656836801
741.0,29.64,1.0,-19.02679943310717,-25.255204730859454,-19.02679943310717,-25.255204730859454,3.7679079851922146,-0.009590267273631136,-0.06727442920171506
742.0,29.68,1.0,-19.093529214784507,-25.20940097929548,-19.093529214784507,-25.20940097929548,3.770971569019963,-0.010097398127861756,-0.07113298614276646
743.0,29.72,1.0,-19.160020749190586,-25.1615795612055,-19.160020749190586,-25.1615795612055,3.7743062027551852,-0.009856032139791682,-0.0738373496040074
744.0,29.76,1.0,-19.228735551442004,-25.112434502632134,-19.228735551442004,-25.112434502632134,3.7779111808207397,-0.008832969016307434,-0.07537613950281026
745.0,29.8,1.0,-19.295069823543386,-25.062752596202962,-19.295069823543386,-25.062752596202962,3.7817790984470356,-0.007027408954740732,-0.0757634153331452
746.0,29.84,1.0,-19.36426960235011,-25.01047004189156,-19.36426960235011,-25.01047004189156,3.785898864237141,-0.004445498948159765,-0.07503702013132517
747.0,29.88,1.0,-19.437960323521615,-24.96004865795249,-19.437960323521615,-24.96004865795249,3.790253412014164,-0.0011431370417457176,-0.07325528403881518
748.0,29.92,1.0,-19.507736394734376,-24.906467681372852,-19.507736394734376,-24.906467681372852,3.7948231885960153,0.002804032730524736,-0.0704935187414342
749.0,29.96,1.0,-19.58183109560473,-24.854474204607406,-19.58183109560473,-24.854474204607406,3.799580322914835,0.007301399393755093,-0.06684290082750466
750.0,30.0,1.0,-19.64571610209581,-24.804000281463484,-19.64571610209581,-24.804000281463484,3.804500654965259,0.01225061437863173,-0.062404491055241304
751.0,30.04,1.0,-19.71664849316293,-24.75305096807491,-19.71664849316293,-24.75305096807491,3.8095529648772035,0.01752817635996793,-0.057286069648795526
752.0,30.080000000000002,1.0,-19.778901410999556,-24.701422144964262,-19.778901410999556,-24.701422144964262,3.8147090442968734,0.022962240400069854,-0.05159688917417058
753.0,30.12,1.0,-19.842885891074378,-24.648437795286604,-19.842885891074378,-24.648437795286604,3.819936302142655,0.028394740580238286,-0.04544854516650245
754.0,30.16,1.0,-19.903223174349858,-24.595689944005017,-19.903223174349858,-24.595689944005017,3.825205805494771,0.03368819883993833,-0.03894990453647922
755.0,30.2,1.0,-19.969720323969458,-24.54129911607823,-19.969720323969458,-24.54129911607823,3.830482305303807,0.03866615634423211,-0.032203898678070435
756.0,30.240000000000002,1.0,-20.03114280597009,-24.485143656838588,-20.03114280597009,-24.485143656838588,3.8357320334783793,0.043147823029985294,-0.0253047538537702
757.0,30.28,1.0,-20.09398551154192,-24.431438824252876,-20.09398551154192,-24.431438824252876,3.8409186162560593,0.04694364665922712,-0.018338906956421635
758.0,30.32,1.0,-20.15358446089548,-24.37612652809907,-20.15358446089548,-24.37612652809907,3.846005160411525,0.04990437241080849,-0.011384167338768411
759.0,30.36,1.0,-20.217755687585523,-24.3209888441605,-20.217755687585523,-24.3209888441605,3.85095943569562,0.051857922261596856,-0.0045100049957746465
760.0,30.400000000000002,1.0,-20.277709726321127,-24.265425823230522,-20.277709726321127,-24.265425823230522,3.8557501225038306,0.05265282724218486,0.0022248004695146727
761.0,30.44,1.0,-20.34232370671845,-24.21117986422582,-20.34232370671845,-24.21117986422582,3.860352799171335,0.052135932426594776,0.008769315607425335
762.0,30.48,1.0,-20.403175214005582,-24.156501815832883,-20.403175214005582,-24.156501815832883,3.864744685542681,0.0501889631790049,0.01507987217982382
763.0,30.52,1.0,-20.469726400479356,-24.100423868982567,-20.469726400479356,-24.100423868982567,3.8689104443129336,0.04673601194057713,0.021116484922413636
764.0,30.560000000000002,1.0,-20.52963646600831,-24.04474914315076,-20.52963646600831,-24.04474914315076,3.8728356541948705,0.041680417190596605,0.026846797572217945
765.0,30.6,1.0,-20.589721064433178,-23.991027729310343,-20.589721064433178,-23.991027729310343,3.8765128431868128,0.03493763400609716,0.03224026013201768
766.0,30.64,1.0,-20.647312712080467,-23.936146461689244,-20.647312712080467,-23.936146461689244,3.8799389025873694,0.02647463230562816,0.03726850895714355
767.0,30.68,1.0,-20.702139354939664,-23.883625388276652,-20.702139354939664,-23.883625388276652,3.8831181149513085,0.01633121072491379,0.04190165141315152
768.0,30.72,1.0,-20.75756265386854,-23.828210079672893,-20.75756265386854,-23.828210079672893,3.886060104985346,0.004549056870595458,0.046112650069118216
769.0,30.76,1.0,-20.809303033083438,-23.77672475391747,-20.809303033083438,-23.77672475391747,3.888782485950786,-0.00882691657345867,0.049875055991338076
770.0,30.8,1.0,-20.86305419353173,-23.72293204856633,-20.86305419353173,-23.72293204856633,3.891300222651945,-0.023679760814266298,0.053162853597168755
771.0,30.84,1.0,-20.905893047371542,-23.675509572102374,-20.905893047371542,-23.675509572102374,3.8936320101786572,-0.03986670839923507,0.0559483675286373
772.0,30.88,1.0,-20.966920878480273,-23.616898636161643,-20.966920878480273,-23.616898636161643,3.895786491099217,-0.057192054438442684,0.058204101442309385
773.0,30.92,1.0,-21.02634168868841,-23.558034648879577,-21.02634168868841,-23.558034648879577,3.897774573033162,-0.07546563532932157,0.059904261375607414
774.0,30.96,1.0,-21.07795922189183,-23.505019561627968,-21.07795922189183,-23.505019561627968,3.8995966508939675,-0.09446317520285678,0.061026432849198134
775.0,31.0,1.0,-21.134315815487327,-23.448639640137486,-21.134315815487327,-23.448639640137486,3.901258864308094,-0.11389467808473326,0.06154922293628319
776.0,31.04,1.0,-21.18532295749088,-23.396584671037296,-21.18532295749088,-23.396584671037296,3.9027618265974398,-0.13344215434938725,0.061456692530059295
777.0,31.080000000000002,1.0,-21.247587204258704,-23.338229429580046,-21.247587204258704,-23.338229429580046,3.904115405223821,-0.15277511441835312,0.06073925599488141
778.0,31.12,1.0,-21.30199618885719,-23.287768085078444,-21.30199618885719,-23.287768085078444,3.9053260240885677,-0.17159372927498467,0.05939691730111436
779.0,31.16,1.0,-21.363254510679226,-23.22904850135294,-21.363254510679226,-23.22904850135294,3.9064039707918874,-0.18950690177528048,0.05743605900852037
780.0,31.2,1.0,-21.423282470812726,-23.17323695081874,-21.423282470812726,-23.17323695081874,3.90735580283552,-0.2061073500416045,0.05487279249400103
781.0,31.240000000000002,1.0,-21.48169287539348,-23.115995807456347,-21.48169287539348,-23.115995807456347,3.9081901342686196,-0.22100675280400722,0.051733421072188424
782.0,31.28,1.0,-21.53867556637805,-23.060943627755563,-21.53867556637805,-23.060943627755563,3.908915724381667,-0.23384241545644743,0.04805588692924505
783.0,31.32,1.0,-21.58667556244993,-23.01090664204348,-21.58667556244993,-23.01090664204348,3.9095474658500855,-0.2442657203573632,0.04388732669532242
784.0,31.36,1.0,-21.650408330616976,-22.951461133606017,-21.650408330616976,-22.951461133606017,3.9101028954305965,-0.25193551989363117,0.03928229595579026
785.0,31.400000000000002,1.0,-21.711092321483576,-22.892188946258653,-21.711092321483576,-22.892188946258653,3.910607447456532,-0.2565718476330211,0.034302765708737595
786.0,31.44,1.0,-21.77783534033955,-22.830913103043354,-21.77783534033955,-22.830913103043354,3.9110863312734714,-0.2579623647126513,0.02901762941878943
787.0,31.48,1.0,-21.846171522144893,-22.766771096245268,-21.846171522144893,-22.766771096245268,3.9115680811974016,-0.25596935769610507,0.023501433978415295
788.0,31.52,1.0,-21.921800592572133,-22.699319147014258,-21.921800592572133,-22.699319147014258,3.912072670165832,-0.2504849108606849,0.017829477577219078
789.0,31.560000000000002,1.0,-21.994131101264124,-22.63097229649607,-21.994131101264124,-22.63097229649607,3.912619019907897,-0.24145474984846227,0.01207662635260269
790.0,31.6,1.0,-22.069916970135928,-22.560680086164265,-22.069916970135928,-22.560680086164265,3.913222181594544,-0.22895572284790894,0.0063157611723522675
791.0,31.64,1.0,-22.14491438145763,-22.485741581833874,-22.14491438145763,-22.485741581833874,3.9138995275600963,-0.2131614984676995,0.0006148082708114091
792.0,31.68,1.0,-22.21100494320924,-22.418939340473123,-22.21100494320924,-22.418939340473123,3.914670983174358,-0.19432745958670783,-0.004966269361074781
793.0,31.720000000000002,1.0,-22.275339971141513,-22.355060873147558,-22.275339971141513,-22.355060873147558,3.915560603573951,-0.17277047309882046,-0.010376578131335003
794.0,31.76,1.0,-22.351974660386542,-22.281670814645175,-22.351974660386542,-22.281670814645175,3.91659852538793,-0.14892000491646645,-0.015573586333435918
795.0,31.8,1.0,-22.42563186418561,-22.21352499414302,-22.42563186418561,-22.21352499414302,3.9178156863025277,-0.1232612452540669,-0.02052312284048059
796.0,31.84,1.0,-22.514203834628102,-22.136088396378415,-22.514203834628102,-22.136088396378415,3.9192438605140945,-0.09631195776801812,-0.025200762811931603
797.0,31.88,1.0,-22.589026378701565,-22.0645737207111,-22.589026378701565,-22.0645737207111,3.92090915727299,-0.06863565250528258,-0.029591027658403928
798.0,31.92,1.0,-22.674602462338793,-21.9845161545931,-22.674602462338793,-21.9845161545931,3.9228343654238635,-0.04081615966296092,-0.03368868065864648
799.0,31.96,1.0,-22.748794976159378,-21.912616897394273,-22.748794976159378,-21.912616897394273,3.9250376840098498,-0.013498793605845572,-0.037493775123196876
800.0,32.0,1.0,-22.8288091225361,-21.835095343960795,-22.8288091225361,-21.835095343960795,3.9275355258071487,0.012674849433204594,-0.04101217861275174
801.0,32.04,1.0,-22.905340441903864,-21.759673111805117,-22.905340441903864,-21.759673111805117,3.9303375848610846,0.03708255759171886,-0.04425223144130723
802.0,32.08,1.0,-22.987776400747727,-21.6806341914121,-22.987776400747727,-21.6806341914121,3.933450654201958,0.059168969200927825,-0.04722422655494963
803.0,32.12,1.0,-23.06925180926008,-21.600971914236,-23.06925180926008,-21.600971914236,3.9368759602982584,0.07841901189920257,-0.04993447029791301
804.0,32.160000000000004,1.0,-23.141450337203004,-21.52848304179225,-23.141450337203004,-21.52848304179225,3.9406056333686243,0.09438963155951588,-0.052385027358231605
805.0,32.2,1.0,-23.21591599119765,-21.453209473808464,-23.21591599119765,-21.453209473808464,3.9446201188306658,0.10673505779756302,-0.054570720503574796
806.0,32.24,1.0,-23.286547700220062,-21.38088942708891,-23.286547700220062,-21.38088942708891,3.948891709311389,0.11521893586479286,-0.05647799715050543
807.0,32.28,1.0,-23.3583352542366,-21.3056238030707,-23.3583352542366,-21.3056238030707,3.9533832931360195,0.11969305391548005,-0.05808315587816111
808.0,32.32,1.0,-23.420174777567457,-21.23888191047508,-23.420174777567457,-21.23888191047508,3.9580575250262564,0.12014290453100551,-0.05935309569705327
809.0,32.36,1.0,-23.489352074060807,-21.166326745696278,-23.489352074060807,-21.166326745696278,3.9628737855143115,0.11665923101596624,-0.06024472615899368
810.0,32.4,1.0,-23.54011876626664,-21.11260620995656,-23.54011876626664,-21.11260620995656,3.967796805046286,0.10943839113657731,-0.060708323389115595
811.0,32.44,1.0,-23.611263651733815,-21.042152441181567,-23.611263651733815,-21.042152441181567,3.972791382299088,0.09875923078423773,-0.06068945184322192
812.0,32.480000000000004,1.0,-23.66668517617483,-20.990632954891506,-23.66668517617483,-20.990632954891506,3.9778324583920286,0.08499761130145672,-0.060131917679350874
813.0,32.52,1.0,-23.736317017132556,-20.920276216839902,-23.736317017132556,-20.920276216839902,3.9828922086257803,0.06858923773064886,-0.058977842625522206
814.0,32.56,1.0,-23.80166593406993,-20.856093601032295,-23.80166593406993,-20.856093601032295,3.9879468845808965,0.05004406896843364,-0.057175024447634684
815.0,32.6,1.0,-23.869596789723694,-20.78347576000133,-23.869596789723694,-20.78347576000133,3.992976164630148,0.029916256763464166,-0.054679122457798976
816.0,32.64,1.0,-23.92456383733264,-20.71925288671729,-23.92456383733264,-20.71925288671729,3.997965274499991,0.008806108425779757,-0.05145954340033935
817.0,32.68,1.0,-23.983840733434196,-20.652054665728322,-23.983840733434196,-20.652054665728322,4.0029055426161655,-0.012710466639160211,-0.04750212318058046
818.0,32.72,1.0,-24.039776216266546,-20.584328044547647,-24.039776216266546,-20.584328044547647,4.007796271987071,-0.034083067636025456,-0.04281304451232302
819.0,32.76,1.0,-24.094428993926616,-20.517234660267512,-24.094428993926616,-20.517234660267512,4.01264200625379,-0.054814830572405916,-0.03742030248872287
820.0,32.8,1.0,-24.14475920031385,-20.450619709820245,-24.14475920031385,-20.450619709820245,4.01745345199023,-0.07443528180478626,-0.031376136053458195
821.0,32.84,1.0,-24.20215710390047,-20.37730416736948,-24.20215710390047,-20.37730416736948,4.022243430146098,-0.09251722626001005,-0.024756658900884528
822.0,32.88,1.0,-24.261153430701025,-20.302791395342936,-24.261153430701025,-20.302791395342936,4.0270252999690275,-0.10869360854679862,-0.01765893402818818
823.0,32.92,1.0,-24.31748499906687,-20.226277510297315,-24.31748499906687,-20.226277510297315,4.0318038721963685,-0.12267733725095668,-0.010200433412313898
824.0,32.96,1.0,-24.37570552745074,-20.149304758158586,-24.37570552745074,-20.149304758158586,4.036585508415195,-0.13424137098472128,-0.0025183671943089098
825.0,33.0,1.0,-24.43164340250042,-20.072754140841084,-24.43164340250042,-20.072754140841084,4.041368800213876,-0.14322177457425678,0.005235734956838938
826.0,33.04,1.0,-24.48942986695521,-19.996201593410127,-24.48942986695521,-19.996201593410127,4.046148570814766,-0.1495536285194942,0.012901720520854873
827.0,33.08,1.0,-24.54205861697385,-19.920235840423608,-24.54205861697385,-19.920235840423608,4.050914386110776,-0.15326155885386178,0.02031590579920472
828.0,33.12,1.0,-24.60050809622625,-19.84221867427078,-24.60050809622625,-19.84221867427078,4.055650119541243,-0.15444861733952886,0.0273152576414522
829.0,33.160000000000004,1.0,-24.654437223229927,-19.763274237988075,-24.654437223229927,-19.763274237988075,4.060334936050685,-0.15323422617276555,0.03374386900354981
830.0,33.2,1.0,-24.724992139361618,-19.669072708140533,-24.724992139361618,-19.669072708140533,4.064942542900594,-0.14980012282028476,0.03945929839345265
831.0,33.24,1.0,-24.783107032661018,-19.585976765155884,-24.783107032661018,-19.585976765155884,4.069444156949169,-0.14437837061007866,0.04433981152967846
832.0,33.28,1.0,-24.85330758676165,-19.487786984423263,-24.85330758676165,-19.487786984423263,4.073806027045735,-0.13723401099369908,0.048288694736392926
833.0,33.32,1.0,-24.913897752962033,-19.402540954032517,-24.913897752962033,-19.402540954032517,4.077996507674335,-0.128607013022417,0.051235302132982295
834.0,33.36,1.0,-24.977408256666596,-19.312995118229654,-24.977408256666596,-19.312995118229654,4.081989725567207,-0.1187457914366193,0.05313941584121468
835.0,33.4,1.0,-25.037480093491347,-19.2293935419873,-25.037480093491347,-19.2293935419873,4.085762642872309,-0.10793034974091997,0.053993269279191694
836.0,33.44,1.0,-25.100560169400975,-19.14208788285804,-25.100560169400975,-19.14208788285804,4.089303064422405,-0.09646474609082,0.0538207615625552
837.0,33.480000000000004,1.0,-25.15280651032515,-19.06630904773376,-25.15280651032515,-19.06630904773376,4.092605558996093,-0.0846062543849064,0.05267256946893525
838.0,33.52,1.0,-25.216076177073454,-18.976846001023837,-25.216076177073454,-18.976846001023837,4.095673051115961,-0.07258549062204842,0.050625640499321944
839.0,33.56,1.0,-25.281790249929227,-18.89066090497024,-25.281790249929227,-18.89066090497024,4.098516712240301,-0.060595053976101855,0.04778091845968217
840.0,33.6,1.0,-25.34570570229068,-18.802100050318202,-25.34570570229068,-18.802100050318202,4.101154477795102,-0.0488489115287994,0.044258998232745074
841.0,33.64,1.0,-25.40889975089719,-18.71737757305614,-25.40889975089719,-18.71737757305614,4.103611587866042,-0.037497424844717665,0.04019254923776141
842.0,33.68,1.0,-25.46998408962196,-18.62729406448646,-25.46998408962196,-18.62729406448646,4.105916085062432,-0.02665910674918217,0.03571994650385892
843.0,33.72,1.0,-25.535577522223434,-18.538573350888772,-25.535577522223434,-18.538573350888772,4.108102902494287,-0.016406270515326494,0.030980346706212792
844.0,33.76,1.0,-25.59824545375582,-18.44661654804438,-25.59824545375582,-18.44661654804438,4.110207070124111,-0.006852441926997621,0.026110450207014295
845.0,33.8,1.0,-25.661850912101023,-18.35547318130682,-25.661850912101023,-18.35547318130682,4.112264867168693,0.0019339521958766537,0.02123734201815245
846.0,33.84,1.0,-25.722099003492662,-18.263086259554154,-25.722099003492662,-18.263086259554154,4.114311712272213,0.009919736369536525,0.016473519923151526
847.0,33.88,1.0,-25.785085047414974,-18.173315106908625,-25.785085047414974,-18.173315106908625,4.116378457062225,0.01711898667490217,0.011914721592792072
848.0,33.92,1.0,-25.845493114507114,-18.07992528074287,-25.845493114507114,-18.07992528074287,4.118494407461147,0.023517242973648524,0.007641240700985057
849.0,33.96,1.0,-25.90588513324347,-17.993275391259257,-25.90588513324347,-17.993275391259257,4.120685635022937,0.02911364472369502,0.003714711067049654
850.0,34.0,1.0,-25.964643331487576,-17.90587039569413,-25.964643331487576,-17.90587039569413,4.122972112752125,0.033934672797583575,0.00017703771975630458
851.0,34.04,1.0,-26.02114440110886,-17.822733342010146,-26.02114440110886,-17.822733342010146,4.1253688261802255,0.03805948469577828,-0.0029485284555803687
852.0,34.08,1.0,-26.08009719972012,-17.736147375573342,-26.08009719972012,-17.736147375573342,4.1278816244542025,0.04155231504041403,-0.005652843933894337
853.0,34.12,1.0,-26.137332916056113,-17.65200164646427,-26.137332916056113,-17.65200164646427,4.130512105767066,0.04445323522750457,-0.007939421708235521
854.0,34.160000000000004,1.0,-26.193608607518524,-17.566271998601696,-26.193608607518524,-17.566271998601696,4.133251207264254,0.04679440864135385,-0.009823183401904304
855.0,34.2,1.0,-26.250956756187804,-17.480592010478816,-26.250956756187804,-17.480592010478816,4.1360880711388,0.048645132404778565,-0.01132857869389283
856.0,34.24,1.0,-26.30604935204202,-17.395123007734252,-26.30604935204202,-17.395123007734252,4.139003812099955,0.05004888770239983,-0.012483925436701055
857.0,34.28,1.0,-26.369879932240714,-17.295841335023333,-26.369879932240714,-17.295841335023333,4.1419790425373915,0.05104650240361001,-0.01331778666118883
858.0,34.32,1.0,-26.42451971478645,-17.2114625428743,-26.42451971478645,-17.2114625428743,4.14499430380735,0.051660935279063534,-0.013857621415575542
859.0,34.36,1.0,-26.481087757930652,-17.118663082940934,-26.481087757930652,-17.118663082940934,4.1480295945589685,0.05195375585654634,-0.014130033448219217
860.0,34.4,1.0,-26.54131734667992,-17.027941349869202,-26.54131734667992,-17.027941349869202,4.151064350705557,0.051972384698514874,-0.014157760222139168
861.0,34.44,1.0,-26.59656542067345,-16.93991594606198,-26.59656542067345,-16.93991594606198,4.154080555000753,0.05174763889620484,-0.013958089085497158
862.0,34.480000000000004,1.0,-26.65132722560614,-16.854219041351307,-26.65132722560614,-16.854219041351307,4.1570624408890735,0.05127004698599238,-0.013544737831730297
863.0,34.52,1.0,-26.704079178266134,-16.768147672474345,-26.704079178266134,-16.768147672474345,4.160000811329049,0.050530660399239834,-0.01293093492459436
864.0,34.56,1.0,-26.758447983817945,-16.682870604337037,-26.758447983817945,-16.682870604337037,4.162891034501252,0.04954638031913726,-0.012129527821016185
865.0,34.6,1.0,-26.812247495062394,-16.596422516082022,-26.812247495062394,-16.596422516082022,4.165738959291794,0.04831523989563684,-0.011152310566005658
866.0,34.64,1.0,-26.867582192076533,-16.50832115250479,-26.867582192076533,-16.50832115250479,4.168554148929184,0.04681176769712544,-0.010012651947603434
867.0,34.68,1.0,-26.919432258325912,-16.422828971564435,-26.919432258325912,-16.422828971564435,4.171355779598606,0.04500971626020282,-0.008729195065895905
868.0,34.72,1.0,-26.97220610856432,-16.337150329139384,-26.97220610856432,-16.337150329139384,4.174165063066389,0.04289373402591791,-0.007326987563102845
869.0,34.76,1.0,-27.024293784439074,-16.24960737556441,-27.024293784439074,-16.24960737556441,4.177002690718774,0.040444111204892996,-0.005837000942799363
870.0,34.800000000000004,1.0,-27.07603545971417,-16.161755354943633,-27.07603545971417,-16.161755354943633,4.179889446028822,0.03763124656278407,-0.004296010322884655
871.0,34.84,1.0,-27.124525992210742,-16.072909053655255,-27.124525992210742,-16.072909053655255,4.18284246399206,0.03443136763211774,-0.0027482557204185722
872.0,34.88,1.0,-27.172531378342207,-15.985615414769555,-27.172531378342207,-15.985615414769555,4.185878819273411,0.03081827143321547,-0.001245602005107046
873.0,34.92,1.0,-27.21784981315265,-15.898489724948096,-27.21784981315265,-15.898489724948096,4.189010925286454,0.026789955614175277,0.0001558364385011602
874.0,34.96,1.0,-27.26745614318063,-15.811820282805105,-27.26745614318063,-15.811820282805105,4.192249756035206,0.022349653712552986,0.0013996267595623036
875.0,35.0,1.0,-27.3141288349692,-15.72079072362121,-27.3141288349692,-15.72079072362121,4.195599246510744,0.017510338672392545,0.0024302004505149222
876.0,35.04,1.0,-27.36621291994755,-15.629834292960377,-27.36621291994755,-15.629834292960377,4.199058570754741,0.012308829539557253,0.0031935176314959123
877.0,35.08,1.0,-27.418091763694143,-15.541157190386619,-27.418091763694143,-15.541157190386619,4.2026199848047785,0.006813674214292265,0.0036427528411863514
878.0,35.12,1.0,-27.46962145546167,-15.45111466016316,-27.46962145546167,-15.45111466016316,4.206268241845209,0.0011202584880493193,0.0037429656754404093
879.0,35.160000000000004,1.0,-27.517312590967414,-15.364474974912142,-27.517312590967414,-15.364474974912142,4.209981581822764,-0.004675329739115252,0.0034723537926406103
880.0,35.2,1.0,-27.56595692544378,-15.276522231108578,-27.56595692544378,-15.276522231108578,4.213737731236054,-0.010453641615341491,0.002822100324187183
881.0,35.24,1.0,-27.612837124737432,-15.189007395823111,-27.612837124737432,-15.189007395823111,4.2175110107467,-0.016094161183505838,0.0017985284822843652
882.0,35.28,1.0,-27.659488818757655,-15.103642686073176,-27.659488818757655,-15.103642686073176,4.221281937689016,-0.021459522207116666,0.00042551044343291586
883.0,35.32,1.0,-27.70623539069957,-15.019903086885552,-27.70623539069957,-15.019903086885552,4.225029752406912,-0.026397215280212927,-0.0012558819594919962
884.0,35.36,1.0,-27.75193805949894,-14.934641093857403,-27.75193805949894,-14.934641093857403,4.228739938121424,-0.030764708358726356,-0.0031898143025987217
885.0,35.4,1.0,-27.798548031721822,-14.851552760320535,-27.798548031721822,-14.851552760320535,4.232397864780963,-0.03443062546333773,-0.005309511088114202
886.0,35.44,1.0,-27.844851737773848,-14.766574384390804,-27.844851737773848,-14.766574384390804,4.235998400111194,-0.03728123340102142,-0.0075378327603483255
887.0,35.480000000000004,1.0,-27.894034211950547,-14.678755627810565,-27.894034211950547,-14.678755627810565,4.239538808231834,-0.03921260929276491,-0.00978957270346532
888.0,35.52,1.0,-27.942183992173067,-14.585705425533899,-27.942183992173067,-14.585705425533899,4.243024043889834,-0.04014552262325498,-0.011977882694015594
889.0,35.56,1.0,-27.991262493767078,-14.491988392417294,-27.991262493767078,-14.491988392417294,4.246465847872688,-0.040037716873171224,-0.014021090643289852
890.0,35.6,1.0,-28.038766076480947,-14.39682530066905,-28.038766076480947,-14.39682530066905,4.249885097429192,-0.03887687862704099,-0.015844730090112398
891.0,35.64,1.0,-28.087607911945746,-14.304408949394821,-28.087607911945746,-14.304408949394821,4.253307350382765,-0.036687447875388836,-0.017383743763166964
892.0,35.68,1.0,-28.133423266444993,-14.211567521960584,-28.133423266444993,-14.211567521960584,4.256764535011758,-0.033514338898869345,-0.018587122265442273
893.0,35.72,1.0,-28.181464224752972,-14.117283838225998,-28.181464224752972,-14.117283838225998,4.260287615280634,-0.029444228642341606,-0.019423003731036833
894.0,35.76,1.0,-28.22461914758673,-14.023884278423191,-28.22461914758673,-14.023884278423191,4.263908795131408,-0.02460194440161968,-0.019879141044460476
895.0,35.800000000000004,1.0,-28.271011646970628,-13.930437112218323,-28.271011646970628,-13.930437112218323,4.267657341539996,-0.019133045023203843,-0.019962561181254578
896.0,35.84,1.0,-28.31276332019466,-13.838176912992001,-28.31276332019466,-13.838176912992001,4.271560559730748,-0.013190482128579806,-0.019697423116824663
897.0,35.88,1.0,-28.355662453617686,-13.74273766385338,-28.355662453617686,-13.74273766385338,4.275638191743963,-0.00694882880245985,-0.019126259870443245
898.0,35.92,1.0,-28.39865795486346,-13.645890286329413,-28.39865795486346,-13.645890286329413,4.279903920546387,-0.0006059249786765309,-0.01830756389144529
899.0,35.96,1.0,-28.445552711478022,-13.548633996674301,-28.445552711478022,-13.548633996674301,4.284365498691129,0.0056380743423867005,-0.017310990726344094
900.0,36.0,1.0,-28.487989631851626,-13.452881602284709,-28.487989631851626,-13.452881602284709,4.289021530833331,0.011603990346296212,-0.01621003686065333
901.0,36.04,1.0,-28.53351059952383,-13.354643024888768,-28.53351059952383,-13.354643024888768,4.293862793204872,0.017132441918389883,-0.015080214157916317
902.0,36.08,1.0,-28.573843158752915,-13.255083628068665,-28.573843158752915,-13.255083628068665,4.29886855730608,0.022084150308585914,-0.013994495724360864
903.0,36.12,1.0,-28.61454830612298,-13.157558777265582,-28.61454830612298,-13.157558777265582,4.304011908406766,0.02633644440344516,-0.013017455309611067
904.0,36.160000000000004,1.0,-28.654275560401334,-13.062013832887217,-28.654275560401334,-13.062013832887217,4.309258638273201,0.029806629272942864,-0.01219751121185415
905.0,36.2,1.0,-28.6946495399379,-12.966487017842363,-28.6946495399379,-12.966487017842363,4.31457275728754,0.03245298863585104,-0.011564737439552558
906.0,36.24,1.0,-28.733167576310603,-12.872009385874634,-28.733167576310603,-12.872009385874634,4.319912901669491,0.034270582620397505,-0.011128685510863007
907.0,36.28,1.0,-28.77194558810058,-12.78045100391088,-28.77194558810058,-12.78045100391088,4.325238319937908,0.035273050623824145,-0.01087809806422666
908.0,36.32,1.0,-28.810727205040582,-12.689704878394457,-28.810727205040582,-12.689704878394457,4.330507410883358,0.035517554087788186,-0.010778135306589004
909.0,36.36,1.0,-28.849919092211117,-12.598913776216301,-28.849919092211117,-12.598913776216301,4.335683097212241,0.03509818235290203,-0.010771497159212015
910.0,36.4,1.0,-28.889142802338455,-12.506934030688416,-28.889142802338455,-12.506934030688416,4.34072740833174,0.03413076840044876,-0.01078152628679784
911.0,36.44,1.0,-28.929135997571024,-12.412669667864042,-28.929135997571024,-12.412669667864042,4.345609545417852,0.03273381338870335,-0.010718075504574735
912.0,36.480000000000004,1.0,-28.96827532877224,-12.31685546418662,-28.96827532877224,-12.31685546418662,4.35030023119701,0.031044110775351453,-0.010479811022842903
913.0,36.52,1.0,-29.00622258539563,-12.22209567000827,-29.00622258539563,-12.22209567000827,4.354783513228932,0.029209046782393056,-0.009959241414346419
914.0,36.56,1.0,-29.04323320200171,-12.126571239377585,-29.04323320200171,-12.126571239377585,4.359046998574369,0.027379201797058182,-0.009050026165601103
915.0,36.6,1.0,-29.07821964095276,-12.0334278266117,-29.07821964095276,-12.0334278266117,4.36308897976774,0.025687519575190866,-0.007655766336448146
916.0,36.64,1.0,-29.112066262959143,-11.939806168571277,-29.112066262959143,-11.939806168571277,4.366909001112084,0.02424954728085661,-0.005695304759008332
917.0,36.68,1.0,-29.142768159398837,-11.847717260551686,-29.142768159398837,-11.847717260551686,4.370516991782628,0.023161348153971896,-0.003108082849151167
918.0,36.72,1.0,-29.173154535260608,-11.752915793342298,-29.173154535260608,-11.752915793342298,4.3739245273472545,0.022510956767782874,0.0001410123137974159
919.0,36.76,1.0,-29.203208590801303,-11.656543928000072,-29.203208590801303,-11.656543928000072,4.3771498448746975,0.0223525466537138,0.004056193772248821
920.0,36.800000000000004,1.0,-29.234416745843863,-11.558549002850054,-29.234416745843863,-11.558549002850054,4.38021226650233,0.02270943683532368,0.00860788229782936
921.0,36.84,1.0,-29.265144672392218,-11.46029926692498,-29.265144672392218,-11.46029926692498,4.383137831342311,0.023578701381292998,0.013732479478768909
922.0,36.88,1.0,-29.297652532316242,-11.36401237768502,-29.297652532316242,-11.36401237768502,4.3859524786966935,0.02493653891228259,0.019333502327413505
923.0,36.92,1.0,-29.327497300606147,-11.265002808546214,-29.327497300606147,-11.265002808546214,4.388685325635352,0.026710841938588935,0.025283648209834163
924.0,36.96,1.0,-29.357093663985502,-11.168183176127732,-29.357093663985502,-11.168183176127732,4.391358237571863,0.02880106568071128,0.03142670692969044
925.0,37.0,1.0,-29.38419253501268,-11.07100409155975,-29.38419253501268,-11.07100409155975,4.393990100659493,0.031084149714015373,0.037584472050036115
926.0,37.04,1.0,-29.412284268946355,-10.974483798726347,-29.412284268946355,-10.974483798726347,4.396591418912226,0.03342847141273177,0.04356325952208528
927.0,37.08,1.0,-29.43802400797229,-10.874292200618674,-29.43802400797229,-10.874292200618674,4.399170365384773,0.03568303183385726,0.049161705396233206
928.0,37.12,1.0,-29.463571303039334,-10.779116066495162,-29.463571303039334,-10.779116066495162,4.401727209642331,0.03768905134045743,0.05417735357706558
929.0,37.160000000000004,1.0,-29.488123467691203,-10.681876238453894,-29.488123467691203,-10.681876238453894,4.404260701003961,0.039279720969058796,0.058416370889452826
930.0,37.2,1.0,-29.513743770867052,-10.58791060341517,-29.513743770867052,-10.58791060341517,4.406765576689783,0.040297617576325176,0.06170159391421922
931.0,37.24,1.0,-29.540361030534978,-10.490579483538145,-29.540361030534978,-10.490579483538145,4.40923389946167,0.04060262744245653,0.06388115787876666
932.0,37.28,1.0,-29.570618869983086,-10.398889374713026,-29.570618869983086,-10.398889374713026,4.411654604779683,0.04006358815599048,0.06483391096290335
933.0,37.32,1.0,-29.598071651341563,-10.301949942373382,-29.598071651341563,-10.301949942373382,4.414011380890523,0.03856836293538296,0.064476002626317
934.0,37.36,1.0,-29.628046791358365,-10.206479057180776,-29.628046791358365,-10.206479057180776,4.4162879050486925,0.036045943153326855,0.06276315621147097
935.0,37.4,1.0,-29.654767161857073,-10.109178786304296,-29.654767161857073,-10.109178786304296,4.418468321284549,0.03245442951822243,0.05969524290451347
936.0,37.44,1.0,-29.68612337171241,-10.01139788793857,-29.68612337171241,-10.01139788793857,4.4205435040763525,0.027782405801166365,0.0553151953871576
937.0,37.480000000000004,1.0,-29.71490441432357,-9.915447752319798,-29.71490441432357,-9.915447752319798,4.422508868768182,0.022050718984045602,0.0497092656149617
938.0,37.52,1.0,-29.74602761364401,-9.822990957416767,-29.74602761364401,-9.822990957416767,4.424368652054744,0.01533310597534634,0.043002187032376835
939.0,37.56,1.0,-29.7745458981612,-9.73168542730983,-29.7745458981612,-9.73168542730983,4.426133217984056,0.007739212442885823,0.03535546080365998
940.0,37.6,1.0,-29.8052689800383,-9.642536880192843,-29.8052689800383,-9.642536880192843,4.427818624272149,-0.000586465460187402,0.02695958555043365
941.0,37.64,1.0,-29.833453657469,-9.553491824915868,-29.833453657469,-9.553491824915868,4.42944393034944,-0.009470983174457537,0.018029197787257194
942.0,37.68,1.0,-29.86419610391035,-9.468097643230024,-29.86419610391035,-9.468097643230024,4.43103370913913,-0.01871949408984549,0.008794038594655601
943.0,37.72,1.0,-29.894801599709552,-9.380286726693758,-29.894801599709552,-9.380286726693758,4.432611687183867,-0.02810804933636061,-0.0005076560117751254
944.0,37.76,1.0,-29.925434749779168,-9.290096011073686,-29.925434749779168,-9.290096011073686,4.434209156696989,-0.037398171270417425,-0.009638965127686245
945.0,37.800000000000004,1.0,-29.954650242778495,-9.19815232399775,-29.954650242778495,-9.19815232399775,4.435855123525249,-0.04634232001682252,-0.018370139200684008
946.0,37.84,1.0,-29.98333567616761,-9.106054465491416,-29.98333567616761,-9.106054465491416,4.43758294315599,-0.05469543647097621,-0.026487138578476614
947.0,37.88,1.0,-30.011470555719463,-9.014227141825597,-30.011470555719463,-9.014227141825597,4.43941944336796,-0.062210655074122545,-0.033796954615838405
948.0,37.92,1.0,-30.040618117303893,-8.919997552372834,-30.040618117303893,-8.919997552372834,4.441391371483211,-0.0686624230330341,-0.04013402428919048
949.0,37.96,1.0,-30.067476685373236,-8.828565289366576,-30.067476685373236,-8.828565289366576,4.443514857155482,-0.07385604091262186,-0.045361957621355045
950.0,38.0,1.0,-30.095231248373786,-8.732014896593356,-30.095231248373786,-8.732014896593356,4.445800749328432,-0.07763203835265324,-0.04937885640266556
951.0,38.04,1.0,-30.121234511771263,-8.63667313798101,-30.121234511771263,-8.63667313798101,4.448251360764395,-0.07986702804180133,-0.05211762643908653
952.0,38.08,1.0,-30.14548241829228,-8.53595978660037,-30.14548241829228,-8.53595978660037,4.450863864995112,-0.08048261751751291,-0.05354813325150267
953.0,38.12,1.0,-30.172620580315773,-8.439525492856175,-30.172620580315773,-8.439525492856175,4.4536269749944655,-0.07944635884410942,-0.05367514435007518
954.0,38.160000000000004,1.0,-30.199274189877247,-8.339622451333877,-30.199274189877247,-8.339622451333877,4.456527598639756,-0.07677309437079097,-0.05253721548939753
955.0,38.2,1.0,-30.229272573251432,-8.23962489947189,-30.229272573251432,-8.23962489947189,4.459546424033717,-0.07251947191590204,-0.05020291158190989
956.0,38.24,1.0,-30.25518742475135,-8.137374315943516,-30.25518742475135,-8.137374315943516,4.462664033126497,-0.0667936116315105,-0.0467689707190482
957.0,38.28,1.0,-30.282550593225032,-8.036481875947093,-30.282550593225032,-8.036481875947093,4.465856048253105,-0.05973784504978942,-0.04235578359677772
958.0,38.32,1.0,-30.307270088963186,-7.935327373216124,-30.307270088963186,-7.935327373216124,4.469099677264306,-0.051542124175008384,-0.037102791110593794
959.0,38.36,1.0,-30.331200242465616,-7.833491602222514,-30.331200242465616,-7.833491602222514,4.472369900845632,-0.04241835519852365,-0.031164255205756875
960.0,38.4,1.0,-30.352687637792343,-7.731813162557849,-30.352687637792343,-7.731813162557849,4.475646291282066,-0.03260997188269406,-0.02470621078835846
961.0,38.44,1.0,-30.374963681448815,-7.63081821734135,-30.374963681448815,-7.63081821734135,4.478910417901764,-0.022367583278418778,-0.017901331100832796
962.0,38.480000000000004,1.0,-30.394946670871594,-7.525447643234242,-30.394946670871594,-7.525447643234242,4.482147324674394,-0.011954717174954933,-0.01092479635487542
963.0,38.52,1.0,-30.41602090141577,-7.420972615870983,-30.41602090141577,-7.420972615870983,4.485346540232152,-0.0016245481208960078,-0.003951291397971744
964.0,38.56,1.0,-30.436514221377895,-7.315789014516405,-30.436514221377895,-7.315789014516405,4.488504291460538,0.008376828347533172,0.0028478748153410688
965.0,38.6,1.0,-30.45823074878487,-7.210581687705035,-30.45823074878487,-7.210581687705035,4.491621227489742,0.017821316513387697,0.009307879029874405
966.0,38.64,1.0,-30.480698480762623,-7.105609327458213,-30.480698480762623,-7.105609327458213,4.494701686389693,0.026495646651553285,0.015273367719370812
967.0,38.68,1.0,-30.502797132590388,-7.000076245171866,-30.502797132590388,-7.000076245171866,4.497752338256677,0.03422426493329435,0.020601719203324327
968.0,38.72,1.0,-30.523994380225645,-6.895470703295247,-30.523994380225645,-6.895470703295247,4.500783217601102,0.040856893246548856,0.025165075309016682
969.0,38.76,1.0,-30.5442829885309,-6.792677566208093,-30.5442829885309,-6.792677566208093,4.503805682546158,0.04628092172884033,0.028850599020312166
970.0,38.800000000000004,1.0,-30.56496727345194,-6.690777093411403,-30.56496727345194,-6.690777093411403,4.506833975682428,0.05041333993930537,0.03156374810322553
971.0,38.84,1.0,-30.583149523019273,-6.592394715035047,-30.583149523019273,-6.592394715035047,4.5098827606658,0.05321791816697764,0.033230197434911256
972.0,38.88,1.0,-30.60078244358624,-6.493541273712671,-30.60078244358624,-6.493541273712671,4.51296736400833,0.05468916542127109,0.0337970745670423
973.0,38.92,1.0,-30.618222866471655,-6.394514680699391,-30.618222866471655,-6.394514680699391,4.516105593578616,0.054866642713612725,0.033232568877960555
974.0,38.96,1.0,-30.635828247374643,-6.294745818862867,-30.635828247374643,-6.294745818862867,4.519313647878446,0.0538138009474633,0.031529954060907736
975.0,39.0,1.0,-30.653355091775268,-6.199120106930453,-30.653355091775268,-6.199120106930453,4.522605409559654,0.05162796793202595,0.02870831308799876
976.0,39.04,1.0,-30.672102469934543,-6.103132786020302,-30.672102469934543,-6.103132786020302,4.52599180298157,0.04842162465256887,0.024813358209630126
977.0,39.08,1.0,-30.691937453820845,-6.007302058725368,-30.691937453820845,-6.007302058725368,4.52948144917218,0.044337421533553065,0.019916172915938182
978.0,39.12,1.0,-30.712542218154322,-5.910639889170411,-30.712542218154322,-5.910639889170411,4.533080367073072,0.03952134415635687,0.014113840721652216
979.0,39.160000000000004,1.0,-30.73428096211118,-5.812827563426511,-30.73428096211118,-5.812827563426511,4.536791402126556,0.034135954354376975,0.007528171055219376
980.0,39.2,1.0,-30.755545651203448,-5.713564733086625,-30.755545651203448,-5.713564733086625,4.540615109630275,0.02834753309586462,0.0003059728046260389
981.0,39.24,1.0,-30.774397619034044,-5.615946309223194,-30.774397619034044,-5.615946309223194,4.544548209447764,0.022327399664154413,-0.00738561197026536
982.0,39.28,1.0,-30.79340109500517,-5.516788100276534,-30.79340109500517,-5.516788100276534,4.548585585880959,0.016234347022699113,-0.015362184526711866
983.0,39.32,1.0,-30.814040641593646,-5.420426183635563,-30.814040641593646,-5.420426183635563,4.552721402690014,0.0102232679152234,-0.023425025093584878
984.0,39.36,1.0,-30.832568780584403,-5.323443599722452,-30.832568780584403,-5.323443599722452,4.5569450686646915,0.0044292275552717305,-0.031363095456919586
985.0,39.4,1.0,-30.85178150181843,-5.2265888948047285,-30.85178150181843,-5.2265888948047285,4.561246547287464,-0.0010241824401476807,-0.03896177651042469
986.0,39.44,1.0,-30.868955746848336,-5.128918968536959,-30.868955746848336,-5.128918968536959,4.565614261985313,-0.006031061121282688,-0.04600836790667755
987.0,39.480000000000004,1.0,-30.888059563507777,-5.032855339832483,-30.888059563507777,-5.032855339832483,4.570038004596473,-0.01049617631596419,-0.0522979512501822
988.0,39.52,1.0,-30.9047283189297,-4.936708498213303,-30.9047283189297,-4.936708498213303,4.574507901033735,-0.01435466911887806,-0.057637388766548545
989.0,39.56,1.0,-30.923826776969236,-4.8391425197311655,-30.923826776969236,-4.8391425197311655,4.5790164976879435,-0.01755432809220788,-0.06185397991415635
990.0,39.6,1.0,-30.939067614628023,-4.743217423093463,-30.939067614628023,-4.743217423093463,4.5835589230845475,-0.020068276303609023,-0.06480095277212991
991.0,39.64,1.0,-30.955577557564105,-4.644851213011107,-30.955577557564105,-4.644851213011107,4.588132631600791,-0.021882615306955778,-0.06636396375484338
992.0,39.68,1.0,-30.97090519339967,-4.545971566444033,-30.97090519339967,-4.545971566444033,4.592739000728282,-0.02300897526136845,-0.0664630937391228
993.0,39.72,1.0,-30.98548425199014,-4.446476944534203,-30.98548425199014,-4.446476944534203,4.5973811860222105,-0.02347029335766958,-0.06505671687271218
994.0,39.76,1.0,-30.996422878062162,-4.345784991786367,-30.996422878062162,-4.345784991786367,4.60206226582366,-0.02331406958050004,-0.062145088655923365
995.0,39.800000000000004,1.0,-31.006803115456343,-4.245822259489049,-31.006803115456343,-4.245822259489049,4.606788227321205,-0.022596908844889595,-0.05777319523185028
996.0,39.84,1.0,-31.015089859955175,-4.141340121287766,-31.015089859955175,-4.141340121287766,4.611562544321606,-0.02138308958305605,-0.052026741616789864
997.0,39.88,1.0,-31.02286887922937,-4.037861700973126,-31.02286887922937,-4.037861700973126,4.616389630004877,-0.019749958003916122,-0.04503001122084561
998.0,39.92,1.0,-31.028984070912237,-3.9327910567253945,-31.028984070912237,-3.9327910567253945,4.6212702574443725,-0.017786273338787517,-0.036943905847706016
999.0,39.96,1.0,-31.033559968361622,-3.8327886695112725,-31.033559968361622,-3.8327886695112725,4.6262038000363335,-0.01558235635211631,-0.027963427236499312
1000.0,40.0,1.0,-31.038257290506113,-3.7323604547661153,-31.038257290506113,-3.7323604547661153,4.631183433693164,-0.013235699736283302,-0.0183088836677017
1001.0,40.04,1.0,-31.042562813626187,-3.631427073543354,-31.042562813626187,-3.631427073543354,4.636197145660558,-0.010846977724178575,-0.00821884825684352
1002.0,40.08,1.0,-31.046123445649535,-3.531409062655014,-31.046123445649535,-3.531409062655014,4.641227689348858,-0.008520078063729276,0.002057771403958539
1003.0,40.12,1.0,-31.046953652101887,-3.430542631626257,-31.046953652101887,-3.430542631626257,4.646250611851242,-0.006349810255062027,0.012267377341409747
1004.0,40.160000000000004,1.0,-31.049723108581183,-3.327701272182787,-31.049723108581183,-3.327701272182787,4.651236438854449,-0.004430549024454023,0.022160811441771358
1005.0,40.2,1.0,-31.05065405886334,-3.2270710088397565,-31.05065405886334,-3.2270710088397565,4.656152285876266,-0.0028442536433000765,0.03150244182412339
1006.0,40.24,1.0,-31.05241573709851,-3.124628777455602,-31.05241573709851,-3.124628777455602,4.660962656290454,-0.0016652777267627706,0.040078227732750375
1007.0,40.28,1.0,-31.052778818283684,-3.0228327463457174,-31.052778818283684,-3.0228327463457174,4.66563272029844,-0.0009614681024647908,0.04769919385198833
1008.0,40.32,1.0,-31.05429887780624,-2.9196495970304808,-31.05429887780624,-2.9196495970304808,4.67012724556084,-0.000780911559520514,0.05420661997724665
1009.0,40.36,1.0,-31.05624762626244,-2.816907785260559,-31.05624762626244,-2.816907785260559,4.674414822827913,-0.0011538242625854234,0.059478672105189624
1010.0,40.4,1.0,-31.05842742089846,-2.715261129028442,-31.05842742089846,-2.715261129028442,4.678466753038915,-0.002088553760985956,0.06343412606611412
1011.0,40.44,1.0,-31.060498014587154,-2.6136231227696323,-31.060498014587154,-2.6136231227696323,4.6822623728884345,-0.0035821287501712094,0.06603074990699909
1012.0,40.480000000000004,1.0,-31.062025589686527,-2.511926684643494,-31.062025589686527,-2.511926684643494,4.685788112048351,-0.005606111519163326,0.0672644178755596
1013.0,40.52,1.0,-31.06462199177767,-2.4114630238775425,-31.06462199177767,-2.4114630238775425,4.689039383889902,-0.00811926779872103,0.06716804854629968
1014.0,40.56,1.0,-31.066962196027823,-2.3121081882064547,-31.066962196027823,-2.3121081882064547,4.692021698235863,-0.011059828112113012,0.06581024590737133
1015.0,40.6,1.0,-31.06928488607202,-2.2090752330643437,-31.06928488607202,-2.2090752330643437,4.694749445692684,-0.014346983298481853,0.06328946836457737
1016.0,40.64,1.0,-31.071571635010184,-2.1107051246970556,-31.071571635010184,-2.1107051246970556,4.697245412548904,-0.017883086072279453,0.059727771855786024
1017.0,40.68,1.0,-31.07430303011615,-2.0107971305179935,-31.07430303011615,-2.0107971305179935,4.69953834134632,-0.02156916622359324,0.055264867995589884
1018.0,40.72,1.0,-31.076946923432722,-1.9117859050483375,-31.076946923432722,-1.9117859050483375,4.7016628411819354,-0.02530440740252703,0.05005427247779737
1019.0,40.76,1.0,-31.078035683683275,-1.812978224759488,-31.078035683683275,-1.812978224759488,4.703657850743619,-0.02899847094675122,0.04425687115964927
1020.0,40.800000000000004,1.0,-31.07811442124561,-1.7125496068574713,-31.07811442124561,-1.7125496068574713,4.705565008544751,-0.032560378708403025,0.03803238339468583
1021.0,40.84,1.0,-31.079800043996237,-1.6105907567521474,-31.079800043996237,-1.6105907567521474,4.707427682812482,-0.035918106952496476,0.03153422662906784
1022.0,40.88,1.0,-31.081483160300355,-1.5093470113470722,-31.081483160300355,-1.5093470113470722,4.709288491794033,-0.038999665534591776,0.024907364126766286
1023.0,40.92,1.0,-31.083166121422078,-1.4067732752764637,-31.083166121422078,-1.4067732752764637,4.711189258210647,-0.04175950696895978,0.018285046826929836
1024.0,40.96,1.0,-31.08356339443833,-1.3061433144086971,-31.08356339443833,-1.3061433144086971,4.7131670054415284,-0.044154229490213893,0.011784096773141971
1025.0,41.0,1.0,-31.084718894910093,-1.2029423739158964,-31.084718894910093,-1.2029423739158964,4.715253865194258,-0.04617390628982818,0.005502721484434462
1026.0,41.04,1.0,-31.08525854130184,-1.1017096104700357,-31.08525854130184,-1.1017096104700357,4.717476189119237,-0.04782339194229033,-0.00047846306911958315
1027.0,41.08,1.0,-31.08618810918133,-0.9983123167001168,-31.08618810918133,-0.9983123167001168,4.7198541529956115,-0.049138122574163855,-0.006095385735475975
1028.0,41.12,1.0,-31.086296445517217,-0.8956494424044283,-31.086296445517217,-0.8956494424044283,4.722402196489343,-0.050155984846824264,-0.011299575855548605
1029.0,41.160000000000004,1.0,-31.085790811327307,-0.789740677425051,-31.085790811327307,-0.789740677425051,4.725127116000737,-0.05092724402253964,-0.016057778594542542
1030.0,41.2,1.0,-31.08603396665915,-0.6861687795700457,-31.08603396665915,-0.6861687795700457,4.7280303553978165,-0.051503617389491975,-0.020348629457434295
1031.0,41.24,1.0,-31.08673148909415,-0.5797002932120197,-31.08673148909415,-0.5797002932120197,4.731107484879059,-0.051955053284962346,-0.024158166707121197
1032.0,41.28,1.0,-31.0873014686366,-0.47484455849390955,-31.0873014686366,-0.47484455849390955,4.734349446587469,-0.05234044204419297,-0.027477428887029566
1033.0,41.32,1.0,-31.085878154020968,-0.3684600138995241,-31.085878154020968,-0.3684600138995241,4.737741456944807,-0.0527178153913711,-0.030301716111091982
1034.0,41.36,1.0,-31.08505358118495,-0.26218548931896607,-31.08505358118495,-0.26218548931896607,4.741264071905806,-0.05311941445297626,-0.032628503794086064
1035.0,41.4,1.0,-31.082105971890854,-0.1550346037093739,-31.082105971890854,-0.1550346037093739,4.744895334131331,-0.053587986659035594,-0.034453120958218564
1036.0,41.44,1.0,-31.079951615146502,-0.0500004184947362,-31.079951615146502,-0.0500004184947362,4.748611785881249,-0.05413289916936724,-0.035768053213753453
1037.0,41.480000000000004,1.0,-31.076760975309714,0.052940438056126984,-31.076760975309714,0.052940438056126984,4.752390031996447,-0.05475449212276656,-0.03656378651644911
1038.0,41.52,1.0,-31.07363294238313,0.15441884923539892,-31.07363294238313,0.15441884923539892,4.756206576073588,-0.0554159123878315,-0.03682920631109952
1039.0,41.56,1.0,-31.070700361232884,0.2625618610513047,-31.070700361232884,0.2625618610513047,4.760040051131698,-0.05607801747646938,-0.03655152664230764
1040.0,41.6,1.0,-31.067089331864615,0.3665671293267246,-31.067089331864615,0.3665671293267246,4.763872433564519,-0.056675903211231934,-0.035717215242251285
1041.0,41.64,1.0,-31.06356865083053,0.47127609210633903,-31.06356865083053,0.47127609210633903,4.767687789447036,-0.057134755552999815,-0.03431507353655781
1042.0,41.68,1.0,-31.058591756635234,0.5759534903364891,-31.058591756635234,0.5759534903364891,4.771471821297881,-0.05735369603084704,-0.03233909586836452
1043.0,41.72,1.0,-31.052708172964252,0.6824800614359651,-31.052708172964252,0.6824800614359651,4.775212018065721,-0.05723704467368727,-0.029790754111608787
1044.0,41.76,1.0,-31.046958567719223,0.7875187655704445,-31.046958567719223,0.7875187655704445,4.7788999855752134,-0.05669367957808269,-0.026680258574605663
1045.0,41.800000000000004,1.0,-31.03935465017405,0.8945685885544735,-31.03935465017405,0.8945685885544735,4.782530220790664,-0.05565127294066945,-0.02302893122054285
1046.0,41.84,1.0,-31.030845186374115,1.0004937662023838,-31.030845186374115,1.0004937662023838,4.786101309835137,-0.05403327770272217,-0.01887270481813421
1047.0,41.88,1.0,-31.022242820289403,1.1085128277540635,-31.022242820289403,1.1085128277540635,4.789613790388923,-0.05178951988571386,-0.014262998348003677
1048.0,41.92,1.0,-31.01181418143649,1.2154377507304042,-31.01181418143649,1.2154377507304042,4.793069849814408,-0.048889754470060956,-0.009266388306169581
1049.0,41.96,1.0,-31.00020717243596,1.3244296612663855,-31.00020717243596,1.3244296612663855,4.796473937106471,-0.045345206882062325,-0.003964317103892341
1050.0,42.0,1.0,-30.98756332239504,1.4357272658218534,-30.98756332239504,1.4357272658218534,4.799829501211327,-0.04117358817073537,0.0015464169901048303
1051.0,42.04,1.0,-30.974491439866362,1.5460985467334036,-30.974491439866362,1.5460985467334036,4.803139884846476,-0.03643305165933376,0.007155771324977793
1052.0,42.08,1.0,-30.961098653169188,1.655391607070729,-30.961098653169188,1.655391607070729,4.8064069091024,-0.031203668874409694,0.012743417697645787
1053.0,42.12,1.0,-30.946642699796207,1.7650867256690757,-30.946642699796207,1.7650867256690757,4.809633536871318,-0.025605678478977222,0.018181568864520756
1054.0,42.160000000000004,1.0,-30.932389894469697,1.8720453170433953,-30.932389894469697,1.8720453170433953,4.8128221678157415,-0.01976999349712457,0.02333804281850641
1055.0,42.2,1.0,-30.917717868241624,1.9826685091823415,-30.917717868241624,1.9826685091823415,4.8159751556489905,-0.013835162971323778,0.028079862311284082
1056.0,42.24,1.0,-30.902678974884633,2.092163820082427,-30.902678974884633,2.092163820082427,4.819094162500554,-0.007949666031115632,0.032278085870775866
1057.0,42.28,1.0,-30.887196311701494,2.20576997931377,-30.887196311701494,2.20576997931377,4.822179583358222,-0.00226824699525473,0.0358123727491916
1058.0,42.32,1.0,-30.87281479983066,2.3167878701344433,-30.87281479983066,2.3167878701344433,4.825231660865454,0.003059474395869133,0.0385750686537863
1059.0,42.36,1.0,-30.85884871900319,2.425779926687409,-30.85884871900319,2.425779926687409,4.828250144639268,0.007906489636303627,0.04047461459365541
1060.0,42.4,1.0,-30.84496535995094,2.5360491472161515,-30.84496535995094,2.5360491472161515,4.831234611801337,0.012168044454187732,0.041438614050967444
1061.0,42.44,1.0,-30.830760211766346,2.6455123208576334,-30.830760211766346,2.6455123208576334,4.834186562385341,0.015750461967560813,0.04141798940775447
1062.0,42.480000000000004,1.0,-30.817025997293975,2.7543544782923486,-30.817025997293975,2.7543544782923486,4.837108439479321,0.01859468729894631,0.04038831758870489
1063.0,42.52,1.0,-30.803905382355975,2.862555003742118,-30.803905382355975,2.862555003742118,4.840006038475787,0.020676758968108045,0.03835140880371868
1064.0,42.56,1.0,-30.790629738546517,2.97075506894513,-30.790629738546517,2.97075506894513,4.8428860519813846,0.022013263859170407,0.03533604098269923
1065.0,42.6,1.0,-30.778865124331833,3.077739067245165,-30.778865124331833,3.077739067245165,4.845757831529242,0.02264215360346662,0.031398725407715884
1066.0,42.64,1.0,-30.764738467808495,3.1859072861211257,-30.764738467808495,3.1859072861211257,4.848629686480299,0.022626505170305643,0.0266220357397648
1067.0,42.68,1.0,-30.751090993453357,3.292952066528798,-30.751090993453357,3.292952066528798,4.851511940001449,0.02205951516383021,0.021112318886020182
1068.0,42.72,1.0,-30.73697370136456,3.399337514015984,-30.73697370136456,3.399337514015984,4.854414276580334,0.021058114444457654,0.014997427264384567
1069.0,42.76,1.0,-30.722700797031173,3.504704900145299,-30.722700797031173,3.504704900145299,4.857346199223695,0.019753425383295387,0.008423729132244142
1070.0,42.800000000000004,1.0,-30.709826111663478,3.608066179556981,-30.709826111663478,3.608066179556981,4.860316583016444,0.018260415061464974,0.0015521966599489074
1071.0,42.84,1.0,-30.69596549768727,3.7124634757406425,-30.69596549768727,3.7124634757406425,4.863332816641895,0.016705377388336783,-0.0054459758630786516
1072.0,42.88,1.0,-30.683190640254956,3.817989679757339,-30.683190640254956,3.817989679757339,4.86640124983403,0.015203925605234325,-0.012394575179218766
1073.0,42.92,1.0,-30.669381857461495,3.92587723283698,-30.669381857461495,3.92587723283698,4.869526270017911,0.013862911410380697,-0.019116412169797484
1074.0,42.96,1.0,-30.65747216856684,4.036395960252841,-30.65747216856684,4.036395960252841,4.872711067159434,0.012744327976234348,-0.025438173263993214
1075.0,43.0,1.0,-30.644079569610472,4.140821678521728,-30.644079569610472,4.140821678521728,4.875956363267389,0.01188913762796262,-0.03119465867304367
1076.0,43.04,1.0,-30.631202449915087,4.248358603208424,-30.631202449915087,4.248358603208424,4.879261307620181,0.011318520203779058,-0.03623465361959584
1077.0,43.08,1.0,-30.616573967501512,4.352291824585035,-30.616573967501512,4.352291824585035,4.882624704656012,0.011026080918697435,-0.04042352081232935
1078.0,43.12,1.0,-30.600952964321316,4.46266562799247,-30.600952964321316,4.46266562799247,4.886042700438197,0.010972594517670376,-0.0436473161795211
1079.0,43.160000000000004,1.0,-30.58305975184004,4.568090164187175,-30.58305975184004,4.568090164187175,4.889511293652283,0.011089311882308005,-0.04581594941690408
1080.0,43.2,1.0,-30.56515912453648,4.673987552020507,-30.56515912453648,4.673987552020507,4.893025600113852,0.011285846369078967,-0.046866332751098
1081.0,43.24,1.0,-30.54513346540178,4.782600552427629,-30.54513346540178,4.782600552427629,4.896580948823391,0.011475157227522103,-0.04676356953344555
1082.0,43.28,1.0,-30.524626465607735,4.890931004274269,-30.524626465607735,4.890931004274269,4.900172937065038,0.011545157988560728,-0.04550144087617146
1083.0,43.32,1.0,-30.50349284915268,4.997395535682949,-30.50349284915268,4.997395535682949,4.903796093874865,0.011385953775229241,-0.04310289557925483
1084.0,43.36,1.0,-30.48183513702902,5.104814366439078,-30.48183513702902,5.104814366439078,4.9074453126769475,0.010885424036064318,-0.03962011906005122
1085.0,43.4,1.0,-30.458533682267994,5.210504008009245,-30.458533682267994,5.210504008009245,4.91111140839107,0.009980039653351836,-0.0351338272082565
1086.0,43.44,1.0,-30.437738480318114,5.3157312135367345,-30.437738480318114,5.3157312135367345,4.91478664156962,0.008612824922260797,-0.02975142795250187
1087.0,43.480000000000004,1.0,-30.413756674220302,5.419948744278571,-30.413756674220302,5.419948744278571,4.918459748821401,0.006751864002433894,-0.02360334590912328
1088.0,43.52,1.0,-30.390328938772008,5.525583957008621,-30.390328938772008,5.525583957008621,4.922120986673653,0.004383352680936014,-0.016841392841360856
1089.0,43.56,1.0,-30.367183138776152,5.627781182854538,-30.367183138776152,5.627781182854538,4.925760786171631,0.0015395593755961555,-0.009634868344116952
1090.0,43.6,1.0,-30.341665808095986,5.73313491056191,-30.341665808095986,5.73313491056191,4.929371909444592,-0.001716138572546999,-0.002166598008760224
1091.0,43.64,1.0,-30.316821611864594,5.8344471103605695,-30.316821611864594,5.8344471103605695,4.932948577723043,-0.005285082867992341,0.005372506028764899
1092.0,43.68,1.0,-30.290045460427354,5.937007812523488,-30.290045460427354,5.937007812523488,4.93648686119023,-0.00904733092556147,0.012787284726557924
1093.0,43.72,1.0,-30.264022316910076,6.035535321244816,-30.264022316910076,6.035535321244816,4.93998475664598,-0.012856033554570235,0.019883389049400242
1094.0,43.76,1.0,-30.235081946330627,6.133830444441581,-30.235081946330627,6.133830444441581,4.943441635421669,-0.016546638885101626,0.026472676299294
1095.0,43.800000000000004,1.0,-30.207999912105095,6.234860890616266,-30.207999912105095,6.234860890616266,4.946857545728563,-0.019949590288913764,0.03237839854938994
1096.0,43.84,1.0,-30.178863959997045,6.337551535971992,-30.178863959997045,6.337551535971992,4.950237129489323,-0.022922606455957138,0.037440479282131026
1097.0,43.88,1.0,-30.150935957288567,6.442072515553877,-30.150935957288567,6.442072515553877,4.953583599877747,-0.02532088577050575,0.04151861736904971
1098.0,43.92,1.0,-30.120819310284013,6.544057999078167,-30.120819310284013,6.544057999078167,4.956904943995392,-0.027023247432545562,0.04449640555342802
1099.0,43.96,1.0,-30.092800812035176,6.648622420496045,-30.092800812035176,6.648622420496045,4.960206463606476,-0.027921047770042486,0.046285413279050114
1100.0,44.0,1.0,-30.06488070169122,6.754597212151879,-30.06488070169122,6.754597212151879,4.96349487620607,-0.027956682615154594,0.04682902215171922
1101.0,44.04,1.0,-30.0376216931704,6.857568990485281,-30.0376216931704,6.857568990485281,4.9667731860068445,-0.02710223604533406,0.046103872531294
1102.0,44.08,1.0,-30.01186037162109,6.963186828733153,-30.01186037162109,6.963186828733153,4.970043780703232,-0.02537708198744464,0.04412033354048063
1103.0,44.12,1.0,-29.98464402727755,7.068849295843238,-29.98464402727755,7.068849295843238,4.973305720180029,-0.022835274644457126,0.04092340534363982
1104.0,44.160000000000004,1.0,-29.95719235225414,7.177126151536081,-29.95719235225414,7.177126151536081,4.976556418028944,-0.019567652670469105,0.03659175185055109
1105.0,44.2,1.0,-29.928758321975113,7.283690789296149,-29.928758321975113,7.283690789296149,4.979794033433641,-0.015702427144810238,0.031235429513569835
1106.0,44.24,1.0,-29.898792887600024,7.391930261479116,-29.898792887600024,7.391930261479116,4.983015976034364,-0.011392497137200253,0.02499345700135881
1107.0,44.28,1.0,-29.872478528280066,7.498243162422121,-29.872478528280066,7.498243162422121,4.986220793487677,-0.00680336707767949,0.018029664648649586
1108.0,44.32,1.0,-29.84625504198707,7.604133780418671,-29.84625504198707,7.604133780418671,4.989410126325169,-0.0021177638624432227,0.010529872914048435
1109.0,44.36,1.0,-29.818947231127947,7.710815647038845,-29.818947231127947,7.710815647038845,4.992585938824026,0.002479113781737696,0.0026955235451536002
1110.0,44.4,1.0,-29.792007819312012,7.8181373040150435,-29.792007819312012,7.8181373040150435,4.99575427485518,0.006808671938298439,-0.00526188754355508
1111.0,44.44,1.0,-29.764568938912465,7.928340259913679,-29.764568938912465,7.928340259913679,4.998922162529653,0.010712512710936827,-0.01312835903330457
1112.0,44.480000000000004,1.0,-29.736904893403175,8.037337573000281,-29.736904893403175,8.037337573000281,5.002101060511208,0.014047279954732084,-0.020692020290062174
1113.0,44.52,1.0,-29.709738133548274,8.144200793108247,-29.709738133548274,8.144200793108247,5.005302855688007,0.016703203725406856,-0.027749746670493798
1114.0,44.56,1.0,-29.681708331130643,8.248919080948657,-29.681708331130643,8.248919080948657,5.008542845431069,0.018598639050132693,-0.03411295169686692
1115.0,44.6,1.0,-29.654732741528772,8.355002660962779,-29.654732741528772,8.355002660962779,5.011836938157396,0.019691868096004917,-0.03961434627782675
1116.0,44.64,1.0,-29.624320173158445,8.456302187630081,-29.624320173158445,8.456302187630081,5.015199592800936,0.01997945791319026,-0.0441119764715202
1117.0,44.68,1.0,-29.59538671608446,8.559228255389646,-29.59538671608446,8.559228255389646,5.0186486712842555,0.019497637586395843,-0.04749379919382098
1118.0,44.72,1.0,-29.564497334867276,8.660332591094896,-29.564497334867276,8.660332591094896,5.022196603935802,0.018317765069893542,-0.04967997189406486
1119.0,44.76,1.0,-29.533921623372567,8.762369746021673,-29.533921623372567,8.762369746021673,5.0258530744025,0.01654348481515965,-0.05062595574277826
1120.0,44.800000000000004,1.0,-29.499982873906344,8.86460369101623,-29.499982873906344,8.86460369101623,5.029624080281758,0.014309581200691857,-0.0503220713440639
1121.0,44.84,1.0,-29.467794354250987,8.964721808587646,-29.467794354250987,8.964721808587646,5.033512199326327,0.011761583019906707,-0.048794175965912276
1122.0,44.88,1.0,-29.432041271316287,9.063939995166157,-29.432041271316287,9.063939995166157,5.037515678693233,0.009065255698011731,-0.046101086807062305
1123.0,44.92,1.0,-29.397147366686887,9.162893865544984,-29.397147366686887,9.162893865544984,5.04162715317208,0.00639448058372929,-0.04233407995148606
1124.0,44.96,1.0,-29.36088372517503,9.260111748794776,-29.36088372517503,9.260111748794776,5.045836771791033,0.003925710272885641,-0.037612165810506935
1125.0,45.0,1.0,-29.325022854253888,9.360709021017424,-29.325022854253888,9.360709021017424,5.050130753087609,0.001826764998041308,-0.03207926454444602
1126.0,45.04,1.0,-29.28759894159084,9.462683227057218,-29.28759894159084,9.462683227057218,5.054493596457717,0.00025218452924158363,-0.025897355679726723
1127.0,45.08,1.0,-29.248074844298504,9.565372926984265,-29.248074844298504,9.565372926984265,5.058908052268242,-0.0006619626781502741,-0.019241496163409803
1128.0,45.12,1.0,-29.207507050092953,9.668808120417482,-29.207507050092953,9.668808120417482,5.063350039124288,-0.0007969699501982564,-0.012294227158755227
1129.0,45.160000000000004,1.0,-29.168273854285793,9.770571806628467,-29.168273854285793,9.770571806628467,5.067798806601623,-6.139461161920323e-05,-0.005241113368532698
1130.0,45.2,1.0,-29.127945701153656,9.870618667526639,-29.127945701153656,9.870618667526639,5.072232847082807,0.001603123052811417,0.0017360559390827291
1131.0,45.24,1.0,-29.087337505049902,9.969787067682534,-29.087337505049902,9.969787067682534,5.076631718514156,0.004222675629916716,0.008463896403672252
1132.0,45.28,1.0,-29.046862996726436,10.067520722086705,-29.046862996726436,10.067520722086705,5.080974026669306,0.007797844476362004,0.014783415250915977
1133.0,45.32,1.0,-29.006442167556465,10.167230849093416,-29.006442167556465,10.167230849093416,5.085241234466547,0.012296580153699633,0.020552691092650694
1134.0,45.36,1.0,-28.962402777948107,10.268340378571022,-28.962402777948107,10.268340378571022,5.089417994389867,0.01765910833253147,0.02565131165572628
1135.0,45.4,1.0,-28.919529279459123,10.3695731685986,-28.919529279459123,10.3695731685986,5.0934924899811636,0.023792785728483357,0.029981817268326695
1136.0,45.44,1.0,-28.879818094109055,10.471964770348402,-28.879818094109055,10.471964770348402,5.097455535815138,0.03058758269570444,0.033473745530119815
1137.0,45.480000000000004,1.0,-28.833985074564218,10.571350294132944,-28.833985074564218,10.571350294132944,5.101298043931166,0.03790907187194448,0.03608284757491227
1138.0,45.52,1.0,-28.790648481129473,10.671562607377728,-28.790648481129473,10.671562607377728,5.105014325949381,0.04561425579952194,0.03779016221700108
1139.0,45.56,1.0,-28.747955948496717,10.772655414152322,-28.747955948496717,10.772655414152322,5.108604597823937,0.053535580700448025,0.03860158017265537
1140.0,45.6,1.0,-28.707998457459905,10.871665983274267,-28.707998457459905,10.871665983274267,5.11206822076628,0.061505343545544114,0.038548481422762654
1141.0,45.64,1.0,-28.66414051793641,10.973957389319668,-28.66414051793641,10.973957389319668,5.115407139271626,0.06936277389183679,0.037683911128416
1142.0,45.68,1.0,-28.621204408949552,11.073516621447995,-28.621204408949552,11.073516621447995,5.118624436478464,0.07694843092627761,0.03607903991157491
1143.0,45.72,1.0,-28.577814907725134,11.176589897715406,-28.577814907725134,11.176589897715406,5.12172823503599,0.08410606001044083,0.0338198740435759
1144.0,45.76,1.0,-28.535836841642816,11.27439895737658,-28.535836841642816,11.27439895737658,5.124727498620752,0.09068658426769453,0.03100584522361577
1145.0,45.800000000000004,1.0,-28.494098153836358,11.371604978034327,-28.494098153836358,11.371604978034327,5.127633839671047,0.09655689517985924,0.027747073811820518
1146.0,45.84,1.0,-28.452357470297194,11.46625518879939,-28.452357470297194,11.46625518879939,5.130456925556355,0.10160416868040181,0.024160703292393837
1147.0,45.88,1.0,-28.409369196593055,11.56292468297608,-28.409369196593055,11.56292468297608,5.133206279122183,0.10573789702164756,0.02036513383445166
1148.0,45.92,1.0,-28.36759287151432,11.65838210461212,-28.36759287151432,11.65838210461212,5.135894527974039,0.10888720648662473,0.01647849748022591
1149.0,45.96,1.0,-28.32549913909699,11.755899492664465,-28.32549913909699,11.755899492664465,5.1385322200323955,0.11099831723478296,0.012617914188678048
1150.0,46.0,1.0,-28.280987491091757,11.852856405678988,-28.280987491091757,11.852856405678988,5.141125621814898,0.11205381512018855,0.008896350276725942
1151.0,46.04,1.0,-28.240459592487856,11.947271285542161,-28.240459592487856,11.947271285542161,5.143681210258412,0.1120551813390207,0.005417018275881065
1152.0,46.08,1.0,-28.19663512760016,12.040905821486593,-28.19663512760016,12.040905821486593,5.1462026646504615,0.11102461308403973,0.002272610459393424
1153.0,46.12,1.0,-28.15563456595175,12.132359699413287,-28.15563456595175,12.132359699413287,5.148693178153291,0.10900681663759064,-0.00045394330446010096
1154.0,46.160000000000004,1.0,-28.11760605943858,12.222091578292586,-28.11760605943858,12.222091578292586,5.151150601556689,0.1060773852308042,-0.002691568644989774
1155.0,46.2,1.0,-28.07727542159433,12.308180369981486,-28.07727542159433,12.308180369981486,5.153570595947839,0.10233012729547766,-0.004384282540741481
1156.0,46.24,1.0,-28.034264157378594,12.39422910491037,-28.034264157378594,12.39422910491037,5.155943984165773,0.09786868976801386,-0.005493837104871239
1157.0,46.28,1.0,-27.99442014332616,12.48165211889003,-27.99442014332616,12.48165211889003,5.158263007352155,0.0928094415719262,-0.005998585075513348
1158.0,46.32,1.0,-27.952854298306864,12.570565030669703,-27.952854298306864,12.570565030669703,5.1605215290963695,0.0872638559009762,-0.005891729111181085
1159.0,46.36,1.0,-27.907571630735237,12.659213417538078,-27.907571630735237,12.659213417538078,5.1627114359849235,0.0813580036630528,-0.00518336505374294
1160.0,46.4,1.0,-27.861329660974775,12.74795349590015,-27.861329660974775,12.74795349590015,5.164828040966375,0.07521656732607879,-0.0039037780553204116
1161.0,46.44,1.0,-27.81685919420152,12.834434313137873,-27.81685919420152,12.834434313137873,5.166872522594665,0.06895429301492265,-0.0021015671488089638
1162.0,46.480000000000004,1.0,-27.7734273506137,12.92493177832064,-27.7734273506137,12.92493177832064,5.168849569816716,0.06267826945079875,0.00016062549804545488
1163.0,46.52,1.0,-27.731207484401455,13.009739826137112,-27.731207484401455,13.009739826137112,5.170769261189475,0.05648998256621544,0.0028070425486618907
1164.0,46.56,1.0,-27.68795660676495,13.09828048322193,-27.68795660676495,13.09828048322193,5.17264341199562,0.050481562517622244,0.00574701226501404
1165.0,46.6,1.0,-27.643606422796644,13.184462374250018,-27.643606422796644,13.184462374250018,5.174486797700826,0.044723865062913135,0.008877521397729796
1166.0,46.64,1.0,-27.601794107852623,13.270447924284307,-27.601794107852623,13.270447924284307,5.176316864479004,0.03927710442257143,0.01208796146604623
1167.0,46.68,1.0,-27.559472125920756,13.352610997052613,-27.559472125920756,13.352610997052613,5.178153163235645,0.03418846308901761,0.01526486635003559
1168.0,46.72,1.0,-27.516778928153563,13.434274998393136,-27.516778928153563,13.434274998393136,5.180012028596249,0.02949021396118544,0.018292934341675317
1169.0,46.76,1.0,-27.47157529855061,13.515584302949028,-27.47157529855061,13.515584302949028,5.181904622285289,0.025208330985692383,0.021056760788397744
1170.0,46.800000000000004,1.0,-27.42865572458224,13.59804406445031,-27.42865572458224,13.59804406445031,5.183841908693422,0.0213483305912605,0.023446671218710535
1171.0,46.84,1.0,-27.380579926687894,13.681609132463706,-27.380579926687894,13.681609132463706,5.185828240662939,0.01791040208680674,0.025366938775925385
1172.0,46.88,1.0,-27.335015869141586,13.767385859752636,-27.335015869141586,13.767385859752636,5.187862029264382,0.014888703901313938,0.026737537689882712
1173.0,46.92,1.0,-27.285262641108808,13.854881302155103,-27.285262641108808,13.854881302155103,5.18993392909564,0.012278347011123448,0.027494806204459942
1174.0,46.96,1.0,-27.23669086786821,13.942368177557947,-27.23669086786821,13.942368177557947,5.192027529641116,0.010060452772703366,0.02759444234447489
1175.0,47.0,1.0,-27.187252625152503,14.029579355186439,-27.187252625152503,14.029579355186439,5.194121168953481,0.008220312328061207,0.02701759303826199
1176.0,47.04,1.0,-27.141009497064495,14.116110598804454,-27.141009497064495,14.116110598804454,5.196191078727313,0.006750538119109584,0.02577229462153277
1177.0,47.08,1.0,-27.09650300272734,14.200946600715051,-27.09650300272734,14.200946600715051,5.198209551542967,0.005648323646622233,0.023891724754483454
1178.0,47.12,1.0,-27.053164204142014,14.285483000464477,-27.053164204142014,14.285483000464477,5.200148012109226,0.004923737920638871,0.021431577229272587
1179.0,47.160000000000004,1.0,-27.014299617885058,14.369578540286344,-27.014299617885058,14.369578540286344,5.201982758251114,0.004591489021861972,0.01847068598814259
1180.0,47.2,1.0,-26.9738652555891,14.4544458102086,-26.9738652555891,14.4544458102086,5.203696647490895,0.0046715055776248016,0.015110298985630096
1181.0,47.24,1.0,-26.93341110375484,14.540718517469534,-26.93341110375484,14.540718517469534,5.2052752767279244,0.005189963075747794,0.011468589502130005
1182.0,47.28,1.0,-26.891958938474524,14.622876228893023,-26.891958938474524,14.622876228893023,5.206712954177119,0.006171461324382621,0.007672269894451586
1183.0,47.32,1.0,-26.849180239735738,14.70893835975246,-26.849180239735738,14.70893835975246,5.208009540889352,0.0076385612734123035,0.0038527830733033576
1184.0,47.36,1.0,-26.805949625645106,14.793987388368034,-26.805949625645106,14.793987388368034,5.209174600729707,0.009606428025199787,0.00014294630042649935
1185.0,47.4,1.0,-26.763453859061638,14.88023461535777,-26.763453859061638,14.88023461535777,5.210225352844571,0.01209557838549975,-0.003329412023080449
1186.0,47.44,1.0,-26.71460756226986,14.96627059785401,-26.71460756226986,14.96627059785401,5.211188210509725,0.015110022681882673,-0.00645039714455792
1187.0,47.480000000000004,1.0,-26.666168843324414,15.052816655708781,-26.666168843324414,15.052816655708781,5.212096067052862,0.018637010515402563,-0.00912533151195012
1188.0,47.52,1.0,-26.616240732756268,15.139389838929796,-26.616240732756268,15.139389838929796,5.212989254703861,0.022649124819800158,-0.011281298629677985
1189.0,47.56,1.0,-26.569220848428973,15.226258567732836,-26.569220848428973,15.226258567732836,5.213913289639874,0.027101427947407587,-0.012868061164664716
1190.0,47.6,1.0,-26.52041738999631,15.311240469652649,-26.52041738999631,15.311240469652649,5.214910687684552,0.03193428565003947,-0.01386279029258745
1191.0,47.64,1.0,-26.473430561381633,15.395243310837222,-26.473430561381633,15.395243310837222,5.216020045432728,0.037073354383081,-0.014273433903657012
1192.0,47.68,1.0,-26.426809939634722,15.478026726695948,-26.426809939634722,15.478026726695948,5.217273992696256,0.04242682458831176,-0.014136865706151094
1193.0,47.72,1.0,-26.381269729904233,15.558996897004604,-26.381269729904233,15.558996897004604,5.218697546056259,0.04788428687913465,-0.013514300928770784
1194.0,47.76,1.0,-26.33565132084168,15.640814666473634,-26.33565132084168,15.640814666473634,5.22030869044671,0.05332290676482352,-0.01248922685112531
1195.0,47.800000000000004,1.0,-26.290260595341103,15.723231670525752,-26.290260595341103,15.723231670525752,5.22211692609385,0.058604175516878944,-0.011165519002973329
1196.0,47.84,1.0,-26.244154148286714,15.80714202895986,-26.244154148286714,15.80714202895986,5.224123729354964,0.06357085303272697,-0.00966114416267547
1197.0,47.88,1.0,-26.195716969433857,15.89184607113927,-26.195716969433857,15.89184607113927,5.226322821560808,0.06806123787483027,-0.008099886728395986
1198.0,47.92,1.0,-26.147530940130302,15.976588222212118,-26.147530940130302,15.976588222212118,5.228700830424191,0.07191169385494245,-0.006604632043812275
1199.0,47.96,1.0,-26.096454951563224,16.059856883036293,-26.096454951563224,16.059856883036293,5.231237069370329,0.0749589475126301,-0.005291866005081676
1200.0,48.0,1.0,-26.047279536919422,16.143751128303496,-26.047279536919422,16.143751128303496,5.233902513395691,0.07703948571313203,-0.004267708188412192
1201.0,48.04,1.0,-25.998898726563915,16.225259113119392,-25.998898726563915,16.225259113119392,5.236666974782044,0.07800285653215391,-0.0036202737075610807
1202.0,48.08,1.0,-25.950505637625632,16.307442852730816,-25.950505637625632,16.307442852730816,5.239499134466888,0.07772054915130286,-0.0034133287025050877
1203.0,48.120000000000005,1.0,-25.901432875260745,16.38725557417102,-25.901432875260745,16.38725557417102,5.242372134940242,0.07609085623376298,-0.003684098967575728
1204.0,48.160000000000004,1.0,-25.853317211289998,16.466331831135246,-25.853317211289998,16.466331831135246,5.245261228250006,0.07304674802327386,-0.004444071165318711
1205.0,48.2,1.0,-25.807926502821125,16.543593281085514,-25.807926502821125,16.543593281085514,5.248148232684943,0.06854699779974169,-0.005676612110556666
1206.0,48.24,1.0,-25.767697937041124,16.618631585443286,-25.767697937041124,16.618631585443286,5.251018148174736,0.06258387297349126,-0.007335601532750496
1207.0,48.28,1.0,-25.728191868157392,16.695010073440077,-25.728191868157392,16.695010073440077,5.25386203490208,0.05518886378102163,-0.009349031137404214
1208.0,48.32,1.0,-25.688803786840673,16.77120157484,-25.688803786840673,16.77120157484,5.256672230680598,0.046430674048141087,-0.011624420353956787
1209.0,48.36,1.0,-25.646298078270526,16.846980434560493,-25.646298078270526,16.846980434560493,5.2594429966010425,0.036414758521025783,-0.014053929731048076
1210.0,48.4,1.0,-25.602004674857106,16.924183089256847,-25.602004674857106,16.924183089256847,5.2621705522285795,0.025286019329058617,-0.01651975491254069
1211.0,48.44,1.0,-25.55653338232433,17.001551133805325,-25.55653338232433,17.001551133805325,5.264857146597389,0.013229923394287602,-0.018899150314427463
1212.0,48.480000000000004,1.0,-25.50983122089948,17.078285352280627,-25.50983122089948,17.078285352280627,5.267510418000577,0.00046056695888863075,-0.021072081316767917
1213.0,48.52,1.0,-25.46240444160539,17.153943454623423,-25.46240444160539,17.153943454623423,5.270143218717552,-0.01279282269178349,-0.022928031717387366
1214.0,48.56,1.0,-25.414935049816755,17.229252975830782,-25.414935049816755,17.229252975830782,5.272772003682354,-0.026284145088817445,-0.024371497159262765
1215.0,48.6,1.0,-25.36829885463998,17.303211505104507,-25.36829885463998,17.303211505104507,5.27541780698314,-0.03975732409193118,-0.025323862579384515
1216.0,48.64,1.0,-25.321467063146976,17.375690901892376,-25.321467063146976,17.375690901892376,5.278100753939866,-0.052937699071770164,-0.02573020797046885
1217.0,48.68,1.0,-25.27577201974173,17.448464837673487,-25.27577201974173,17.448464837673487,5.2808428294076375,-0.06554301807561873,-0.02556318206729084
1218.0,48.72,1.0,-25.228829201735515,17.520180062009803,-25.228829201735515,17.520180062009803,5.28366222612368,-0.07729425010056985,-0.024823492173700477
1219.0,48.76,1.0,-25.182270960220173,17.592975991132565,-25.182270960220173,17.592975991132565,5.28657735153474,-0.08793072183502101,-0.023538206213154975
1220.0,48.800000000000004,1.0,-25.13388265663808,17.664758055264162,-25.13388265663808,17.664758055264162,5.289605732823757,-0.09720539954128929,-0.021760930068221784
1221.0,48.84,1.0,-25.085998586900736,17.738576177584015,-25.085998586900736,17.738576177584015,5.292765712902318,-0.10490411842268936,-0.019569517244321745
1222.0,48.88,1.0,-25.0368392441602,17.815472845090632,-25.0368392441602,17.815472845090632,5.296073829749857,-0.11085418242031328,-0.01706238535932419
1223.0,48.92,1.0,-24.986095361518558,17.891639528553707,-24.986095361518558,17.891639528553707,5.299539866503013,-0.11492217612798286,-0.014352927617566211
1224.0,48.96,1.0,-24.935333736733934,17.968898628376216,-24.935333736733934,17.968898628376216,5.303168773183556,-0.11701098584725508,-0.011563749590889983
1225.0,49.0,1.0,-24.879954557239028,18.046687421438055,-24.879954557239028,18.046687421438055,5.306955500011671,-0.11707185677644656,-0.008820275940321198
1226.0,49.04,1.0,-24.824412355008846,18.126825960204332,-24.824412355008846,18.126825960204332,5.310888396543825,-0.11510426645277487,-0.006247171537403914
1227.0,49.08,1.0,-24.765357849103832,18.206353420423646,-24.765357849103832,18.206353420423646,5.31494887307602,-0.11116428605834265,-0.003959958111858229
1228.0,49.120000000000005,1.0,-24.70733405197286,18.28728077130676,-24.70733405197286,18.28728077130676,5.319114566142476,-0.10535833708876301,-0.0020596433435232653
1229.0,49.160000000000004,1.0,-24.646138761469025,18.36652141040313,-24.646138761469025,18.36652141040313,5.323362756399679,-0.0978395373842722,-0.0006285007840393204
1230.0,49.2,1.0,-24.59015211604854,18.447986344892264,-24.59015211604854,18.447986344892264,5.327673172916684,-0.08879166253362666,0.0002716061578256901
1231.0,49.24,1.0,-24.532344244175185,18.52927106676193,-24.532344244175185,18.52927106676193,5.332027260875809,-0.07844746680351132,0.0006055791319152619
1232.0,49.28,1.0,-24.47704443525454,18.610667930951454,-24.47704443525454,18.610667930951454,5.336405960743379,-0.0670708065860162,0.00036688308028486814
1233.0,49.32,1.0,-24.42002384217151,18.693811535718183,-24.42002384217151,18.693811535718183,5.340787599298441,-0.054942035987319504,-0.00042291134481590894
1234.0,49.36,1.0,-24.364206696684413,18.774787012562868,-24.364206696684413,18.774787012562868,5.345153000237237,-0.042359060021652975,-0.0017158601227080365
1235.0,49.4,1.0,-24.304217623847375,18.858160420923852,-24.304217623847375,18.858160420923852,5.349481755114114,-0.02963535548265741,-0.0034392039710693517
1236.0,49.44,1.0,-24.24482661410739,18.942212029996433,-24.24482661410739,18.942212029996433,5.353761174177138,-0.017081804863563442,-0.0054982886013801
1237.0,49.480000000000004,1.0,-24.18288894757608,19.026633363117366,-24.18288894757608,19.026633363117366,5.35798033842565,-0.004994969158863905,-0.007779269315603243
1238.0,49.52,1.0,-24.122738638221108,19.109633373823588,-24.122738638221108,19.109633373823588,5.362136010016913,0.006342564705372322,-0.010155031123727612
1239.0,49.56,1.0,-24.06011165561364,19.193224444746654,-24.06011165561364,19.193224444746654,5.366227071608104,0.016671522210080548,-0.012490748245493394
1240.0,49.6,1.0,-24.00444296295968,19.273288556096876,-24.00444296295968,19.273288556096876,5.370257222166961,0.025759511909639266,-0.014648151718847818
1241.0,49.64,1.0,-23.947205494902942,19.352835898346708,-23.947205494902942,19.352835898346708,5.37422616045628,0.03340464574069193,-0.01648883774400726
1242.0,49.68,1.0,-23.88551479533153,19.430555327921926,-23.88551479533153,19.430555327921926,5.378130700857361,0.03945614088679019,-0.017882641011738455
1243.0,49.72,1.0,-23.824537072463915,19.50933832926836,-23.824537072463915,19.50933832926836,5.381965054751799,0.04381043238369402,-0.018713133151649772
1244.0,49.76,1.0,-23.761464698208766,19.587140149837154,-23.761464698208766,19.587140149837154,5.3857246065701485,0.04639900453347208,-0.01888081430427612
1245.0,49.800000000000004,1.0,-23.69966823796611,19.664959083296328,-23.69966823796611,19.664959083296328,5.389403627545122,0.04719961996352784,-0.01830623501966966
1246.0,49.84,1.0,-23.63715756927538,19.740403573463087,-23.63715756927538,19.740403573463087,5.39299959260623,0.04624149570036727,-0.01693496969294141
1247.0,49.88,1.0,-23.57691742631853,19.81340706602204,-23.57691742631853,19.81340706602204,5.396506800116855,0.04359655819635781,-0.014740743713502053
1248.0,49.92,1.0,-23.51513766863713,19.88471276895379,-23.51513766863713,19.88471276895379,5.399921237497693,0.03935924333097075,-0.01172672760166139
1249.0,49.96,1.0,-23.457523969518938,19.956637474677102,-23.457523969518938,19.956637474677102,5.403236991755528,0.033659715423366966,-0.007925218218581285
1250.0,50.0,1.0,-23.39681232079795,20.026203370584764,-23.39681232079795,20.026203370584764,5.406448375842253,0.0266460103656879,-0.00339562373503534
1251.0,50.04,1.0,-23.33908758443544,20.095796658186615,-23.33908758443544,20.095796658186615,5.4095460841216605,0.01848717254458824,0.0017748712236650567
1252.0,50.08,1.0,-23.275684654887375,20.166506865438713,-23.275684654887375,20.166506865438713,5.412522719820108,0.00935544392792632,0.0074722675755797665
1253.0,50.120000000000005,1.0,-23.214790067280546,20.236142772528257,-23.214790067280546,20.236142772528257,5.415376432860205,-0.000572496294645064,0.013560281963842971
1254.0,50.160000000000004,1.0,-23.150032495290212,20.30783684188496,-23.150032495290212,20.30783684188496,5.418110042565428,-0.011118905192975348,0.01988609264637708
1255.0,50.2,1.0,-23.089342067229673,20.37613732569356,-23.089342067229673,20.37613732569356,5.420731804709659,-0.022093230567420085,0.0262830137363598
1256.0,50.24,1.0,-23.024961184440198,20.445340904364265,-23.024961184440198,20.445340904364265,5.423252139849479,-0.03331601315581698,0.03257490347983714
1257.0,50.28,1.0,-22.962958869905627,20.512972706863636,-22.962958869905627,20.512972706863636,5.425681725388625,-0.044629465282901806,0.038582721368328576
1258.0,50.32,1.0,-22.898453693170488,20.582202521019134,-22.898453693170488,20.582202521019134,5.428031373262566,-0.05589085818416225,0.044131119860522046
1259.0,50.36,1.0,-22.835807317122132,20.649135487809637,-22.835807317122132,20.649135487809637,5.4303104246609575,-0.06695451394800998,0.04905310043308724
1260.0,50.4,1.0,-22.766316015614898,20.720443606088445,-22.766316015614898,20.720443606088445,5.43252430351588,-0.0776873435462332,0.053195162561884515
1261.0,50.44,1.0,-22.69664060363106,20.791527721640428,-22.69664060363106,20.791527721640428,5.434676928333465,-0.08795891634340261,0.05642111155975268
1262.0,50.480000000000004,1.0,-22.631082723473998,20.861737476428736,-22.631082723473998,20.861737476428736,5.436770790855574,-0.09765503108736893,0.0586184253200054
1263.0,50.52,1.0,-22.56680694745478,20.932357982786918,-22.56680694745478,20.932357982786918,5.4388098190683705,-0.10666038694776867,0.059702805991165085
1264.0,50.56,1.0,-22.50242299147085,21.002706614795493,-22.50242299147085,21.002706614795493,5.440792480340577,-0.11487917391409855,0.05962033374579874
1265.0,50.6,1.0,-22.440251381280213,21.073191295503424,-22.440251381280213,21.073191295503424,5.442715830253693,-0.12222636906296155,0.058347265524738255
1266.0,50.64,1.0,-22.37301312872771,21.14538780157382,-22.37301312872771,21.14538780157382,5.44457066045087,-0.1286376093174426,0.05589334816314341
1267.0,50.68,1.0,-22.30705141859561,21.218503726232395,-22.30705141859561,21.218503726232395,5.446348411510422,-0.13405313039883412,0.052302771237915456
1268.0,50.72,1.0,-22.23924911561887,21.295369242314543,-22.23924911561887,21.295369242314543,5.448040510734673,-0.13841201449425614,0.047653222498084125
1269.0,50.76,1.0,-22.17123909487951,21.372632745914476,-22.17123909487951,21.372632745914476,5.449641728467913,-0.14166783506642927,0.042052214414732364
1270.0,50.800000000000004,1.0,-22.105521982210465,21.448140812584704,-22.105521982210465,21.448140812584704,5.451149691358472,-0.14380110734358126,0.03563461114438109
1271.0,50.84,1.0,-22.037986719507256,21.52377884881546,-22.037986719507256,21.52377884881546,5.4525702364622415,-0.14480872922711052,0.028557838720324146
1272.0,50.88,1.0,-21.973307347481345,21.599761689879408,-21.973307347481345,21.599761689879408,5.45391450958733,-0.144694929736485,0.020997845396480707
1273.0,50.92,1.0,-21.90586166830417,21.67888871165612,-21.90586166830417,21.67888871165612,5.455199288392144,-0.1434735231474536,0.013142610107538732
1274.0,50.96,1.0,-21.840222591699167,21.75832053718427,-21.840222591699167,21.75832053718427,5.4564427844718,-0.14118100413981857,0.005185807628636764
1275.0,51.0,1.0,-21.771630788134424,21.83987375762873,-21.771630788134424,21.83987375762873,5.457667473332786,-0.13787125316567245,-0.0026790542224738997
1276.0,51.04,1.0,-21.704930892633374,21.920680208444075,-21.704930892633374,21.920680208444075,5.458897718013719,-0.13362116030666646,-0.010263667317059084
1277.0,51.08,1.0,-21.633151623030127,22.00110657251135,-21.633151623030127,22.00110657251135,5.460161335911643,-0.12853573577146032,-0.01739217915279634
1278.0,51.120000000000005,1.0,-21.560989043771414,22.08178801379475,-21.560989043771414,22.08178801379475,5.461488453536779,-0.12274234743280635,-0.02390770486290019
1279.0,51.160000000000004,1.0,-21.48574653827114,22.16459823300413,-21.48574653827114,22.16459823300413,5.462909679083266,-0.11638782263814255,-0.029676826451165365
1280.0,51.2,1.0,-21.41000099457522,22.247080869325252,-21.41000099457522,22.247080869325252,5.464454984720017,-0.10962972021772495,-0.034592329220474935
1281.0,51.24,1.0,-21.333249613741334,22.329300254849127,-21.333249613741334,22.329300254849127,5.466152103912205,-0.10263126654956807,-0.03857633741042687
1282.0,51.28,1.0,-21.256510682547205,22.412207683780334,-21.256510682547205,22.412207683780334,5.468022852521672,-0.09555624912672694,-0.04158193444351931
1283.0,51.32,1.0,-21.180103476983366,22.49318733012614,-21.180103476983366,22.49318733012614,5.470082629056895,-0.08859298002083091,-0.04359487961723015
1284.0,51.36,1.0,-21.101541831102136,22.576540813296347,-21.101541831102136,22.576540813296347,5.472342018396333,-0.08192314079628712,-0.04463234116385169
1285.0,51.4,1.0,-21.02278869746657,22.65696303691468,-21.02278869746657,22.65696303691468,5.474807052170913,-0.075710710357888,-0.044740898668410994
1286.0,51.44,1.0,-20.94823588657334,22.737299453635238,-20.94823588657334,22.737299453635238,5.477480981264402,-0.07008794238051208,-0.04399280736188403
1287.0,51.480000000000004,1.0,-20.873009420913284,22.81821175436225,-20.873009420913284,22.81821175436225,5.480362330468237,-0.06516489087219952,-0.04248312104214565
1288.0,51.52,1.0,-20.798718247260037,22.89768797267903,-20.798718247260037,22.89768797267903,5.4834481990875465,-0.06100607837698254,-0.04032483793308183
1289.0,51.56,1.0,-20.724594233926915,22.975073438790808,-20.724594233926915,22.975073438790808,5.486727710962458,-0.0576451890160779,-0.037643719522535826
1290.0,51.6,1.0,-20.64852190713028,23.054401426052568,-20.64852190713028,23.054401426052568,5.4901880011813935,-0.055082059177669805,-0.034573101995088756
1291.0,51.64,1.0,-20.568183719382727,23.13277996238506,-20.568183719382727,23.13277996238506,5.493809491207929,-0.053284449453782634,-0.031248239046612482
1292.0,51.68,1.0,-20.48805635395025,23.210389739013724,-20.48805635395025,23.210389739013724,5.497571410233022,-0.052175130857331296,-0.027801190068407016
1293.0,51.72,1.0,-20.40652761915449,23.287611776832478,-20.40652761915449,23.287611776832478,5.501451131918655,-0.05165757676236833,-0.02435531636258335
1294.0,51.76,1.0,-20.32454410179358,23.366653651605997,-20.32454410179358,23.366653651605997,5.505426965778699,-0.0515852451821873,-0.0210204945528511
1295.0,51.800000000000004,1.0,-20.241506392068025,23.4472753014148,-20.241506392068025,23.4472753014148,5.509477125802443,-0.05179314141503346,-0.0178902937072794
1296.0,51.84,1.0,-20.158188164055098,23.52282984725786,-20.158188164055098,23.52282984725786,5.513579971312588,-0.05210552453131793,-0.015039646794742706
1297.0,51.88,1.0,-20.077064491973964,23.60609765001775,-20.077064491973964,23.60609765001775,5.5177142059532995,-0.052341187677265824,-0.012524136211850301
1298.0,51.92,1.0,-19.996307494921204,23.682821440692486,-19.996307494921204,23.682821440692486,5.521859071066973,-0.052300263083947765,-0.010377676993273362
1299.0,51.96,1.0,-19.916271737106847,23.762900339187446,-19.916271737106847,23.762900339187446,5.525992935827577,-0.05179752437211623,-0.008613676094762155
1300.0,52.0,1.0,-19.83645510210929,23.839919659700346,-19.83645510210929,23.839919659700346,5.530098924426602,-0.050655548181493516,-0.0072257648248269385
1301.0,52.04,1.0,-19.756256271545034,23.91575939419356,-19.756256271545034,23.91575939419356,5.534160019035186,-0.04871979832686527,-0.006191473396152167
1302.0,52.08,1.0,-19.67738807795591,23.988136631723968,-19.67738807795591,23.988136631723968,5.538167180748657,-0.04585939069975627,-0.005475153644989057
1303.0,52.120000000000005,1.0,-19.59658289981358,24.06259364618046,-19.59658289981358,24.06259364618046,5.5421145671434795,-0.041992545933561075,-0.005031189434632195
1304.0,52.160000000000004,1.0,-19.51536243570913,24.1362042824867,-19.51536243570913,24.1362042824867,5.546003371429053,-0.03706136285727825,-0.0048069047250730865
1305.0,52.2,1.0,-19.431708083740265,24.214854333523455,-19.431708083740265,24.214854333523455,5.549838444210667,-0.031067667130981448,-0.004746740800120794
1306.0,52.24,1.0,-19.34484311619837,24.29404114003526,-19.34484311619837,24.29404114003526,5.55362855617309,-0.024055605055008776,-0.004795688896594566
1307.0,52.28,1.0,-19.25430035087448,24.376451125492363,-19.25430035087448,24.376451125492363,5.557388057672374,-0.01611155290540465,-0.004902590926949337
1308.0,52.32,1.0,-19.16394794665518,24.455861493972456,-19.16394794665518,24.455861493972456,5.561131808025593,-0.007367887691176367,-0.005023175864416755
1309.0,52.36,1.0,-19.070882432206627,24.537548372350145,-19.070882432206627,24.537548372350145,5.564879327272923,0.0019875722386256457,-0.005123572771993012
1310.0,52.4,1.0,-18.97756257514511,24.616210031781783,-18.97756257514511,24.616210031781783,5.56865018144995,0.011747064027088805,-0.005180625794355402
1311.0,52.44,1.0,-18.88695234717658,24.696293319484653,-18.88695234717658,24.696293319484653,5.572465216607252,0.021679686654770058,-0.005183472017128733
1312.0,52.480000000000004,1.0,-18.79647235816881,24.77515005737137,-18.79647235816881,24.77515005737137,5.5763464463153385,0.0315318780368415,-0.005131935524083264
1313.0,52.52,1.0,-18.70803610798456,24.8517567416104,-18.70803610798456,24.8517567416104,5.580312664791447,0.041043458736221936,-0.005037353383845277
1314.0,52.56,1.0,-18.61985517194342,24.92372879717722,-18.61985517194342,24.92372879717722,5.58437891803248,0.049959450717614796,-0.004920700084817744
1315.0,52.6,1.0,-18.53335632239642,24.993238543492378,-18.53335632239642,24.993238543492378,5.588554154661476,0.058025760953196184,-0.004812736459489658
1316.0,52.64,1.0,-18.445546787196626,25.065176896444534,-18.445546787196626,25.065176896444534,5.592843170300975,0.06501947758536934,-0.004749671785315092
1317.0,52.68,1.0,-18.358637672627193,25.13174986200479,-18.358637672627193,25.13174986200479,5.597246831701249,0.07074123875791392,-0.004770303064572385
1318.0,52.72,1.0,-18.270734235998432,25.20321490297685,-18.270734235998432,25.20321490297685,5.601759552839535,0.0750213523425367,-0.004912876075471179
1319.0,52.76,1.0,-18.183077306417623,25.27440822669771,-18.183077306417623,25.27440822669771,5.606375732701176,0.07772549987571122,-0.005212663607662248
1320.0,52.800000000000004,1.0,-18.09361334028117,25.345428455975977,-18.09361334028117,25.345428455975977,5.611085016993471,0.07877612708768536,-0.0056993287035929496
1321.0,52.84,1.0,-18.003959214788466,25.418556425124898,-18.003959214788466,25.418556425124898,5.615879475328792,0.07812404274638275,-0.006395620788293373
1322.0,52.88,1.0,-17.913188832486924,25.492465135021064,-17.913188832486924,25.492465135021064,5.620748337455661,0.07576490453019018,-0.007314623583656979
1323.0,52.92,1.0,-17.822117167120744,25.5656060068986,-17.822117167120744,25.5656060068986,5.625680616474593,0.07176147738501852,-0.008458370391287454
1324.0,52.96,1.0,-17.735456127130455,25.63377741932435,-17.735456127130455,25.63377741932435,5.630664094435906,0.06622033741569006,-0.009816230137153567
1325.0,53.0,1.0,-17.648375194402252,25.702622857129263,-17.648375194402252,25.702622857129263,5.635690214174808,0.05929467763182622,-0.011365836451748334
1326.0,53.04,1.0,-17.564712208035655,25.76811304405397,-17.564712208035655,25.76811304405397,5.640752576952244,0.051177998358029775,-0.013072114033152876
1327.0,53.08,1.0,-17.48513018490052,25.830828409373066,-17.48513018490052,25.830828409373066,5.645848652372596,0.04209501500717722,-0.014890501242454793
1328.0,53.120000000000005,1.0,-17.401375858537723,25.892224391560244,-17.401375858537723,25.892224391560244,5.650978208608587,0.03229634429930226,-0.01676841204610669
1329.0,53.160000000000004,1.0,-17.31835984693989,25.953913821859253,-17.31835984693989,25.953913821859253,5.656145491727917,0.022059604289665257,-0.018647762943354552
1330.0,53.2,1.0,-17.234434867043632,26.01572937100998,-17.234434867043632,26.01572937100998,5.661354592088988,0.011670081564909196,-0.02046587206821527
1331.0,53.24,1.0,-17.14945842609044,26.07810652061777,-17.14945842609044,26.07810652061777,5.666611768672705,0.0014002532234684284,-0.02215807472122599
1332.0,53.28,1.0,-17.063325624754913,26.140644064752774,-17.063325624754913,26.140644064752774,5.671921002776101,-0.00847432090551401,-0.023660187595442257
1333.0,53.32,1.0,-16.97526803213892,26.202291207682833,-16.97526803213892,26.202291207682833,5.677286685514405,-0.017697530885906344,-0.024911916588007496
1334.0,53.36,1.0,-16.883918610718247,26.26613826721487,-16.883918610718247,26.26613826721487,5.682713898986157,-0.0260497620109438,-0.025859838149999287
1335.0,53.4,1.0,-16.79162617579636,26.329338413762553,-16.79162617579636,26.329338413762553,5.688209118559,-0.03334055788145106,-0.026457892843712645
1336.0,53.44,1.0,-16.700344105782772,26.393074229347917,-16.700344105782772,26.393074229347917,5.6937754987438165,-0.0394090086783788,-0.02666813587293393
1337.0,53.480000000000004,1.0,-16.608611610179793,26.45569865919989,-16.608611610179793,26.45569865919989,5.699414096371641,-0.04412841660852349,-0.02646273071726015
1338.0,53.52,1.0,-16.517567582265908,26.51770401989695,-16.517567582265908,26.51770401989695,5.705120705127184,-0.04741572592572685,-0.025824571283563517
1339.0,53.56,1.0,-16.425920845444303,26.575318822070415,-16.425920845444303,26.575318822070415,5.710886919794224,-0.049223322721551985,-0.02474719509134844
1340.0,53.6,1.0,-16.3358269872515,26.633662712987945,-16.3358269872515,26.633662712987945,5.716698890528366,-0.049555907503449924,-0.023233863109188225
1341.0,53.64,1.0,-16.24192918745653,26.691378854847454,-16.24192918745653,26.691378854847454,5.7225403698970725,-0.04844148931952687,-0.02129744758009768
1342.0,53.68,1.0,-16.146948476980185,26.750045691085298,-16.146948476980185,26.750045691085298,5.728392700760655,-0.0459399881582381,-0.018958999168097
1343.0,53.72,1.0,-16.05140534454362,26.808190624910246,-16.05140534454362,26.808190624910246,5.734235724258708,-0.04214773128911499,-0.01624595758490299
1344.0,53.76,1.0,-15.952594926012718,26.86917751188425,-15.952594926012718,26.86917751188425,5.740049775575175,-0.03719012255930809,-0.01318990150083601
1345.0,53.800000000000004,1.0,-15.85251467778301,26.927009021770118,-15.85251467778301,26.927009021770118,5.745811319285164,-0.031209340853799193,-0.009824986928264261
1346.0,53.84,1.0,-15.751970314773066,26.984973490748764,-15.751970314773066,26.984973490748764,5.7514948226619635,-0.0243663928339114,-0.006189088421353663
1347.0,53.88,1.0,-15.648089611777365,27.041457714632934,-15.648089611777365,27.041457714632934,5.75707318108172,-0.016838612051959766,-0.002322679794244419
1348.0,53.92,1.0,-15.548950967368942,27.0982068364193,-15.548950967368942,27.0982068364193,5.762519612201507,-0.008813325588576837,0.0017328512576577203
1349.0,53.96,1.0,-15.448179186332846,27.153624693232626,-15.448179186332846,27.153624693232626,5.767810005022173,-0.0004795297514062491,0.005937032578457294
1350.0,54.0,1.0,-15.347904538466844,27.20853266111056,-15.347904538466844,27.20853266111056,5.772923774429094,0.007976829492948877,0.01024883591625848
1351.0,54.04,1.0,-15.247872105530664,27.263244934274866,-15.247872105530664,27.263244934274866,5.777847046085741,0.016388691385284215,0.014626048627035409
1352.0,54.08,1.0,-15.148402890971223,27.316824540765698,-15.148402890971223,27.316824540765698,5.782570358086231,0.024584878974222922,0.0190248979313909
1353.0,54.120000000000005,1.0,-15.046130691332058,27.373895995878694,-15.046130691332058,27.373895995878694,5.787089470866587,0.03241341869706342,0.02340016641919942
1354.0,54.160000000000004,1.0,-14.948077355129405,27.42501799708371,-14.948077355129405,27.42501799708371,5.791403736055253,0.03973831231725372,0.027704474058863005
1355.0,54.2,1.0,-14.848243210945066,27.476664129032876,-14.848243210945066,27.476664129032876,5.7955129775242655,0.04644809319586344,0.03188688273110434
1356.0,54.24,1.0,-14.746325027264419,27.526756184789765,-14.746325027264419,27.526756184789765,5.7994226608719455,0.05243371186513969,0.035891792061643044
1357.0,54.28,1.0,-14.645401301097305,27.575872918404308,-14.645401301097305,27.575872918404308,5.803141159449476,0.057606406700887604,0.03966088478185368
1358.0,54.32,1.0,-14.542671400415827,27.623716571571702,-14.542671400415827,27.623716571571702,5.806683766464419,0.06188830114510809,0.043132704066538026
1359.0,54.36,1.0,-14.441790447433888,27.67084403413286,-14.441790447433888,27.67084403413286,5.810069391212171,0.06522675033573475,0.046242645500215875
1360.0,54.4,1.0,-14.338888363313888,27.719038208274736,-14.338888363313888,27.719038208274736,5.813320445422759,0.06758564071713603,0.04892289772717648
1361.0,54.44,1.0,-14.241604665126667,27.76548707292277,-14.241604665126667,27.76548707292277,5.81646195535391,0.06893862011314286,0.05110649374503519
1362.0,54.480000000000004,1.0,-14.141932711416743,27.812581887334098,-14.141932711416743,27.812581887334098,5.819514157555004,0.06926313682290687,0.05272933378922331
1363.0,54.52,1.0,-14.045718813144939,27.860655055557846,-14.045718813144939,27.860655055557846,5.822495105043223,0.06855965384557643,0.053732073504547104
1364.0,54.56,1.0,-13.945661370032578,27.90757297861458,-13.945661370032578,27.90757297861458,5.8254153343119786,0.06683994666345616,0.054061144278229056
1365.0,54.6,1.0,-13.846806067094018,27.953698847355376,-13.846806067094018,27.953698847355376,5.8282846071407235,0.06412551462774713,0.05367145037119655
1366.0,54.64,1.0,-13.74584406899209,28.001082733891973,-13.74584406899209,28.001082733891973,5.831112230925779,0.060445732162298114,0.052529967297249236
1367.0,54.68,1.0,-13.64783812472036,28.044710790802583,-13.64783812472036,28.044710790802583,5.833904387446411,0.0558534256008932,0.05061957011697586
1368.0,54.72,1.0,-13.548526855423177,28.09260138251102,-13.548526855423177,28.09260138251102,5.836667940478696,0.0504121922089769,0.04793944821920343
1369.0,54.76,1.0,-13.451590887619421,28.138272678825142,-13.451590887619421,28.138272678825142,5.839405273797217,0.04420382808015363,0.044506733725499945
1370.0,54.800000000000004,1.0,-13.356682205974874,28.185574871780823,-13.356682205974874,28.185574871780823,5.842118933575461,0.037302373430413246,0.040358168162949286
1371.0,54.84,1.0,-13.262284099072142,28.22998295508479,-13.262284099072142,28.22998295508479,5.844807554463148,0.029793878446275235,0.035552434476838715
1372.0,54.88,1.0,-13.167582364472565,28.275217449716934,-13.167582364472565,28.275217449716934,5.847466478653997,0.021780338040666158,0.030167216140620894
1373.0,54.92,1.0,-13.075174631541813,28.31759986306945,-13.075174631541813,28.31759986306945,5.850094253025,0.013379250965689515,0.02429839598503946
1374.0,54.96,1.0,-12.97933034546495,28.364811708871645,-12.97933034546495,28.364811708871645,5.85268894922235,0.00470418397739415,0.01805757093833834
1375.0,55.0,1.0,-12.88639044336388,28.41018828255302,-12.88639044336388,28.41018828255302,5.855258414657101,-0.004130021561189257,0.011570946349693838
1376.0,55.04,1.0,-12.793628872987503,28.457231402862696,-12.793628872987503,28.457231402862696,5.857809614804649,-0.01299564940579091,0.004975055438945462
1377.0,55.08,1.0,-12.69984778813698,28.503274277803165,-12.69984778813698,28.503274277803165,5.86035380896339,-0.02176506236548139,-0.0015882553419126067
1378.0,55.120000000000005,1.0,-12.602862952999322,28.549275584003464,-12.602862952999322,28.549275584003464,5.862904265888087,-0.030309046594412258,-0.007977120527791828
1379.0,55.160000000000004,1.0,-12.507012197868082,28.597854163428373,-12.507012197868082,28.597854163428373,5.865475021552765,-0.03851037731477101,-0.014052967531159066
1380.0,55.2,1.0,-12.410074363686324,28.646925593867316,-12.410074363686324,28.646925593867316,5.8680831779537055,-0.04625627438971427,-0.01968408408924557
1381.0,55.24,1.0,-12.311191917295643,28.69151607806695,-12.311191917295643,28.69151607806695,5.870741897597783,-0.05342908069724446,-0.024751158686128125
1382.0,55.28,1.0,-12.213630142124671,28.735276721714126,-12.213630142124671,28.735276721714126,5.873468876884286,-0.05991346361359105,-0.02915449795777334
1383.0,55.32,1.0,-12.11362830061491,28.77690180381619,-12.11362830061491,28.77690180381619,5.876283053323355,-0.06561727130016806,-0.032815460711082246
1384.0,55.36,1.0,-12.016937838257373,28.820022888592984,-12.016937838257373,28.820022888592984,5.87920547154805,-0.07045945456867261,-0.03567945805646597
1385.0,55.4,1.0,-11.918072360291209,28.864191155889994,-11.918072360291209,28.864191155889994,5.882259206737047,-0.07435481562358884,-0.03771618724670611
1386.0,55.44,1.0,-11.820454834984535,28.904797376658564,-11.820454834984535,28.904797376658564,5.885461393031655,-0.07722928560855272,-0.03892350752757927
1387.0,55.480000000000004,1.0,-11.717646953080747,28.9523185837764,-11.717646953080747,28.9523185837764,5.888831382241394,-0.07903321337970368,-0.03932594991243313
1388.0,55.52,1.0,-11.61730446075397,28.991905392778097,-11.61730446075397,28.991905392778097,5.892382016488815,-0.07972721439277489,-0.03897330241583075
1389.0,55.56,1.0,-11.515686467563778,29.03334283226028,-11.515686467563778,29.03334283226028,5.896125845319068,-0.07929117346410115,-0.037936756018707
1390.0,55.6,1.0,-11.41293986867674,29.07299397833949,-11.41293986867674,29.07299397833949,5.900069333174917,-0.07770180706256993,-0.03630711680690514
1391.0,55.64,1.0,-11.308684917316533,29.11385614446048,-11.308684917316533,29.11385614446048,5.904213658303954,-0.0749593195307492,-0.03419215063597751
1392.0,55.68,1.0,-11.205270389688746,29.154118682405606,-11.205270389688746,29.154118682405606,5.908560202202738,-0.07108036336213658,-0.03171070239344355
1393.0,55.72,1.0,-11.09785002724415,29.1964660733211,-11.09785002724415,29.1964660733211,5.913102438865954,-0.06611435413158324,-0.028985304793893146
1394.0,55.76,1.0,-10.994258544143964,29.23796384187134,-10.994258544143964,29.23796384187134,5.917832401429,-0.06011076124649737,-0.026137851865063583
1395.0,55.800000000000004,1.0,-10.882238484819602,29.277216104331707,-10.882238484819602,29.277216104331707,5.922731675092278,-0.05314045609244752,-0.023285272637661378
1396.0,55.84,1.0,-10.775366247247913,29.317758568304555,-10.775366247247913,29.317758568304555,5.927779314894222,-0.0453057428680161,-0.020535411060055936
1397.0,55.88,1.0,-10.663164385446606,29.3556505497125,-10.663164385446606,29.3556505497125,5.932949547107013,-0.03672790371825905,-0.017978554481092007
1398.0,55.92,1.0,-10.558029235279168,29.397801183018352,-10.558029235279168,29.397801183018352,5.938211422091014,-0.027537657993585186,-0.01568496284807717
1399.0,55.96,1.0,-10.448377711609663,29.435025679813428,-10.448377711609663,29.435025679813428,5.943533085268664,-0.01788978071143017,-0.01370145471659435
1400.0,56.0,1.0,-10.340569643375346,29.47125204254608,-10.340569643375346,29.47125204254608,5.9488771990193445,-0.007960994600610971,-0.012053093522981801
1401.0,56.04,1.0,-10.231111147548171,29.509433723690996,-10.231111147548171,29.509433723690996,5.954208963450861,0.002038776770003914,-0.010740281467747217
1402.0,56.08,1.0,-10.121997733638382,29.547570520587215,-10.121997733638382,29.547570520587215,5.959495292716586,0.011889883196959217,-0.009738405834645861
1403.0,56.120000000000005,1.0,-10.011125426360845,29.585101934428724,-10.011125426360845,29.585101934428724,5.964704588829076,0.02136192184445993,-0.009000044696084963
1404.0,56.160000000000004,1.0,-9.90059994805068,29.622943523052435,-9.90059994805068,29.622943523052435,5.9698098543489575,0.03022549169412103,-0.008459524951567945
1405.0,56.2,1.0,-9.793063945517948,29.657678809215497,-9.793063945517948,29.657678809215497,5.974783793672922,0.038231236142974426,-0.008036627585488437
1406.0,56.24,1.0,-9.685024097020007,29.695142761707558,-9.685024097020007,29.695142761707558,5.97960995999822,0.04513438391728876,-0.007638911405527396
1407.0,56.28,1.0,-9.57887322484089,29.728491867316286,-9.57887322484089,29.728491867316286,5.984272714248031,0.05070162849605041,-0.0071675401765221025
1408.0,56.32,1.0,-9.469810096873326,29.765408411770483,-9.469810096873326,29.765408411770483,5.988766416894728,0.05471654671706207,-0.006525157085309018
1409.0,56.36,1.0,-9.358314974934983,29.80091280113257,-9.358314974934983,29.80091280113257,5.99308830972891,0.056980467793499766,-0.005621234878484817
1410.0,56.4,1.0,-9.246796841511976,29.836005913488783,-9.246796841511976,29.836005913488783,5.997242745758024,0.0573274858624633,-0.004377450550656569
1411.0,56.44,1.0,-9.136820592726753,29.86822269502115,-9.136820592726753,29.86822269502115,6.001240604196193,0.05563910380721794,-0.0027300799327547526
1412.0,56.480000000000004,1.0,-9.0274741669494,29.8990654626769,-9.0274741669494,29.8990654626769,6.005096341146449,0.051851057547151615,-0.0006366040123148974
1413.0,56.52,1.0,-8.923466528406385,29.92519647189932,-8.923466528406385,29.92519647189932,6.008827436428994,0.04595236808008819,0.0019205818356837143
1414.0,56.56,1.0,-8.815879310391725,29.95117298567299,-8.815879310391725,29.95117298567299,6.01245258855691,0.037979373903937186,0.004931378384344903
1415.0,56.6,1.0,-8.716726827817507,29.978670242576186,-8.716726827817507,29.978670242576186,6.015992028795813,0.028027178432694377,0.008359455359019639
1416.0,56.64,1.0,-8.610448439451483,30.003361834600053,-8.610448439451483,30.003361834600053,6.019467501542775,0.01626202406126197,0.012142068439470138
1417.0,56.68,1.0,-8.50886293638916,30.029971565120064,-8.50886293638916,30.029971565120064,6.022896660549347,0.0029030641223338092,0.01618894434068866
1418.0,56.72,1.0,-8.402709653892185,30.052688621245665,-8.402709653892185,30.052688621245665,6.026297883692888,-0.011778658001339749,0.020385982482758094
1419.0,56.76,1.0,-8.300015239680482,30.07631782992603,-8.300015239680482,30.07631782992603,6.029684222945599,-0.027461337596166112,0.024599716734844408
1420.0,56.800000000000004,1.0,-8.196085278170724,30.098330212237425,-8.196085278170724,30.098330212237425,6.033070493470275,-0.04378541399602772,0.02868335749529402
1421.0,56.84,1.0,-8.09447311165452,30.122423819583645,-8.09447311165452,30.122423819583645,6.036467965137741,-0.06035888004790929,0.0324811805287215
1422.0,56.88,1.0,-7.99236352495177,30.14511975891822,-7.99236352495177,30.14511975891822,6.039885850341321,-0.07677724018929229,0.035835153130636
1423.0,56.92,1.0,-7.889779360423349,30.169697451460383,-7.889779360423349,30.169697451460383,6.043330722897377,-0.09262957132272365,0.03859219577382535
1424.0,56.96,1.0,-7.785057018352411,30.19172911591811,-7.785057018352411,30.19172911591811,6.046806814339706,-0.10751423788725853,0.04061127631385321
1425.0,57.0,1.0,-7.677558132634877,30.21502003275615,-7.677558132634877,30.21502003275615,6.0503164787027455,-0.12103560879838401,0.04177007354742673
1426.0,57.04,1.0,-7.569702362511184,30.23765964333354,-7.569702362511184,30.23765964333354,6.0538577575124215,-0.13282999288431713,0.04196879991806352
1427.0,57.08,1.0,-7.461943789317202,30.26143694712972,-7.461943789317202,30.26143694712972,6.057427100503462,-0.14258930572776418,0.04113558217749332
1428.0,57.120000000000005,1.0,-7.35456480736031,30.28419363512136,-7.35456480736031,30.28419363512136,6.061018922189026,-0.15005376084484146,0.03923204420259209
1429.0,57.160000000000004,1.0,-7.248290458632104,30.307555592601993,-7.248290458632104,30.307555592601993,6.064627481619687,-0.15502269484294767,0.03625553945781386
1430.0,57.2,1.0,-7.141477853799344,30.331708296326156,-7.141477853799344,30.331708296326156,6.068247107238294,-0.157373110994056,0.03223992815406103
1431.0,57.24,1.0,-7.023064580880975,30.360706921291133,-7.023064580880975,30.360706921291133,6.071872431334342,-0.15705004910925033,0.027254511578517677
1432.0,57.28,1.0,-6.9093211675663895,30.388545569049533,-6.9093211675663895,30.388545569049533,6.075497148873681,-0.15407407530294473,0.0214043370995222
1433.0,57.32,1.0,-6.787972719312047,30.419332737163813,-6.787972719312047,30.419332737163813,6.079116852794664,-0.14853782338316007,0.014825721339288306
1434.0,57.36,1.0,-6.669018175557936,30.448690843494937,-6.669018175557936,30.448690843494937,6.08272684257053,-0.14061565064455003,0.007682906748125851
1435.0,57.4,1.0,-6.548781593522625,30.47573623625292,-6.548781593522625,30.47573623625292,6.086325130971401,-0.13054409944521403,0.00016157126370518193
1436.0,57.44,1.0,-6.430636474437871,30.501782433595906,-6.430636474437871,30.501782433595906,6.089911085003053,-0.11862780887552397,-0.007536581357000541
1437.0,57.480000000000004,1.0,-6.310328888815347,30.52945719034971,-6.310328888815347,30.52945719034971,6.0934917230765056,-0.10521629827720105,-0.015201049709581648
1438.0,57.52,1.0,-6.188256706674834,30.557695482623693,-6.188256706674834,30.557695482623693,6.097076413919139,-0.09068664947139903,-0.022618891475331127
1439.0,57.56,1.0,-6.0661423313310205,30.585382226252044,-6.0661423313310205,30.585382226252044,6.100681635300881,-0.0754456006207262,-0.029583413027935202
1440.0,57.6,1.0,-5.942730696174994,30.613070761950365,-5.942730696174994,30.613070761950365,6.104321565690473,-0.05991300394045771,-0.03589998219085631
1441.0,57.64,1.0,-5.8180903016206535,30.639137073672522,-5.8180903016206535,30.639137073672522,6.108015100191757,-0.044499811582812965,-0.04139332704661964
1442.0,57.68,1.0,-5.693060810979761,30.665071242276575,-5.693060810979761,30.665071242276575,6.111771729356817,-0.029602271331142415,-0.045911514995719625
1443.0,57.72,1.0,-5.569912703893208,30.687856109775716,-5.569912703893208,30.687856109775716,6.115607853865862,-0.015598611305398436,-0.049334780995309496
1444.0,57.76,1.0,-5.447739839366435,30.71108026491688,-5.447739839366435,30.71108026491688,6.119521690940175,-0.0028271565640894504,-0.051574280026265726
1445.0,57.800000000000004,1.0,-5.327434136318182,30.733284052276115,-5.327434136318182,30.733284052276115,6.123523998921425,0.008432005120567198,-0.05258144785029004
1446.0,57.84,1.0,-5.20561905713395,30.75276224042097,-5.20561905713395,30.75276224042097,6.127594130420821,0.017945376527025013,-0.05234034007109841
1447.0,57.88,1.0,-5.083658614913849,30.771022808836353,-5.083658614913849,30.771022808836353,6.131736968789767,0.025545296780293845,-0.05088051441934997
1448.0,57.92,1.0,-4.960035782058439,30.789076543599805,-4.960035782058439,30.789076543599805,6.1358948976322,0.031115850873642305,-0.04825779816244453
1449.0,57.96,1.0,-4.839933457068749,30.80528787190414,-4.839933457068749,30.80528787190414,6.1400597355124535,0.03460959627146404,-0.04457737733163619
1450.0,58.0,1.0,-4.716103734862947,30.820709952614436,-4.716103734862947,30.820709952614436,6.144106808814781,0.036045149228561627,-0.039956375440906085
1451.0,58.04,1.0,-4.6008400021941185,30.830988630030426,-4.6008400021941185,30.830988630030426,6.14801776604409,0.03550049240552844,-0.03456997911678083
1452.0,58.08,1.0,-4.478911688406595,30.843415209263053,-4.478911688406595,30.843415209263053,6.151549393631073,0.03309929552539542,-0.02857925011345309
1453.0,58.120000000000005,1.0,-4.363592470672388,30.852838740587025,-4.363592470672388,30.852838740587025,6.154681632458253,0.02901271003227999,-0.022225289342387145
1454.0,58.160000000000004,1.0,-4.244791949401351,30.862674587727618,-4.244791949401351,30.862674587727618,6.156947763975997,0.02347336011527392,-0.015688770691464328
1455.0,58.2,1.0,-4.125641867775624,30.87358812462322,-4.125641867775624,30.87358812462322,6.158338120322377,0.016739601051485132,-0.009285518025784922
1456.0,58.24,1.0,-4.005921691805893,30.88584411050603,-4.005921691805893,30.88584411050603,6.157944101027168,0.00908555413716312,-0.003190736916775347
1457.0,58.28,1.0,-3.886698144209678,30.894784527212703,-3.886698144209678,30.894784527212703,6.155777544294409,0.0008044618043463791,0.0021648903578438093
1458.0,58.32,1.0,-3.770378500565143,30.901832527163485,-3.770378500565143,30.901832527163485,6.150038596264429,-0.007811073978032657,0.006639547993271248
1459.0,58.36,1.0,-3.6509091247073764,30.908867446674634,-3.6509091247073764,30.908867446674634,6.140767847395699,-0.016468674859590172,0.010101691853793442
1460.0,58.4,1.0,-3.53264468168947,30.915412912566314,-3.53264468168947,30.915412912566314,6.1243873520590935,-0.024900012214648548,0.01245712416933223
1461.0,58.44,1.0,-3.411164059046903,30.92255313451154,-3.411164059046903,30.92255313451154,6.100996905844762,-0.03285777513606449,0.01361970176262941
1462.0,58.480000000000004,1.0,-3.289910672443072,30.930184925370988,-3.289910672443072,30.930184925370988,6.0634592056674155,-0.040125064886027864,0.013560442710604298
1463.0,58.52,1.0,-3.1643818542959545,30.93797438580928,-3.1643818542959545,30.93797438580928,6.01199015985284,-0.04650792227205992,0.012244090028270361
1464.0,58.56,1.0,-3.0405132171138365,30.945992432793048,-3.0405132171138365,30.945992432793048,5.94660534170449,-0.05186229674793008,0.00972332388550634
1465.0,58.6,1.0,-2.9151232881202445,30.954677723608206,-2.9151232881202445,30.954677723608206,5.86774628054794,-0.056111158590368616,0.006011225439841953
1466.0,58.64,1.0,-2.7931784786889127,30.964892471139184,-2.7931784786889127,30.964892471139184,5.7754412343517085,-0.05921582767549941,0.0012707697211762187
1467.0,58.68,1.0,-2.6704061733788405,30.97281136965151,-2.6704061733788405,30.97281136965151,5.670577419609487,-0.06117138540303899,-0.00444108099017304
1468.0,58.72,1.0,-2.5487030113879263,30.980537034070995,-2.5487030113879263,30.980537034070995,5.553206572883877,-0.06201850636388141,-0.010796405843405365
1469.0,58.76,1.0,-2.4236728033804362,30.987718973396746,-2.4236728033804362,30.987718973396746,5.4251125505616296,-0.0618424490462714,-0.017705877635347204
1470.0,58.800000000000004,1.0,-2.30220046243161,30.996328080683337,-2.30220046243161,30.996328080683337,5.286407221203302,-0.06075752418794537,-0.02508214682781355
1471.0,58.84,1.0,-2.180346071060195,31.00459282994952,-2.180346071060195,31.00459282994952,5.140663469696887,-0.05890227069506969,-0.032801735162039054
1472.0,58.88,1.0,-2.0573013466285577,31.01203844545791,-2.0573013466285577,31.01203844545791,4.988110644960811,-0.05644173807754649,-0.04050067203281942
1473.0,58.92,1.0,-1.9331447653563003,31.018858635154594,-1.9331447653563003,31.018858635154594,4.835892751763373,-0.05355229140545735,-0.048023189719499516
1474.0,58.96,1.0,-1.8096070670383972,31.02613688156353,-1.8096070670383972,31.02613688156353,4.684472160437813,-0.05042037251866814,-0.05513388794747923
1475.0,59.0,1.0,-1.685992875332562,31.032930568534702,-1.685992875332562,31.032930568534702,4.533847461598031,-0.04721651131146594,-0.06161948382557596
1476.0,59.04,1.0,-1.5616744214575904,31.040217668148614,-1.5616744214575904,31.040217668148614,4.384930685237917,-0.0440856894587629,-0.06730707442655001
1477.0,59.08,1.0,-1.4396161118793225,31.044585197424702,-1.4396161118793225,31.044585197424702,4.230564020315422,-0.04115961424258043,-0.07187056190163847
1478.0,59.120000000000005,1.0,-1.3164896853189814,31.051564631571672,-1.3164896853189814,31.051564631571672,4.072555422292725,-0.03855766514967242,-0.07516191171665855
1479.0,59.160000000000004,1.0,-1.1937326861308193,31.055363486860678,-1.1937326861308193,31.055363486860678,3.9072917235869147,-0.036361711543038536,-0.0771432073685529
1480.0,59.2,1.0,-1.070080473330486,31.059745197757348,-1.070080473330486,31.059745197757348,3.7383631487441775,-0.03460684698296895,-0.07764021443259277
1481.0,59.24,1.0,-0.9494470744025506,31.063438837803808,-0.9494470744025506,31.063438837803808,3.5638850554667294,-0.033301069687090235,-0.07664042626082923
1482.0,59.28,1.0,-0.8289521159469647,31.066241775902633,-0.8289521159469647,31.066241775902633,3.3910064570892446,-0.032422280839552974,-0.07387286932298287
1483.0,59.32,1.0,-0.7138351771200308,31.069287312249422,-0.7138351771200308,31.069287312249422,3.218620067630572,-0.03190756745190505,-0.06961386152119846
1484.0,59.36,1.0,-0.5976924944367464,31.067329877353778,-0.5976924944367464,31.067329877353778,3.0467296709228866,-0.03166309384496215,-0.06393649398230102
1485.0,59.4,1.0,-0.48199540954885595,31.0642175760701,-0.48199540954885595,31.0642175760701,2.8744412803489316,-0.031576258136968315,-0.057008862923925964
1486.0,59.44,1.0,-0.36410431436833457,31.06235474463087,-0.36410431436833457,31.06235474463087,2.7017555823331767,-0.031524569310553044,-0.04898498792252091
1487.0,59.480000000000004,1.0,-0.2470861370167176,31.060809792762036,-0.2470861370167176,31.060809792762036,2.5275503891335993,-0.031378365808039696,-0.039993826858257205
1488.0,59.52,1.0,-0.1275001631759517,31.05665791005206,-0.1275001631759517,31.05665791005206,2.358968076119202,-0.030999838525330024,-0.030327460067947655
1489.0,59.56,1.0,-0.0066620296580048866,31.05338903180718,-0.0066620296580048866,31.05338903180718,2.1941003311930563,-0.030248016303068427,-0.020118372834063657
1490.0,59.6,1.0,0.11709312758380586,31.047358620619946,0.11709312758380586,31.047358620619946,2.0365154094673654,-0.029001082221946795,-0.009398733498644635
1491.0,59.64,1.0,0.24065890810235918,31.043060425632433,0.24065890810235918,31.043060425632433,1.882575543696695,-0.027161801685679367,0.0016407398511965022
1492.0,59.68,1.0,0.36426104691962413,31.038507576432856,0.36426104691962413,31.038507576432856,1.7340617665024638,-0.024646055926342104,0.012701375825667124
1493.0,59.72,1.0,0.48976498057253676,31.034316068193057,0.48976498057253676,31.034316068193057,1.583801225625137,-0.021388512071159937,0.02346241954612929
1494.0,59.76,1.0,0.614909225598674,31.029545105865918,0.614909225598674,31.029545105865918,1.4326742147038707,-0.017363972105836234,0.033754915405123806
1495.0,59.800000000000004,1.0,0.7437668618402995,31.023710083151297,0.7437668618402995,31.023710083151297,1.28066274567318,-0.012579265955971109,0.04355955581248722
1496.0,59.84,1.0,0.8715004235143867,31.016593153824296,0.8715004235143867,31.016593153824296,1.1282015440424726,-0.007059610206815869,0.05276054926658452
1497.0,59.88,1.0,1.0021469174749709,31.01277393826992,1.0021469174749709,31.01277393826992,0.9824232018397199,-0.0008486939551576644,0.06105477951573166
1498.0,59.92,1.0,1.132664482142565,31.005747398551705,1.132664482142565,31.005747398551705,0.8435420583716559,0.0059844949443646715,0.06832698909555021
1499.0,59.96,1.0,1.2633518547059257,31.00112373290954,1.2633518547059257,31.00112373290954,0.7151237711990788,0.01334798213296431,0.07442567983755646
1500.0,60.0,1.0,1.3917052211568302,30.995165337845997,1.3917052211568302,30.995165337845997,0.5972797585860873,0.021134516263768676,0.07918527158696173
1501.0,60.04,1.0,1.520601612537154,30.988900657816146,1.520601612537154,30.988900657816146,0.4917993135471745,0.02923133610101164,0.08253712091371956
1502.0,60.08,1.0,1.6498077940194702,30.981537839258557,1.6498077940194702,30.981537839258557,0.39874985523439466,0.03751993781504052,0.08418662525142825
1503.0,60.120000000000005,1.0,1.7804336432917005,30.97350180277021,1.7804336432917005,30.97350180277021,0.319033281112012,0.045871365351717416,0.08437699823733595
1504.0,60.160000000000004,1.0,1.910729746792775,30.968767555082557,1.910729746792775,30.968767555082557,0.25269050595812403,0.054154639102902004,0.08311387470616989
1505.0,60.2,1.0,2.0416103527848333,30.963492666292193,2.0416103527848333,30.963492666292193,0.20018672879944727,0.062259024379627756,0.08054304731604386
1506.0,60.24,1.0,2.1721652094772823,30.95738280529135,2.1721652094772823,30.95738280529135,0.16154792679334706,0.07007816007402583,0.07668104035466751
1507.0,60.28,1.0,2.302478472544434,30.949394492162856,2.302478472544434,30.949394492162856,0.13701375816335284,0.07750609016050011,0.07164482037215221
1508.0,60.32,1.0,2.4314129832306004,30.94446660398205,2.4314129832306004,30.94446660398205,0.11945731360530212,0.08443992770795679,0.06575298319046075
1509.0,60.36,1.0,2.5583357075512465,30.939336953783425,2.5583357075512465,30.939336953783425,0.10900427307785468,0.09079295604955472,0.05914135499721017
1510.0,60.4,1.0,2.686656749226533,30.93364281877394,2.686656749226533,30.93364281877394,0.10209308971858495,0.09648900350345682,0.05199489271589762
1511.0,60.44,1.0,2.81295011791693,30.927500150597695,2.81295011791693,30.927500150597695,0.09878184274037445,0.10145291561172169,0.044517951180301836
1512.0,60.480000000000004,1.0,2.9397467215477597,30.919022194398952,2.9397467215477597,30.919022194398952,0.09727938161162805,0.10561203520074805,0.036831651057631296
1513.0,60.52,1.0,3.0631563215357454,30.9105877982252,3.0631563215357454,30.9105877982252,0.0975982663842564,0.10889883373552171,0.02928581871816069
1514.0,60.56,1.0,3.1880116698596566,30.90013708220482,3.1880116698596566,30.90013708220482,0.09883170682094337,0.11125801212166728,0.02197077761526214
1515.0,60.6,1.0,3.312150166719185,30.893286020820263,3.312150166719185,30.893286020820263,0.10097466611297456,0.1126394298255882,0.014945022961837261
1516.0,60.64,1.0,3.4329910776325194,30.88381766820536,3.4329910776325194,30.88381766820536,0.10356380227852986,0.11298461770916837,0.008281653053586765
1517.0,60.68,1.0,3.5542808584617958,30.87608838047388,3.5542808584617958,30.87608838047388,0.10658920787434863,0.11224766938937136,0.0023256146972736457
1518.0,60.72,1.0,3.6733940177913964,30.86710356434411,3.6733940177913964,30.86710356434411,0.10981664595130036,0.11039629149171129,-0.002865950675620982
1519.0,60.76,1.0,3.7919203700853616,30.85843601742561,3.7919203700853616,30.85843601742561,0.11324504083783696,0.10741076761289903,-0.007105588843839955
1520.0,60.800000000000004,1.0,3.91102134855369,30.847883278888027,3.91102134855369,30.847883278888027,0.11675375985495129,0.10327624924482622,-0.010358122083688099
1521.0,60.84,1.0,4.02732894462103,30.835345625833632,4.02732894462103,30.835345625833632,0.12034283599851618,0.097999456953446,-0.012533006134873492
1522.0,60.88,1.0,4.1443042033312425,30.8211098298855,4.1443042033312425,30.8211098298855,0.12395236810689711,0.09161621797330044,-0.013625639934828682
1523.0,60.92,1.0,4.260641014414441,30.805374598332605,4.260641014414441,30.805374598332605,0.12758872817170613,0.08419338371619031,-0.01361352747050859
1524.0,60.96,1.0,4.376771171336022,30.788921412182304,4.376771171336022,30.788921412182304,0.13122839771950207,0.07582728003183006,-0.012527746135418766
1525.0,61.0,1.0,4.490129411874462,30.770677134334818,4.490129411874462,30.770677134334818,0.1348820806782636,0.0666367435722215,-0.01040109623039768
1526.0,61.04,1.0,4.6035578369339465,30.751951115941893,4.6035578369339465,30.751951115941893,0.13854333183628026,0.05677285711545853,-0.007303354281442455
1527.0,61.08,1.0,4.715060277452773,30.73497640170219,4.715060277452773,30.73497640170219,0.14222313269795045,0.046420710699340985,-0.0033136677031833607
1528.0,61.120000000000005,1.0,4.827185452799513,30.7177134551299,4.827185452799513,30.7177134551299,0.14591996390389889,0.03578949515773955,0.0011746496599080469
1529.0,61.160000000000004,1.0,4.93886934411882,30.697645573778363,4.93886934411882,30.697645573778363,0.14963581963616618,0.025101587597773155,0.006051277911480355
1530.0,61.2,1.0,5.049402410149993,30.67812472851291,5.049402410149993,30.67812472851291,0.1533580686154988,0.014596482683160305,0.011047001384138475
1531.0,61.24,1.0,5.1600833665234855,30.656140545236173,5.1600833665234855,30.656140545236173,0.157082138039941,0.004531689553403395,0.016035092969805702
1532.0,61.28,1.0,5.270458649782318,30.63532929998911,5.270458649782318,30.63532929998911,0.1607952989111432,-0.004840766641944927,0.02081442819401554
1533.0,61.32,1.0,5.382729797024702,30.61397823529086,5.382729797024702,30.61397823529086,0.16449198866106063,-0.013276340644910022,0.025262002106559617
1534.0,61.36,1.0,5.4944701638028395,30.594114661327534,5.4944701638028395,30.594114661327534,0.16816026771976417,-0.020554061793461142,0.029226246002832718
1535.0,61.4,1.0,5.604689473301643,30.572126136015356,5.604689473301643,30.572126136015356,0.1717903404187971,-0.02647972981213923,0.03260568006898427
1536.0,61.44,1.0,5.7183433938527815,30.552597140368825,5.7183433938527815,30.552597140368825,0.1753675409122144,-0.030888405639135596,0.035296859463509814
1537.0,61.480000000000004,1.0,5.830020741943874,30.530603944429515,5.830020741943874,30.530603944429515,0.17887896992834224,-0.033656666524181325,0.03723552143516713
1538.0,61.52,1.0,5.944998206790813,30.508958770583114,5.944998206790813,30.508958770583114,0.1823072580677753,-0.03470608095672519,0.0383703074053386
1539.0,61.56,1.0,6.061118373709158,30.484375249084714,6.061118373709158,30.484375249084714,0.18563676970688114,-0.03400426458204527,0.03868197889243301
1540.0,61.6,1.0,6.175804402689363,30.459982950983864,6.175804402689363,30.459982950983864,0.1888541579620699,-0.03155631104702097,0.03817018848551426
1541.0,61.64,1.0,6.294096381275809,30.437239118650503,6.294096381275809,30.437239118650503,0.19195258163085543,-0.027416564375953877,0.036863945288269986
1542.0,61.68,1.0,6.410674300811839,30.415071058349383,6.410674300811839,30.415071058349383,0.1949295734570145,-0.02168894099506008,0.034813523948487156
1543.0,61.72,1.0,6.529486052103562,30.39345027889621,6.529486052103562,30.39345027889621,0.19778727565824114,-0.014516835825553808,0.03209145464863382
1544.0,61.76,1.0,6.646861136848811,30.37098858866255,6.646861136848811,30.37098858866255,0.20053069677507848,-0.006080979498919292,0.028786375158097694
1545.0,61.800000000000004,1.0,6.766619267920747,30.349583714502142,6.766619267920747,30.349583714502142,0.20316803911008866,0.0034128338776144964,0.025001798759562877
1546.0,61.84,1.0,6.885523790088849,30.326565298673028,6.885523790088849,30.326565298673028,0.2057128014870401,0.013739314264604929,0.020851153286876332
1547.0,61.88,1.0,7.007511228485534,30.303701906132368,7.007511228485534,30.303701906132368,0.2081809867186421,0.024663041021659747,0.01645444252573041
1548.0,61.92,1.0,7.126861900686819,30.278846541400974,7.126861900686819,30.278846541400974,0.2105929700048172,0.03594413519676316,0.011932256287705811
1549.0,61.96,1.0,7.247449468071109,30.25469607508986,7.247449468071109,30.25469607508986,0.21297320511085988,0.04735433761128505,0.007401712465329719
1550.0,62.0,1.0,7.365601160227127,30.230100073016917,7.365601160227127,30.230100073016917,0.21535198101722636,0.058671983256933034,0.0029729961480909083
1551.0,62.04,1.0,7.48238645230127,30.206617413710823,7.48238645230127,30.206617413710823,0.2177602439298547,0.0696858234937375,-0.0012531454982128655
1552.0,62.08,1.0,7.598221173142816,30.183190492421357,7.598221173142816,30.183190492421357,0.2202267123109583,0.08020495156408006,-0.005189635018514331
1553.0,62.120000000000005,1.0,7.712140826530984,30.159461592130498,7.712140826530984,30.159461592130498,0.2227753139084366,0.09005956423173696,-0.008764598597662572
1554.0,62.160000000000004,1.0,7.8248258749142225,30.134222025918643,7.8248258749142225,30.134222025918643,0.22542367135099095,0.09910093020467987,-0.011922045919475304
1555.0,62.2,1.0,7.937569509185847,30.10907018105639,7.937569509185847,30.10907018105639,0.22818462444841048,0.1072034830384351,-0.014621902924730385
1556.0,62.24,1.0,8.050385449882832,30.082783740809912,8.050385449882832,30.082783740809912,0.23106456785114057,0.11426647022850964,-0.016840281938487238
1557.0,62.28,1.0,8.162900686506303,30.056268343413716,8.162900686506303,30.056268343413716,0.23406458538252775,0.120211780699256,-0.01856955847419261
1558.0,62.32,1.0,8.276645740168988,30.02730546461948,8.276645740168988,30.02730546461948,0.23718142060397834,0.12498188993249312,-0.019816926034525846
1559.0,62.36,1.0,8.387015858318783,30.000528770483037,8.387015858318783,30.000528770483037,0.24040862733651927,0.12853414584393894,-0.020602176393441796
1560.0,62.4,1.0,8.498523485819257,29.973566688137346,8.498523485819257,29.973566688137346,0.24373597340705117,0.13083376828098353,-0.020954242849142334
1561.0,62.440000000000005,1.0,8.60671514393496,29.946099063828065,8.60671514393496,29.946099063828065,0.24714803770735924,0.1318647545282599,-0.02091037050988986
1562.0,62.480000000000004,1.0,8.715072434288492,29.918600505862695,8.715072434288492,29.918600505862695,0.25062690318364295,0.13162666594013223,-0.02051466857724504
1563.0,62.52,1.0,8.821707634573624,29.891090769264377,8.821707634573624,29.891090769264377,0.254154553843255,0.13013192639324034,-0.019815681269135983
1564.0,62.56,1.0,8.929584631792356,29.863208067175343,8.929584631792356,29.863208067175343,0.25771575734701346,0.1274034443976777,-0.01886428554534468
1565.0,62.6,1.0,9.035124284470385,29.835512016981454,9.035124284470385,29.835512016981454,0.26129995219782554,0.12348708516366566,-0.01771274257603648
1566.0,62.64,1.0,9.141846089294855,29.80821016098745,9.141846089294855,29.80821016098745,0.2649013612995259,0.11844406557419003,-0.01641438828568506
1567.0,62.68,1.0,9.246159492224665,29.781199725939093,9.246159492224665,29.781199725939093,0.26852081805021877,0.11235110239310424,-0.015022880186373933
1568.0,62.72,1.0,9.35249457773555,29.75407475787814,9.35249457773555,29.75407475787814,0.2721639830125371,0.10530305101167543,-0.013591355782371894
1569.0,62.76,1.0,9.4524817747805,29.72766437505313,9.4524817747805,29.72766437505313,0.2758418379212704,0.09740437071048605,-0.01217139304691366
1570.0,62.800000000000004,1.0,9.555407897044194,29.698054614647976,9.555407897044194,29.698054614647976,0.27956683821391154,0.08878420892797184,-0.010813242952384148
1571.0,62.84,1.0,9.656527831991449,29.668572970546347,9.656527831991449,29.668572970546347,0.2833542176066404,0.07958435483813472,-0.009566518225181418
1572.0,62.88,1.0,9.756974585674971,29.63806827780889,9.756974585674971,29.63806827780889,0.2872218182824927,0.06995706539310133,-0.008478645129999381
1573.0,62.92,1.0,9.856866926826815,29.606790939964135,9.856866926826815,29.606790939964135,0.29118910941940396,0.06006095744821437,-0.007593209754392638
1574.0,62.96,1.0,9.955651241788427,29.57612518121032,9.955651241788427,29.57612518121032,0.29527547332800785,0.05007636394406058,-0.006948986608761408
1575.0,63.0,1.0,10.055096993480648,29.543832037652983,10.055096993480648,29.543832037652983,0.29949880626746644,0.040197117110657835,-0.0065802390649785224
1576.0,63.04,1.0,10.153034965380877,29.511694402466908,10.153034965380877,29.511694402466908,0.30387203738130564,0.030612985454077025,-0.006514587176164636
1577.0,63.08,1.0,10.250683884121113,29.4797106250862,10.250683884121113,29.4797106250862,0.30840214124816095,0.02150805768169637,-0.00677072765598216
1578.0,63.120000000000005,1.0,10.344043908767919,29.450569458033772,10.344043908767919,29.450569458033772,0.31308842026220224,0.013054895031520608,-0.00735591735515777
1579.0,63.160000000000004,1.0,10.440162587078529,29.419332845737507,10.440162587078529,29.419332845737507,0.3179212707551208,0.0054104268110156785,-0.0082644320726902
1580.0,63.2,1.0,10.534987925368165,29.388274626296187,10.534987925368165,29.388274626296187,0.3228831541711775,-0.0012813984633046282,-0.009476946594454848
1581.0,63.24,1.0,10.634932323788771,29.35480757251304,10.634932323788771,29.35480757251304,0.32795095699656557,-0.006904820312245585,-0.01095827900871662
1582.0,63.28,1.0,10.737121945052024,29.322543718990346,10.737121945052024,29.322543718990346,0.333096693550642,-0.011368999612450293,-0.012656267230246232
1583.0,63.32,1.0,10.840479065872145,29.28914180134126,10.840479065872145,29.28914180134126,0.3382873045988677,-0.014614920551575705,-0.014501744097802574
1584.0,63.36,1.0,10.941117466193404,29.255431531152606,10.941117466193404,29.255431531152606,0.3434860564945716,-0.016604098743703322,-0.0164107771623166
1585.0,63.4,1.0,11.044496674573756,29.221439773103732,11.044496674573756,29.221439773103732,0.34865434626462494,-0.01735250695891203,-0.018286002151328695
1586.0,63.440000000000005,1.0,11.146061882522304,29.186324427843356,11.146061882522304,29.186324427843356,0.35375074726590106,-0.016904175765767727,-0.020017978664968166
1587.0,63.480000000000004,1.0,11.249648684487967,29.150233406315408,11.249648684487967,29.150233406315408,0.35873943523948426,-0.015331460364813065,-0.02148879628609284
1588.0,63.52,1.0,11.34890442978955,29.1136460613534,11.34890442978955,29.1136460613534,0.36358680953417066,-0.012723882819059684,-0.022577058661603394
1589.0,63.56,1.0,11.454726265408276,29.075618550165967,11.454726265408276,29.075618550165967,0.36826725896326273,-0.009193608511173823,-0.02316376539186979
1590.0,63.6,1.0,11.553593471891862,29.03905660919064,11.553593471891862,29.03905660919064,0.3727646416082052,-0.004868960218570062,-0.02313711369889896
1591.0,63.64,1.0,11.65475781840004,29.00144480922025,11.65475781840004,29.00144480922025,0.3770721872394594,0.00011478357219316671,-0.022397744323847564
1592.0,63.68,1.0,11.753471831833036,28.96211807478904,11.753471831833036,28.96211807478904,0.3811917076528242,0.005620472186384317,-0.020865489482837417
1593.0,63.72,1.0,11.85416567394103,28.922806874245417,11.85416567394103,28.922806874245417,0.38513001262182844,0.011523617697541233,-0.01848522936469691
1594.0,63.76,1.0,11.953800910054126,28.882598419614634,11.953800910054126,28.882598419614634,0.38890075157111326,0.017710156628929396,-0.015232189853979821
1595.0,63.800000000000004,1.0,12.050813261152168,28.841998783589162,12.050813261152168,28.841998783589162,0.3925225918383634,0.02406365738582129,-0.011114215523754165
1596.0,63.84,1.0,12.148137753724715,28.799908468186278,12.148137753724715,28.799908468186278,0.3960192990868496,0.030490755357066322,-0.00617548742849989
1597.0,63.88,1.0,12.244201803801783,28.756903496886217,12.244201803801783,28.756903496886217,0.3994206507786947,0.036901286110453194,-0.0004968270471865342
1598.0,63.92,1.0,12.342747148147257,28.711753270971485,12.342747148147257,28.711753270971485,0.402753933971599,0.04322410757139959,0.005803863916179689
1599.0,63.96,1.0,12.441743964135213,28.665978235692382,12.441743964135213,28.665978235692382,0.4060513096351014,0.04939390550828225,0.012575258861090724
1600.0,64.0,1.0,12.54295032776911,28.619227392738885,12.54295032776911,28.619227392738885,0.4093395911653112,0.055366236978823855,0.019637134493394187
1601.0,64.04,1.0,12.640174706202634,28.572592991861505,12.640174706202634,28.572592991861505,0.4126417998905635,0.06110560123266112,0.026785742156585995
1602.0,64.08,1.0,12.734223269983733,28.52369924474575,12.734223269983733,28.52369924474575,0.41597182647026976,0.06657762145847632,0.03380086492666566
1603.0,64.12,1.0,12.82706811576785,28.47500798198712,12.82706811576785,28.47500798198712,0.41933542145531044,0.07174989493147325,0.04045442864596084
1604.0,64.16,1.0,12.920015859053185,28.42642793735202,12.920015859053185,28.42642793735202,0.4227341645800318,0.07657514492572094,0.04652021932823289
1605.0,64.2,1.0,13.011069311066013,28.376274454847653,13.011069311066013,28.376274454847653,0.4261607456721942,0.08100411062865645,0.0517835107210783
1606.0,64.24,1.0,13.106573025586219,28.331093217495066,13.106573025586219,28.331093217495066,0.4296043230126577,0.0849849220542544,0.056049775999552943
1607.0,64.28,1.0,13.194922922443434,28.281825408475775,13.194922922443434,28.281825408475775,0.4330435126866263,0.08845904731902035,0.059154965335332786
1608.0,64.32000000000001,1.0,13.288120592251525,28.238115104456746,13.288120592251525,28.238115104456746,0.4364531566683788,0.09135705394921509,0.06097130344370194
1609.0,64.36,1.0,13.378602056728997,28.193457693073405,13.378602056728997,28.193457693073405,0.4398038241939977,0.09359474197609971,0.061415446045486675
1610.0,64.4,1.0,13.47255904846098,28.151042555471896,13.47255904846098,28.151042555471896,0.44305947130288503,0.09508476282474107,0.06045216055182662
1611.0,64.44,1.0,13.565560305672275,28.108110872118687,13.565560305672275,28.108110872118687,0.4461841314483811,0.09573084319779793,0.058097472923296214
1612.0,64.48,1.0,13.660239778504609,28.06570163728245,13.660239778504609,28.06570163728245,0.4491409311629643,0.09544145323963674,0.054417901498004385
1613.0,64.52,1.0,13.75312003775006,28.022810126400664,13.75312003775006,28.022810126400664,0.451902181843275,0.0941251052173414,0.04952912149779533
1614.0,64.56,1.0,13.846751452223637,27.979997124984738,13.846751452223637,27.979997124984738,0.4544481339650922,0.09169994546912529,0.04359206789805366
1615.0,64.6,1.0,13.939790655278495,27.93803396798026,13.939790655278495,27.93803396798026,0.45676587317337336,0.08810880279915069,0.03680664040041025
1616.0,64.64,1.0,14.0320675179249,27.897279884610963,14.0320675179249,27.897279884610963,0.4588554555387111,0.08331313306007575,0.029403878860623244
1617.0,64.68,1.0,14.125587802605859,27.853974604598058,14.125587802605859,27.853974604598058,0.4607199936021801,0.07730717852177985,0.021635554163753665
1618.0,64.72,1.0,14.213290207621736,27.814843990711058,14.213290207621736,27.814843990711058,0.46238001501012516,0.07010814246657365,0.013763631509111219
1619.0,64.76,1.0,14.299936304147431,27.77400971285686,14.299936304147431,27.77400971285686,0.46385826295515464,0.061779440427833246,0.006050769848598513
1620.0,64.8,1.0,14.384251928411249,27.73320513125493,14.384251928411249,27.73320513125493,0.4651885779748535,0.05241294327860567,-0.0012515517475845035
1621.0,64.84,1.0,14.468742366497924,27.69319716693868,14.468742366497924,27.69319716693868,0.46641025242066164,0.04212441546963606,-0.007914255914310366
1622.0,64.88,1.0,14.553413963396327,27.65213320818045,14.553413963396327,27.65213320818045,0.46757033831408,0.031056218434557702,-0.013741206557356306
1623.0,64.92,1.0,14.637485617797626,27.614168320401337,14.637485617797626,27.614168320401337,0.46872194667727357,0.019369614087102405,-0.018574562049785467
1624.0,64.96000000000001,1.0,14.724144133213136,27.572605544652752,14.724144133213136,27.572605544652752,0.4699148068024678,0.007257729053666617,-0.022301882987373952
1625.0,65.0,1.0,14.810617185743462,27.53127477583203,14.810617185743462,27.53127477583203,0.4711979768472789,-0.005071284844233692,-0.024860488324723325
1626.0,65.04,1.0,14.892887582972993,27.485588834558904,14.892887582972993,27.485588834558904,0.4726149956934201,-0.017406407085409713,-0.02623991215027093
1627.0,65.08,1.0,14.980637793921153,27.443575599108932,14.980637793921153,27.443575599108932,0.47420197650974316,-0.02953746492254341,-0.026481283635294596
1628.0,65.12,1.0,15.062760717882586,27.397805188501554,15.062760717882586,27.397805188501554,0.47599273804769704,-0.04126555345134499,-0.025672077626050716
1629.0,65.16,1.0,15.145982553748533,27.353405556546505,15.145982553748533,27.353405556546505,0.4780068667587568,-0.05239326059774191,-0.0239427149934837
1630.0,65.2,1.0,15.226834744540856,27.306275269233176,15.226834744540856,27.306275269233176,0.4802611786532238,-0.06275821223704497,-0.021460525935239293
1631.0,65.24,1.0,15.30767973228912,27.25963452577012,15.30767973228912,27.25963452577012,0.48276236054094007,-0.0722180315400665,-0.018421880149797936
1632.0,65.28,1.0,15.391721333574077,27.213274178550403,15.391721333574077,27.213274178550403,0.4855131102715523,-0.08065399549732324,-0.015039941387357059
1633.0,65.32000000000001,1.0,15.475217174724207,27.166821428506193,15.475217174724207,27.166821428506193,0.48850591811730826,-0.08797344058347564,-0.011534303826728149
1634.0,65.36,1.0,15.562640111022109,27.11791331538162,15.562640111022109,27.11791331538162,0.4917233917328607,-0.09412208160288746,-0.008123362940137624
1635.0,65.4,1.0,15.651398901752415,27.068258428353413,15.651398901752415,27.068258428353413,0.4951433575098382,-0.09908668614174282,-0.005014197336806707
1636.0,65.44,1.0,15.741830207067556,27.016917586137264,15.741830207067556,27.016917586137264,0.49873476673429823,-0.10288592270351682,-0.0023923369020651232
1637.0,65.48,1.0,15.831901742649274,26.967814987526403,15.831901742649274,26.967814987526403,0.5024679649262597,-0.1055673855272176,-0.000412582203871718
1638.0,65.52,1.0,15.925158865931976,26.91585527931577,15.925158865931976,26.91585527931577,0.506308649315695,-0.10720041168435213,0.0008070158515872297
1639.0,65.56,1.0,16.017759887685695,26.866254926511743,16.017759887685695,26.866254926511743,0.5102239149310159,-0.10788456517197642,0.0011872214042188962
1640.0,65.6,1.0,16.10855685872369,26.818064010881294,16.10855685872369,26.818064010881294,0.5141840929018413,-0.10774776858345958,0.0006916937773868471
1641.0,65.64,1.0,16.201088259809975,26.769894548662585,16.201088259809975,26.769894548662585,0.5181630810886662,-0.10691952492325582,-0.0006712113557712163
1642.0,65.68,1.0,16.29038973764744,26.72301625733295,16.29038973764744,26.72301625733295,0.5221389348478434,-0.10553297766378082,-0.0028485791187646595
1643.0,65.72,1.0,16.380654469659415,26.671725950074393,16.380654469659415,26.671725950074393,0.5260911319417056,-0.10372014097391635,-0.005750128098529449
1644.0,65.76,1.0,16.47003229424586,26.622295082714157,16.47003229424586,26.622295082714157,0.530005539086387,-0.10162321425583869,-0.009252201291732844
1645.0,65.8,1.0,16.558989630054608,26.573415103871817,16.558989630054608,26.573415103871817,0.5338753147058773,-0.09936276222851438,-0.01320270375782181
1646.0,65.84,1.0,16.648481770900368,26.523568698003203,16.648481770900368,26.523568698003203,0.5377005873075847,-0.09705097036093475,-0.0174278219468319
1647.0,65.88,1.0,16.73867966897108,26.473164753471583,16.73867966897108,26.473164753471583,0.5414908817624067,-0.09479290068364435,-0.021742393391763516
1648.0,65.92,1.0,16.83232602957557,26.417876286664047,16.83232602957557,26.417876286664047,0.5452566051915825,-0.09268322084412436,-0.025959694623117285
1649.0,65.96000000000001,1.0,16.926107702980964,26.362932147112353,16.926107702980964,26.362932147112353,0.5490180936433691,-0.09080750936744164,-0.029898872344621054
1650.0,66.0,1.0,17.02315535225609,26.30725352982804,17.02315535225609,26.30725352982804,0.5527960061695405,-0.08921868643389912,-0.03339094587378043
1651.0,66.04,1.0,17.121645433535114,26.251150879673503,17.121645433535114,26.251150879673503,0.5566147732877869,-0.0879469719253119,-0.03628592266700263
1652.0,66.08,1.0,17.217854889939083,26.194206316949373,17.217854889939083,26.194206316949373,0.5604951437624619,-0.0870070985344073,-0.03846047741510149
1653.0,66.12,1.0,17.311713734162343,26.137542443200424,17.311713734162343,26.137542443200424,0.564457083022384,-0.08640407065662925,-0.0398239383576089
1654.0,66.16,1.0,17.402228003018887,26.081614586379924,17.402228003018887,26.081614586379924,0.5685210451243956,-0.08612176188314631,-0.040317585013962404
1655.0,66.2,1.0,17.490142780347703,26.02487315748707,17.490142780347703,26.02487315748707,0.5727043880182956,-0.08611269174138672,-0.039916983532505744
1656.0,66.24,1.0,17.578440020053897,25.967839125507584,17.578440020053897,25.967839125507584,0.5770214409101466,-0.08632860599759502,-0.03863248435564313
1657.0,66.28,1.0,17.665185182677366,25.909515071356235,17.665185182677366,25.909515071356235,0.5814797072374007,-0.08670516544733922,-0.0365088297879033
1658.0,66.32000000000001,1.0,17.75407893503126,25.849135859949314,17.75407893503126,25.849135859949314,0.5860802627470139,-0.08716356854867915,-0.03362009089139566
1659.0,66.36,1.0,17.842357757161068,25.787398102224152,17.842357757161068,25.787398102224152,0.5908195951182471,-0.08760923592233236,-0.030064561620676628
1660.0,66.4,1.0,17.93523767290798,25.72279285493888,17.93523767290798,25.72279285493888,0.5956858433162273,-0.0879412651795649,-0.025960572779608126
1661.0,66.44,1.0,18.024119257586875,25.656774431344026,18.024119257586875,25.656774431344026,0.6006614268366827,-0.0880671331436357,-0.02144159763365545
1662.0,66.48,1.0,18.11700099884043,25.590269981796048,18.11700099884043,25.590269981796048,0.6057223880817617,-0.08789605941981625,-0.01665070114407549
1663.0,66.52,1.0,18.210037368891097,25.525254005031396,18.210037368891097,25.525254005031396,0.6108447048549098,-0.08734160726455872,-0.011732562440107964
1664.0,66.56,1.0,18.301455184837202,25.458797259437535,18.301455184837202,25.458797259437535,0.616002181736518,-0.08630990445003393,-0.006826528992911901
1665.0,66.6,1.0,18.39342496134197,25.392142471516898,18.39342496134197,25.392142471516898,0.6211659337658212,-0.08473863743024265,-0.002063652120540495
1666.0,66.64,1.0,18.48361704457887,25.324935347342098,18.48361704457887,25.324935347342098,0.6263071285963773,-0.08258905809771282,0.0024377611956355088
1667.0,66.68,1.0,18.573273655897832,25.2575509901969,18.573273655897832,25.2575509901969,0.6313963612278741,-0.07983266853172873,0.006576779338407633
1668.0,66.72,1.0,18.662071041264383,25.19207418138005,18.662071041264383,25.19207418138005,0.6364096006125994,-0.0764522637387,0.010274245348581876
1669.0,66.76,1.0,18.752974533350034,25.12329681054844,18.752974533350034,25.12329681054844,0.6413243671497042,-0.07245431305175205,0.013473365752517109
1670.0,66.8,1.0,18.84259812588323,25.056274090592574,18.84259812588323,25.056274090592574,0.6461232743917745,-0.06787614285782877,0.016140129343277833
1671.0,66.84,1.0,18.933115246480163,24.985385916711607,18.933115246480163,24.985385916711607,0.6507916882702642,-0.06277150111535278,0.018262660667916316
1672.0,66.88,1.0,19.02319495861847,24.916348806841395,19.02319495861847,24.916348806841395,0.6553223748070953,-0.05722100740217845,0.019850549328786313
1673.0,66.92,1.0,19.118778952546297,24.84400922422909,19.118778952546297,24.84400922422909,0.6597126732707687,-0.05132513692460573,0.02093341808160072
1674.0,66.96000000000001,1.0,19.21368526211963,24.772960024480753,19.21368526211963,24.772960024480753,0.6639619373234342,-0.04521347370228539,0.021557199828416047
1675.0,67.0,1.0,19.30888003922653,24.69997842955138,19.30888003922653,24.69997842955138,0.668071259149482,-0.03904924069402277,0.021780096837546364
1676.0,67.04,1.0,19.402349692377488,24.6260877274154,19.402349692377488,24.6260877274154,0.6720442588237006,-0.03298646210648574,0.021669634175862894
1677.0,67.08,1.0,19.495008232788003,24.55151141570068,19.495008232788003,24.55151141570068,0.6758858344901065,-0.027180567414099098,0.02129999748181777
1678.0,67.12,1.0,19.585152793034425,24.476852585189388,19.585152793034425,24.476852585189388,0.6796029758003754,-0.021795478780497347,0.02074749027974406
1679.0,67.16,1.0,19.675288494165336,24.400801747677292,19.675288494165336,24.400801747677292,0.683199946630999,-0.01701883193367857,0.020085869665325225
1680.0,67.2,1.0,19.761919957141533,24.325219874871287,19.761919957141533,24.325219874871287,0.6866839913625529,-0.01302545381503455,0.019383903096087972
1681.0,67.24,1.0,19.85145899512015,24.250226817270637,19.85145899512015,24.250226817270637,0.6900614071484585,-0.009962581415572425,0.018702397996421767
1682.0,67.28,1.0,19.938927690436962,24.17536802337647,19.938927690436962,24.17536802337647,0.6933405654754984,-0.007962015805586864,0.018093129343219515
1683.0,67.32000000000001,1.0,20.029534013016363,24.098252187466024,20.029534013016363,24.098252187466024,0.6965283536915352,-0.007124933933450539,0.017596254224778386
1684.0,67.36,1.0,20.117475920699718,24.02517049384878,20.117475920699718,24.02517049384878,0.6996299154832757,-0.007533475677745949,0.017238405031481576
1685.0,67.4,1.0,20.20658169415314,23.95145239576498,20.20658169415314,23.95145239576498,0.7026520566859417,-0.009223384585281358,0.01703199130962333
1686.0,67.44,1.0,20.295926417557006,23.87747422295108,20.295926417557006,23.87747422295108,0.7056027263909064,-0.012189589534814239,0.01697695505637114
1687.0,67.48,1.0,20.384320665426504,23.80506947076805,20.384320665426504,23.80506947076805,0.708492114646899,-0.016399758448358413,0.017061645360712543
1688.0,67.52,1.0,20.471394090132485,23.73180363057743,20.471394090132485,23.73180363057743,0.7113303729678271,-0.02180675087349957,0.017262958971746307
1689.0,67.56,1.0,20.556494873652152,23.659617545542524,20.556494873652152,23.659617545542524,0.7141283049915901,-0.02831578097619498,0.01754760497202833
1690.0,67.6,1.0,20.64230588019545,23.583318253166304,20.64230588019545,23.583318253166304,0.7168978997320381,-0.03577315934749677,0.017874941269461167
1691.0,67.64,1.0,20.726363766718087,23.509161507727857,20.726363766718087,23.509161507727857,0.7196499269335963,-0.04400268684572948,0.0181991263012345
1692.0,67.68,1.0,20.81169727147018,23.42877627362679,20.81169727147018,23.42877627362679,0.7223936249564293,-0.05282912364122731,0.018471770127376688
1693.0,67.72,1.0,20.891630487040423,23.35197879310423,20.891630487040423,23.35197879310423,0.7251355766304022,-0.06206574566055116,0.018643934335398613
1694.0,67.76,1.0,20.97476076349872,23.270227840752376,20.97476076349872,23.270227840752376,0.7278790227707223,-0.07149850759837201,0.018668372671646102
1695.0,67.8,1.0,21.062911976415187,23.190149263975055,21.062911976415187,23.190149263975055,0.7306292716886345,-0.08088809084095029,0.018502641637514118
1696.0,67.84,1.0,21.151997689450845,23.1078868314098,21.151997689450845,23.1078868314098,0.7333868335210689,-0.09000775759979976,0.01811173726770905
1697.0,67.88,1.0,21.240263463014042,23.029029727411523,21.240263463014042,23.029029727411523,0.7361528535240626,-0.09864431073705024,0.017467752787749126
1698.0,67.92,1.0,21.322966804034664,22.95107715356592,21.322966804034664,22.95107715356592,0.7389225246454842,-0.10660030456335487,0.016551055235971425
1699.0,67.96000000000001,1.0,21.407044138075594,22.88130044962945,21.407044138075594,22.88130044962945,0.7416924452195397,-0.11365954964877642,0.015351957724799978
1700.0,68.0,1.0,21.49113950685445,22.805009053416985,21.49113950685445,22.805009053416985,0.7444565552614091,-0.11964612826424972,0.013872523915365679
1701.0,68.04,1.0,21.57616738412697,22.730447044432587,21.57616738412697,22.730447044432587,0.7472101921912759,-0.12443515136092613,0.01212529076253226
1702.0,68.08,1.0,21.66592616333894,22.65224101917861,21.66592616333894,22.65224101917861,0.7499487578934771,-0.12793279428425214,0.010132109000815109
1703.0,68.12,1.0,21.74784629742082,22.572647613861445,21.74784629742082,22.572647613861445,0.7526697991642204,-0.1300508919479282,0.007923292626952185
1704.0,68.16,1.0,21.83846308280624,22.48965753881709,21.83846308280624,22.48965753881709,0.7553760413414996,-0.13073334576181167,0.005536296278255682
1705.0,68.2,1.0,21.92766875060779,22.4049002829187,21.92766875060779,22.4049002829187,0.7580745789435995,-0.12999211672417688,0.0030154080439538096
1706.0,68.24,1.0,22.021824403688637,22.31801290902181,22.021824403688637,22.31801290902181,0.7607728126864707,-0.12789667632451537,0.000408943751602537
1707.0,68.28,1.0,22.115668189996402,22.228506498609683,22.115668189996402,22.228506498609683,0.76348214470471,-0.12453241386704925,-0.0022332903416576923
1708.0,68.32000000000001,1.0,22.211756375746745,22.13937890797748,22.211756375746745,22.13937890797748,0.7662124875217161,-0.11999048877321725,-0.004861786069884216
1709.0,68.36,1.0,22.3096718193475,22.045568120713263,22.3096718193475,22.045568120713263,0.7689806334668641,-0.1143888310971364,-0.0074282987721887295
1710.0,68.4,1.0,22.40673558290726,21.955605595919337,22.40673558290726,21.955605595919337,0.7718012274094306,-0.10790114723357999,-0.009888928211196555
1711.0,68.44,1.0,22.495712456741686,21.86815719330882,22.495712456741686,21.86815719330882,0.7746925254704549,-0.10070996235930982,-0.012206421058403916
1712.0,68.48,1.0,22.584802804997835,21.784218041433782,22.584802804997835,21.784218041433782,0.7776712225459825,-0.09297742387558959,-0.014350964934378268
1713.0,68.52,1.0,22.673600421427913,21.697998671648406,22.673600421427913,21.697998671648406,0.7807531873148058,-0.08487298254920661,-0.0163006795408221
1714.0,68.56,1.0,22.761715714715212,21.614636167475346,22.761715714715212,21.614636167475346,0.7839551388796127,-0.07660353645011257,-0.01804256174512394
1715.0,68.60000000000001,1.0,22.846792879848977,21.52756192660868,22.846792879848977,21.52756192660868,0.7872875916814795,-0.0683772057412916,-0.019572917811806118
1716.0,68.64,1.0,22.930666678571612,21.443066777543393,22.930666678571612,21.443066777543393,0.7907602658316715,-0.06036985055592634,-0.020897853037304258
1717.0,68.68,1.0,23.02084939626617,21.34751850531173,23.02084939626617,21.34751850531173,0.7943794567598639,-0.05273483513337348,-0.022031577761605654
1718.0,68.72,1.0,23.1175417177727,21.250083894529155,23.1175417177727,21.250083894529155,0.7981527043483687,-0.04563029015802528,-0.022995064570936665
1719.0,68.76,1.0,23.213634133973464,21.15031760442522,23.213634133973464,21.15031760442522,0.8020872999317958,-0.03922347943146444,-0.023813184133974413
1720.0,68.8,1.0,23.30988142077107,21.056645630257695,23.30988142077107,21.056645630257695,0.8061861925691816,-0.0336477377821635,-0.024515357168111648
1721.0,68.84,1.0,23.40403150151575,20.96004862950376,23.40403150151575,20.96004862950376,0.8104517590659924,-0.028989466632557304,-0.02513197308907227
1722.0,68.88,1.0,23.493031274142357,20.867136599284578,23.493031274142357,20.867136599284578,0.814881892466478,-0.025312565832116163,-0.025692873595054767
1723.0,68.92,1.0,23.58443254310614,20.775936891986362,23.58443254310614,20.775936891986362,0.8194729944202338,-0.022690813978627388,-0.02622441532212688
1724.0,68.96000000000001,1.0,23.671002141219276,20.684919243260925,23.671002141219276,20.684919243260925,0.8242197944636833,-0.021166317527617363,-0.026747995848414446
1725.0,69.0,1.0,23.75776070656362,20.59437328945715,23.75776070656362,20.59437328945715,0.829111966206509,-0.020719425605413323,-0.02727789244116558
1726.0,69.04,1.0,23.840748431057527,20.504174272788035,23.840748431057527,20.504174272788035,0.8341401774161754,-0.021296012860913725,-0.02782030636723462
1727.0,69.08,1.0,23.924446107580593,20.410817014172324,23.924446107580593,20.410817014172324,0.8392909585586062,-0.022842862973261692,-0.028372133145966955
1728.0,69.12,1.0,24.008010025291803,20.316630613931487,24.008010025291803,20.316630613931487,0.8445528831713567,-0.02528858294396972,-0.02892062655021887
1729.0,69.16,1.0,24.090984822863327,20.221559462239203,24.090984822863327,20.221559462239203,0.8499087894441637,-0.028531731205702182,-0.029443137321542485
1730.0,69.2,1.0,24.17380178184023,20.126361060350483,24.17380178184023,20.126361060350483,0.855341002168174,-0.03244128547129192,-0.029909036211950613
1731.0,69.24,1.0,24.2626664658674,20.027424574004197,24.2626664658674,20.027424574004197,0.8608297716711334,-0.036888293050521236,-0.030279063017374985
1732.0,69.28,1.0,24.348779726634714,19.929086764116075,24.348779726634714,19.929086764116075,0.8663562630752665,-0.04174670970988078,-0.03050836732971048
1733.0,69.32000000000001,1.0,24.4361067743208,19.829664174468785,24.4361067743208,19.829664174468785,0.871904158511056,-0.046872738149796575,-0.03054794253680927
1734.0,69.36,1.0,24.52224667951422,19.72941689024564,24.52224667951422,19.72941689024564,0.8774582896981291,-0.05209088235946215,-0.03034837022066167
1735.0,69.4,1.0,24.606970390514803,19.631770404379175,24.606970390514803,19.631770404379175,0.8830071650420506,-0.057225126633517975,-0.02986123345589985
1736.0,69.44,1.0,24.691062881499004,19.533056897259893,24.691062881499004,19.533056897259893,0.8885428397455272,-0.062122037436646384,-0.029042507184065185
1737.0,69.48,1.0,24.771643950558957,19.44211413966364,24.771643950558957,19.44211413966364,0.8940603824862119,-0.06663159333008656,-0.027853885400131357
1738.0,69.52,1.0,24.849853612109598,19.348786631965226,24.849853612109598,19.348786631965226,0.8995579468424444,-0.0705862754021034,-0.02626561701225405
1739.0,69.56,1.0,24.92666394616888,19.250186232713258,24.92666394616888,19.250186232713258,0.9050330917258386,-0.07382639964190132,-0.024259427699244555
1740.0,69.60000000000001,1.0,25.00550664694635,19.14655127832261,25.00550664694635,19.14655127832261,0.9104866730919463,-0.07621658141995187,-0.021830535050112523
1741.0,69.64,1.0,25.08069896643191,19.042979482380787,25.08069896643191,19.042979482380787,0.9159189196811812,-0.07764951447431369,-0.01898781395464127
1742.0,69.68,1.0,25.16089039793056,18.934930340328837,25.16089039793056,18.934930340328837,0.9213331843412542,-0.07803483832176673,-0.015754266396418755
1743.0,69.72,1.0,25.240765274553905,18.82557314747032,25.240765274553905,18.82557314747032,0.9267313860165981,-0.077303903245361,-0.012166538411809086
1744.0,69.76,1.0,25.321101722017954,18.71464872491371,25.321101722017954,18.71464872491371,0.9321138751375602,-0.07542755022903255,-0.008274687167160321
1745.0,69.8,1.0,25.40049689724595,18.602086059406023,25.40049689724595,18.602086059406023,0.9374800513317982,-0.07241298822076839,-0.004140046001173547
1746.0,69.84,1.0,25.47890850214267,18.490394803104593,25.47890850214267,18.490394803104593,0.9428254683799964,-0.06829280334132354,0.00016529348393283898
1747.0,69.88,1.0,25.556262585694956,18.379757636099804,25.556262585694956,18.379757636099804,0.948143581573167,-0.06311348721970436,0.004561727004012032
1748.0,69.92,1.0,25.633011497100103,18.2684131411907,25.633011497100103,18.2684131411907,0.9534222096442887,-0.056955380356681795,0.008963675568705044
1749.0,69.96000000000001,1.0,25.705845788632598,18.15916518023797,25.705845788632598,18.15916518023797,0.9586467946910984,-0.04993613882901515,0.013282612311622557
1750.0,70.0,1.0,25.779920964254863,18.047658982925253,25.779920964254863,18.047658982925253,0.9638016472668628,-0.0421998267651444,0.01743046335063798
1751.0,70.04,1.0,25.85434169064605,17.935289611858224,25.85434169064605,17.935289611858224,0.9688711154440728,-0.03389977977231316,0.02132261294009549
1752.0,70.08,1.0,25.928344923447135,17.822858657940845,25.928344923447135,17.822858657940845,0.9738427393250972,-0.02519931079989506,0.024880078074251064
1753.0,70.12,1.0,26.004655664391215,17.70844546092177,26.004655664391215,17.70844546092177,0.9787051264072126,-0.016270924985063984,0.028031095912024927
1754.0,70.16,1.0,26.079646920065347,17.594438619801807,26.079646920065347,17.594438619801807,0.9834502982471219,-0.007301274252011103,0.030714082590093776
1755.0,70.2,1.0,26.154616593247532,17.478614568992384,26.154616593247532,17.478614568992384,0.9880719375904382,0.0015227138375951798,0.032879758043406024
1756.0,70.24,1.0,26.230820498021778,17.362234666053027,26.230820498021778,17.362234666053027,0.9925666912891498,0.010012646570634243,0.034491979831916715
1757.0,70.28,1.0,26.3041635570506,17.2445633527223,26.3041635570506,17.2445633527223,0.9969332872415915,0.01798155579880838,0.03552853741739294
1758.0,70.32000000000001,1.0,26.379458132548763,17.12640954022127,26.379458132548763,17.12640954022127,1.0011730829333296,0.025249787352825626,0.035980470182568516
1759.0,70.36,1.0,26.45265836479613,17.009668625575728,26.45265836479613,17.009668625575728,1.0052927218105447,0.03165771074160793,0.03585210173782778
1760.0,70.4,1.0,26.524389623983023,16.89399501930065,26.524389623983023,16.89399501930065,1.0093029623394314,0.03707244493304852,0.035160160484011445
1761.0,70.44,1.0,26.596845163501285,16.779215657676353,26.596845163501285,16.779215657676353,1.0132186509958323,0.0413911851644704,0.033932814530429206
1762.0,70.48,1.0,26.665646525486256,16.665506823172805,26.665646525486256,16.665506823172805,1.0170559911406738,0.044538176307262346,0.03220806915736442
1763.0,70.52,1.0,26.734783024068122,16.5527577025376,26.734783024068122,16.5527577025376,1.0208305264224191,0.04646602811709092,0.03003228960218594
1764.0,70.56,1.0,26.803460287099362,16.439653140449007,26.803460287099362,16.439653140449007,1.024557065952262,0.04715699557020756,0.027459090296060012
1765.0,70.60000000000001,1.0,26.87139851772185,16.328024612667907,26.87139851772185,16.328024612667907,1.0282489237533077,0.04663315124772129,0.02454653287214823
1766.0,70.64,1.0,26.939601997151463,16.214015620962517,26.939601997151463,16.214015620962517,1.031920211341464,0.0449534351115818,0.02135512912101986
1767.0,70.68,1.0,27.008082914436603,16.100242278979657,27.008082914436603,16.100242278979657,1.0355835098874173,0.042204894539727464,0.017946019835297797
1768.0,70.72,1.0,27.07574308905518,15.985366779905926,27.07574308905518,15.985366779905926,1.03925322334057,0.038500138850812826,0.014380213909423376
1769.0,70.76,1.0,27.142163228284556,15.873468470161345,27.142163228284556,15.873468470161345,1.042943903364559,0.03397559977343865,0.01071741981522162
1770.0,70.8,1.0,27.209732324352615,15.760889113067876,27.209732324352615,15.760889113067876,1.0466709612071787,0.028791434798569004,0.007015192136898782
1771.0,70.84,1.0,27.277628927505884,15.649551139720097,27.277628927505884,15.649551139720097,1.0504487863243201,0.023121911678577446,0.00332854358423232
1772.0,70.88,1.0,27.345378837366855,15.537047648755749,27.345378837366855,15.537047648755749,1.0542885247114104,0.01714868402445565,-0.00029034705342361155
1773.0,70.92,1.0,27.41079316633868,15.426142328504373,27.41079316633868,15.426142328504373,1.0581997678345405,0.011051689106015127,-0.003792169693822303
1774.0,70.96000000000001,1.0,27.475393401035245,15.313762371699866,27.475393401035245,15.313762371699866,1.0621884619921806,0.005023313696939147,-0.00713078871461498
1775.0,71.0,1.0,27.539381619355204,15.201048308417834,27.539381619355204,15.201048308417834,1.0662585674286524,-0.0007503372010192799,-0.010263367965748602
1776.0,71.04,1.0,27.60194102537802,15.087205325869812,27.60194102537802,15.087205325869812,1.0704113559435666,-0.00608609161002126,-0.013149687368033156
1777.0,71.08,1.0,27.665530922958425,14.971433721423347,27.665530922958425,14.971433721423347,1.074644802167664,-0.01082422387053954,-0.01575191397670481
1778.0,71.12,1.0,27.726712836926566,14.85833301497957,27.726712836926566,14.85833301497957,1.0789552489152703,-0.014815852762837945,-0.01803398357355519
1779.0,71.16,1.0,27.789272763914806,14.741919450061705,27.789272763914806,14.741919450061705,1.0833360943397625,-0.01792933292978168,-0.019961849946799688
1780.0,71.2,1.0,27.850282613927426,14.628740302946747,27.850282613927426,14.628740302946747,1.0877784639156984,-0.020058821822513517,-0.021503012585580145
1781.0,71.24,1.0,27.913508139367046,14.511174131405607,27.913508139367046,14.511174131405607,1.0922691847861539,-0.021138311172308598,-0.022626844945992326
1782.0,71.28,1.0,27.97516186755852,14.394297810498964,27.97516186755852,14.394297810498964,1.0967910146584863,-0.021132487532446308,-0.023305321750659823
1783.0,71.32000000000001,1.0,28.037699523409877,14.274694200655238,28.037699523409877,14.274694200655238,1.101325419344367,-0.02003425407361502,-0.023514303060695498
1784.0,71.36,1.0,28.098361578980768,14.155414597018103,28.098361578980768,14.155414597018103,1.105851068874305,-0.017858804917384407,-0.023234540396063364
1785.0,71.4,1.0,28.16042083344928,14.03382756670596,28.16042083344928,14.03382756670596,1.1103502970876982,-0.014665181849540266,-0.02245242181191147
1786.0,71.44,1.0,28.220288348098983,13.913993407601504,28.220288348098983,13.913993407601504,1.1148060940254134,-0.010533839435051517,-0.021161222052940958
1787.0,71.48,1.0,28.28011725294639,13.79451819279432,28.28011725294639,13.79451819279432,1.1192059898516917,-0.005578294798115446,-0.019362930718660805
1788.0,71.52,1.0,28.33935684353242,13.674854489958708,28.33935684353242,13.674854489958708,1.1235416059836516,7.854428917326572e-05,-0.01706922232190114
1789.0,71.56,1.0,28.399598549716927,13.554160575415924,28.399598549716927,13.554160575415924,1.1278078276809804,0.00628542021511973,-0.014302399494760587
1790.0,71.60000000000001,1.0,28.45564288005938,13.43344721336014,28.45564288005938,13.43344721336014,1.1320014440527948,0.012874752002798062,-0.01109617066001617
1791.0,71.64,1.0,28.51016114927446,13.311289269788848,28.51016114927446,13.311289269788848,1.1361195778964057,0.01965703876416519,-0.007496627977118933
1792.0,71.68,1.0,28.56402818943291,13.188890408863694,28.56402818943291,13.188890408863694,1.1401614417669585,0.02645350447207816,-0.0035628059027542095
1793.0,71.72,1.0,28.61705293664564,13.064550026536295,28.61705293664564,13.064550026536295,1.144129446598177,0.033086519459583165,0.0006334485320773801
1794.0,71.76,1.0,28.66977483207608,12.939699768642658,28.66977483207608,12.939699768642658,1.148029668933097,0.039387213795502106,0.005008387768176763
1795.0,71.8,1.0,28.72245148787265,12.81371368437846,28.72245148787265,12.81371368437846,1.1518728079133211,0.04519694471149808,0.009467873216637212
1796.0,71.84,1.0,28.772401090042344,12.690122674182094,28.772401090042344,12.690122674182094,1.1556693530322666,0.050380338850466846,0.013908672680213913
1797.0,71.88,1.0,28.822807101572995,12.566582396965886,28.822807101572995,12.566582396965886,1.1594328098452276,0.05481710563983259,0.018220989860594665
1798.0,71.92,1.0,28.874362368974165,12.443807704160136,28.874362368974165,12.443807704160136,1.1631743703308146,0.05841164581129925,0.022292242287619887
1799.0,71.96000000000001,1.0,28.92477264906147,12.321543397618449,28.92477264906147,12.321543397618449,1.1669015777545995,0.06108634782736387,0.026010094570206404
1800.0,72.0,1.0,28.975113753100267,12.19934661512232,28.975113753100267,12.19934661512232,1.170618322922392,0.06279988231353954,0.0292653675752291
1801.0,72.04,1.0,29.022173506228278,12.077408010946101,29.022173506228278,12.077408010946101,1.1743255283438447,0.06353984378442361,0.031955087933170284
1802.0,72.08,1.0,29.069664442460827,11.95467956312424,29.069664442460827,11.95467956312424,1.17802558267111,0.063340520575947,0.03398657443861825
1803.0,72.12,1.0,29.114892566169384,11.83264686801861,29.114892566169384,11.83264686801861,1.1817197357278189,0.06225463717467631,0.03528139785753141
1804.0,72.16,1.0,29.164746163403084,11.713113458364635,29.164746163403084,11.713113458364635,1.1854115257132434,0.060363655778754764,0.035779237510454025
1805.0,72.2,1.0,29.21018800719956,11.592477099059193,29.21018800719956,11.592477099059193,1.189101024402687,0.057770101410129907,0.035440659374131975
1806.0,72.24,1.0,29.258848318879068,11.47527358013279,29.258848318879068,11.47527358013279,1.1927878173466173,0.05459679664822714,0.034249034310322404
1807.0,72.28,1.0,29.305954213978417,11.357629091372278,29.305954213978417,11.357629091372278,1.1964687723079341,0.05098118618741794,0.03221326053876652
1808.0,72.32000000000001,1.0,29.352339814335078,11.240903038740722,29.352339814335078,11.240903038740722,1.2001371459123618,0.04707281734437332,0.02936862224693194
1809.0,72.36,1.0,29.39755092833517,11.123709985045851,29.39755092833517,11.123709985045851,1.2037841115554364,0.04301878604310174,0.025775587991262245
1810.0,72.4,1.0,29.442800242810154,11.007012113817167,29.442800242810154,11.007012113817167,1.2074022949431131,0.03896088713750077,0.0215181602360977
1811.0,72.44,1.0,29.48797910846934,10.889832106065576,29.48797910846934,10.889832106065576,1.2109862501601765,0.035041179112140816,0.01670230107613882
1812.0,72.48,1.0,29.534087033654448,10.771368833474586,29.534087033654448,10.771368833474586,1.2145343406432183,0.03139611184322947,0.01145385139870358
1813.0,72.52,1.0,29.5830692959979,10.650162066115412,29.5830692959979,10.650162066115412,1.2180462488738575,0.028142533411422643,0.005914049749620056
1814.0,72.56,1.0,29.630888621953414,10.529650560951868,29.630888621953414,10.529650560951868,1.2215261714423518,0.02537806184997381,0.00023525409299236523
1815.0,72.60000000000001,1.0,29.678459729670607,10.410373625679497,29.678459729670607,10.410373625679497,1.2249765311179672,0.02317450800544397,-0.005424823164247674
1816.0,72.64,1.0,29.726880120812503,10.291341227323562,29.726880120812503,10.291341227323562,1.2284046543348262,0.02157550021644785,-0.010907007066693451
1817.0,72.68,1.0,29.774040413203927,10.17286153788371,29.774040413203927,10.17286153788371,1.2318167255334411,0.02059745683106885,-0.016056106672587795
1818.0,72.72,1.0,29.817911059107836,10.053857444565825,29.817911059107836,10.053857444565825,1.235222481215564,0.020227494027754957,-0.020727355071627297
1819.0,72.76,1.0,29.862690365808657,9.9326289058979,29.862690365808657,9.9326289058979,1.2386342166427327,0.020427238340513576,-0.024792476124158323
1820.0,72.8,1.0,29.905360414642423,9.810601187002467,29.905360414642423,9.810601187002467,1.2420683288270655,0.021149125287241978,-0.028142678645309272
1821.0,72.84,1.0,29.9508178150496,9.688375772574393,29.9508178150496,9.688375772574393,1.245543440045221,0.022345192655572353,-0.030691501455054986
1822.0,72.88,1.0,29.992601931778143,9.56838860824256,29.992601931778143,9.56838860824256,1.2490793074923778,0.023936895218227693,-0.03237835105017385
1823.0,72.92,1.0,30.035748783560486,9.448642356703528,30.035748783560486,9.448642356703528,1.2526948450299837,0.025831818654588112,-0.03317095837027701
1824.0,72.96000000000001,1.0,30.073031519890833,9.328063593276426,30.073031519890833,9.328063593276426,1.256404134897733,0.027936880835271106,-0.033065122959791526
1825.0,73.0,1.0,30.112864988354335,9.21065858499461,30.112864988354335,9.21065858499461,1.2602159422180443,0.030171248163467633,-0.03208452868604678
1826.0,73.04,1.0,30.147363505283643,9.087149262400228,30.147363505283643,9.087149262400228,1.264134522743199,0.03245391992538549,-0.030278540674486897
1827.0,73.08,1.0,30.183360795520866,8.964096184261466,30.183360795520866,8.964096184261466,1.2681578054301454,0.03471243959792415,-0.027722110480225364
1828.0,73.12,1.0,30.217027452368477,8.84174511252574,30.217027452368477,8.84174511252574,1.2722797780491384,0.03688154490878466,-0.02451200354192013
1829.0,73.16,1.0,30.254089757311398,8.72135861251182,30.254089757311398,8.72135861251182,1.2764914787017232,0.03892219263615744,-0.020762706025258315
1830.0,73.2,1.0,30.289162355241974,8.595242149779327,30.289162355241974,8.595242149779327,1.2807805428875276,0.04082408696513841,-0.016600329246748445
1831.0,73.24,1.0,30.325194940358482,8.47069857258182,30.325194940358482,8.47069857258182,1.285132699786682,0.04259273976771638,-0.01216020984430609
1832.0,73.28,1.0,30.360843929776262,8.345802828787438,30.360843929776262,8.345802828787438,1.2895301682553146,0.044234161419853826,-0.007581958238078697
1833.0,73.32000000000001,1.0,30.392926019437347,8.22693506473475,30.392926019437347,8.22693506473475,1.2939527055010973,0.04578817955822784,-0.0030035018521037357
1834.0,73.36,1.0,30.42579808849731,8.106923203572817,30.42579808849731,8.106923203572817,1.298377380345537,0.047310731801214645,0.0014442015521979406
1835.0,73.4,1.0,30.456792605504166,7.988131227574604,30.456792605504166,7.988131227574604,1.3027842649289791,0.04885847487985871,0.0056395722376071334
1836.0,73.44,1.0,30.489095982734664,7.865610813828683,30.489095982734664,7.865610813828683,1.307153920134679,0.05047703739128399,0.00947364928617626
1837.0,73.48,1.0,30.519537088352468,7.745547437860528,30.519537088352468,7.745547437860528,1.3114725645498586,0.052232138139188734,0.012852548991513663
1838.0,73.52,1.0,30.55088673064433,7.622261987819397,30.55088673064433,7.622261987819397,1.315730407464407,0.05419542518454177,0.015701080645381962
1839.0,73.56,1.0,30.579907597722933,7.501713090288919,30.579907597722933,7.501713090288919,1.3199245810727576,0.05644103513515132,0.017963538009535478
1840.0,73.60000000000001,1.0,30.610120213331214,7.381636749590394,30.610120213331214,7.381636749590394,1.3240544732304844,0.059018406470459486,0.01960464343625185
1841.0,73.64,1.0,30.638029114678666,7.264303765123943,30.638029114678666,7.264303765123943,1.3281229342571936,0.06194875426929859,0.020608571969350384
1842.0,73.68,1.0,30.667946900919947,7.144796677044508,30.667946900919947,7.144796677044508,1.332132164447683,0.06523823741546944,0.020980868985796042
1843.0,73.72,1.0,30.696327884647324,7.025003751163366,30.696327884647324,7.025003751163366,1.3360854301000207,0.06888657518873044,0.020746320270413836
1844.0,73.76,1.0,30.723509728877907,6.9051159146356795,30.723509728877907,6.9051159146356795,1.3399873584230102,0.07285514926997357,0.019946200983021543
1845.0,73.8,1.0,30.75118161155067,6.781825317270126,30.75118161155067,6.781825317270126,1.3438433243701366,0.07707349341237267,0.0186352643001221
1846.0,73.84,1.0,30.779303593480385,6.660203125523689,30.779303593480385,6.660203125523689,1.347658230301605,0.08146141451969234,0.016881523383683643
1847.0,73.88,1.0,30.806821971934824,6.5379505858793525,30.806821971934824,6.5379505858793525,1.3514380421902943,0.08593958269740576,0.014763396400355238
1848.0,73.92,1.0,30.83572423444908,6.4153339798923295,30.83572423444908,6.4153339798923295,1.355186699090368,0.09039986355145471,0.012366377063846384
1849.0,73.96000000000001,1.0,30.863313811387833,6.289737498826547,30.863313811387833,6.289737498826547,1.3589072476815311,0.0947227117718918,0.009780043756378577
1850.0,74.0,1.0,30.8915165588759,6.17130486792489,30.8915165588759,6.17130486792489,1.362599214296608,0.09878050323934226,0.007096543813784911
1851.0,74.04,1.0,30.919106005149292,6.052464106085262,30.919106005149292,6.052464106085262,1.366260595073629,0.10245821113158751,0.004408075935810879
1852.0,74.08,1.0,30.945006831576347,5.936019247222893,30.945006831576347,5.936019247222893,1.36988814606952,0.10564446454763746,0.0018044316119065194
1853.0,74.12,1.0,30.970627891947295,5.8182536337443,30.970627891947295,5.8182536337443,1.373478934069568,0.1082250111700503,-0.0006311024519179642
1854.0,74.16,1.0,30.994415564093025,5.702593311549486,30.994415564093025,5.702593311549486,1.3770309390961222,0.1100898663970552,-0.002823018453398436
1855.0,74.2,1.0,31.016455573837636,5.5865920547790235,31.016455573837636,5.5865920547790235,1.3805419020928902,0.11116609403613502,-0.004704873273676252
1856.0,74.24,1.0,31.037584692533052,5.469173910310124,31.037584692533052,5.469173910310124,1.3840128011726684,0.11142366427683018,-0.0062207237891208494
1857.0,74.28,1.0,31.058648834734253,5.351029244637028,31.058648834734253,5.351029244637028,1.3874451104539136,0.11084619079990018,-0.0073282937790362145
1858.0,74.32000000000001,1.0,31.080453561848934,5.235019801284131,31.080453561848934,5.235019801284131,1.3908428771079506,0.10943184565119353,-0.00799917977437855
1859.0,74.36,1.0,31.102825865900257,5.12140140997128,31.102825865900257,5.12140140997128,1.3942110502685687,0.10721837025816376,-0.008218114197068457
1860.0,74.4,1.0,31.123530083707983,5.008507664701919,31.123530083707983,5.008507664701919,1.3975555723853268,0.10426957472013587,-0.007983794583910995
1861.0,74.44,1.0,31.143557336540425,4.893716950345542,31.143557336540425,4.893716950345542,1.4008832994619889,0.10067153420394818,-0.007310867026885488
1862.0,74.48,1.0,31.161694816471318,4.781001740137821,31.161694816471318,4.781001740137821,1.4042017597808345,0.09651859873561067,-0.006229306066081245
1863.0,74.52,1.0,31.180397175325812,4.6707270848356135,31.180397175325812,4.6707270848356135,1.4075190985514436,0.09193148093003699,-0.004783154087143945
1864.0,74.56,1.0,31.198016996323794,4.558457441110451,31.198016996323794,4.558457441110451,1.4108437693605644,0.08705385743526044,-0.0030286864030707587
1865.0,74.60000000000001,1.0,31.215632506119807,4.449096826110484,31.215632506119807,4.449096826110484,1.4141844397875465,0.08204362878026308,-0.00103398087179897
1866.0,74.64,1.0,31.23162137269785,4.337598285444328,31.23162137269785,4.337598285444328,1.4175503589327225,0.07704422588980961,0.0011227682212162872
1867.0,74.68,1.0,31.246901709109522,4.2274462574479035,31.246901709109522,4.2274462574479035,1.420948271463029,0.07218319469498272,0.0033560630938005744
1868.0,74.72,1.0,31.262732873577058,4.116311534971055,31.262732873577058,4.116311534971055,1.424386275957351,0.06759050766599736,0.005577323763836987
1869.0,74.76,1.0,31.275144102685765,4.006665467477415,31.275144102685765,4.006665467477415,1.4278685263161077,0.06338341306492085,0.007697096679490589
1870.0,74.8,1.0,31.28787419811531,3.894243893013011,31.28787419811531,3.894243893013011,1.431397048456532,0.05964024061755012,0.009626805203425844
1871.0,74.84,1.0,31.301987531913703,3.7841311067492227,31.301987531913703,3.7841311067492227,1.434971409018895,0.056407619536191535,0.011282416236364026
1872.0,74.88,1.0,31.315280699567232,3.671754276975001,31.315280699567232,3.671754276975001,1.4385893214711147,0.05371560166171777,0.012589097570144748
1873.0,74.92,1.0,31.32877679101087,3.5575338843670457,31.32877679101087,3.5575338843670457,1.4422477294252116,0.05158075873499769,0.013482976848820466
1874.0,74.96000000000001,1.0,31.34135419983419,3.443091761375185,31.34135419983419,3.443091761375185,1.4459407897716254,0.0499864825517921,0.01391266686832451
1875.0,75.0,1.0,31.356258989000064,3.3293908654746907,31.356258989000064,3.3293908654746907,1.4496631294264375,0.04889009972732032,0.013841817247626434
1876.0,75.04,1.0,31.36977102684677,3.2207047774683573,31.36977102684677,3.2207047774683573,1.4534072320789337,0.048221682947254,0.013252301486180836
1877.0,75.08,1.0,31.38382716495923,3.112415581367757,31.38382716495923,3.112415581367757,1.4571659803672998,0.04790354971940406,0.012144996732394076
1878.0,75.12,1.0,31.396363651907194,3.003251905063394,31.396363651907194,3.003251905063394,1.4609327746974228,0.047837228719354676,0.010540147615283237
1879.0,75.16,1.0,31.409938480740657,2.894572697297554,31.409938480740657,2.894572697297554,1.4646981400554917,0.04790135523498053,0.00847563997545529
1880.0,75.2,1.0,31.42219571503451,2.783697097851678,31.42219571503451,2.783697097851678,1.4684554112543968,0.04796609230001449,0.006006819308248588
1881.0,75.24,1.0,31.434839185624536,2.67435794236407,31.434839185624536,2.67435794236407,1.4721999929935345,0.04791342048881712,0.003205324611937234
1882.0,75.28,1.0,31.448052719824307,2.562390719862025,31.448052719824307,2.562390719862025,1.4759295895399558,0.047636081662044784,0.0001565291948970926
1883.0,75.32000000000001,1.0,31.459888160187045,2.4494448637265194,31.459888160187045,2.4494448637265194,1.4796436545484022,0.04702000184477987,-0.0030444779134742033
1884.0,75.36,1.0,31.472112636678663,2.337446043533106,31.472112636678663,2.337446043533106,1.4833425761178076,0.04595510660275916,-0.006295061453065897
1885.0,75.4,1.0,31.482451393947308,2.226009366734065,31.482451393947308,2.226009366734065,1.4870299856031997,0.04435683092008193,-0.009487595168948858
1886.0,75.44,1.0,31.49345486786219,2.11797569497019,31.49345486786219,2.11797569497019,1.4907093878934077,0.04216164664640406,-0.012514146959548769
1887.0,75.48,1.0,31.505641031495134,2.0108471122895937,31.505641031495134,2.0108471122895937,1.4943867724332744,0.03932455840015396,-0.015271100903034346
1888.0,75.52,1.0,31.51454928036524,1.903908775519691,31.51454928036524,1.903908775519691,1.4980654210356672,0.035816394607640835,-0.017661720085443606
1889.0,75.56,1.0,31.523672082165085,1.7976289035135877,31.523672082165085,1.7976289035135877,1.5017480671888643,0.03164259367103078,-0.01960004211075236
1890.0,75.60000000000001,1.0,31.53337139384555,1.6900581667317867,31.53337139384555,1.6900581667317867,1.5054390961005963,0.02683957779791133,-0.021013375947321767
1891.0,75.64,1.0,31.539626556572916,1.5819294608466823,31.539626556572916,1.5819294608466823,1.509141009812962,0.021466578143108817,-0.021845566762733904
1892.0,75.68,1.0,31.54521009825994,1.4741502498589174,31.54521009825994,1.4741502498589174,1.5128552410781353,0.015602095244700099,-0.02205871185767755
1893.0,75.72,1.0,31.550367516159376,1.3693342826136374,31.550367516159376,1.3693342826136374,1.5165818877910122,0.009344291688669782,-0.021634919477309715
1894.0,75.76,1.0,31.55635805876194,1.2625115669068907,31.55635805876194,1.2625115669068907,1.520321016580374,0.0028180397031325024,-0.020575900766765264
1895.0,75.8,1.0,31.56065848219287,1.1564317840150073,31.56065848219287,1.1564317840150073,1.5240722394499309,-0.003839784925498746,-0.01890382319596139
1896.0,75.84,1.0,31.56545675233706,1.0497624778776986,31.56545675233706,1.0497624778776986,1.5278344025105806,-0.010492677964982811,-0.016660720526322188
1897.0,75.88,1.0,31.570484985586358,0.9417567606697105,31.570484985586358,0.9417567606697105,1.531605349602408,-0.017006853080284535,-0.013906521032924935
1898.0,75.92,1.0,31.573416007838773,0.8360802598300806,31.573416007838773,0.8360802598300806,1.5353809693346323,-0.023234792325610088,-0.010717377777336829
1899.0,75.96000000000001,1.0,31.57544888997134,0.7273332770922056,31.57544888997134,0.7273332770922056,1.5391596593415637,-0.029028323445996908,-0.007184789602516004
1900.0,76.0,1.0,31.577377301687626,0.6181517003586376,31.577377301687626,0.6181517003586376,1.5429400552889665,-0.03425294888326606,-0.0034123821103966114
1901.0,76.04,1.0,31.57947442392588,0.509516599289112,31.57947442392588,0.509516599289112,1.5467200905629457,-0.03878622996259616,0.00048785987560797625
1902.0,76.08,1.0,31.578910876817496,0.4029304597751361,31.578910876817496,0.4029304597751361,1.5504990204929632,-0.04251111902434964,0.004398606795010409
1903.0,76.12,1.0,31.57804225691408,0.29605067692008946,31.57804225691408,0.29605067692008946,1.5542774684657796,-0.04533338640625385,0.008200013731232827
1904.0,76.16,1.0,31.57705133544419,0.18809722139089663,31.57705133544419,0.18809722139089663,1.5580575433000492,-0.0471870054469077,0.011774227769777715
1905.0,76.2,1.0,31.57753765204791,0.07820944099843678,31.57753765204791,0.07820944099843678,1.5618419765284164,-0.04803696946698628,0.01500863282673374
1906.0,76.24,1.0,31.577067671198307,-0.03092251946390916,31.577067671198307,-0.03092251946390916,1.5656334576896147,-0.04786860533802819,0.01779988818195264
1907.0,76.28,1.0,31.574086802311644,-0.14416967462457414,31.574086802311644,-0.14416967462457414,1.5694346431462556,-0.04669667621997068,0.02005623494499074
1908.0,76.32000000000001,1.0,31.571281856786435,-0.25695176937774156,31.571281856786435,-0.25695176937774156,1.5732476799128818,-0.04456009413278983,0.021700217923341654
1909.0,76.36,1.0,31.57083089728699,-0.3684944165544638,31.57083089728699,-0.3684944165544638,1.5770762840444867,-0.04154224829568672,0.02267172488451321
1910.0,76.4,1.0,31.568366850661107,-0.4780650639964231,31.568366850661107,-0.4780650639964231,1.5809222466066064,-0.03775527760879295,0.022931195417406663
1911.0,76.44,1.0,31.567234913090466,-0.5921744074877787,31.567234913090466,-0.5921744074877787,1.5847871914704768,-0.03333432556248563,0.022460213467401645
1912.0,76.48,1.0,31.56679527821682,-0.7050433127526292,31.56679527821682,-0.7050433127526292,1.5886715495643913,-0.028438884178261882,0.021261115120058176
1913.0,76.52,1.0,31.564731458170986,-0.81881816409935,31.564731458170986,-0.81881816409935,1.5925740160006296,-0.023263697819824413,0.019358683677768856
1914.0,76.56,1.0,31.56278672913142,-0.9330030219469672,31.56278672913142,-0.9330030219469672,1.5964917249284634,-0.018009820699666557,0.016800582230183037
1915.0,76.60000000000001,1.0,31.56122585873282,-1.0473008654877103,31.56122585873282,-1.0473008654877103,1.6004202571600836,-0.012882242496676143,0.013655674474904789
1916.0,76.64,1.0,31.55754715353718,-1.1617861238064637,31.55754715353718,-1.1617861238064637,1.604352462256164,-0.008085133777677,0.010011378381993338
1917.0,76.68,1.0,31.55644119024479,-1.274439033367508,31.55644119024479,-1.274439033367508,1.6082816532955544,-0.0038264224516596944,0.005971646765463032
1918.0,76.72,1.0,31.553939225944085,-1.386447782453897,31.553939225944085,-1.386447782453897,1.61220005079246,-0.00029480270705136704,0.0016547082828031394
1919.0,76.76,1.0,31.551537449716392,-1.4982244762952566,31.551537449716392,-1.4982244762952566,1.6161034379008243,0.00233623603106915,-0.002810372790223943
1920.0,76.8,1.0,31.54786898221144,-1.6081906623163242,31.54786898221144,-1.6081906623163242,1.619986171913072,0.003927003009781526,-0.00728845360289823
1921.0,76.84,1.0,31.543920384303892,-1.7203664646327117,31.543920384303892,-1.7203664646327117,1.6238464612355739,0.004364212370623066,-0.011643095592361314
1922.0,76.88,1.0,31.540474228467133,-1.8330410738457465,31.540474228467133,-1.8330410738457465,1.6276833705498472,0.0035679938983842474,-0.01573968147777836
1923.0,76.92,1.0,31.53742643960385,-1.9460975549424944,31.53742643960385,-1.9460975549424944,1.6314996688139805,0.0014988583577016823,-0.01944886223776512
1924.0,76.96000000000001,1.0,31.533498041510978,-2.059438205335593,31.533498041510978,-2.059438205335593,1.6353010661320138,-0.001817953985766263,-0.022652407289587652
1925.0,77.0,1.0,31.52724220286378,-2.171583335607035,31.52724220286378,-2.171583335607035,1.6390944051752814,-0.006315452542957322,-0.025248052797488135
1926.0,77.04,1.0,31.52213954782938,-2.2849640761777708,31.52213954782938,-2.2849640761777708,1.6428886877285638,-0.011877936427720216,-0.027152593890115755
1927.0,77.08,1.0,31.51483070966271,-2.395824262364733,31.51483070966271,-2.395824262364733,1.6466954692320264,-0.01833790496471869,-0.02830325549968063
1928.0,77.12,1.0,31.50940825291958,-2.5025224246060387,31.50940825291958,-2.5025224246060387,1.6505270413354467,-0.025474161145731044,-0.02866134573726844
1929.0,77.16,1.0,31.500613919970828,-2.611131064718339,31.500613919970828,-2.611131064718339,1.6543959209845664,-0.03303659162435393,-0.02821352188139924
1930.0,77.2,1.0,31.492151196877824,-2.7182852420560137,31.492151196877824,-2.7182852420560137,1.658311562976096,-0.040735989042010604,-0.026972749436805388
1931.0,77.24,1.0,31.48110735099889,-2.822612024540536,31.48110735099889,-2.822612024540536,1.6622836337901532,-0.04826518095185831,-0.024976242635002543
1932.0,77.28,1.0,31.469683643946667,-2.9278798590139727,31.469683643946667,-2.9278798590139727,1.6663178281748585,-0.05529947261781486,-0.022284471174734397
1933.0,77.32000000000001,1.0,31.457577565535406,-3.03590332502299,31.457577565535406,-3.03590332502299,1.6704178630992739,-0.06151240930259275,-0.01897902968180507
1934.0,77.36,1.0,31.444457922193106,-3.142161687341985,31.444457922193106,-3.142161687341985,1.6745825277054205,-0.06658417670321962,-0.015159962711236444
1935.0,77.4,1.0,31.429536853276858,-3.252592072554923,31.429536853276858,-3.252592072554923,1.6788054932607708,-0.07023419176017465,-0.010940916526704507
1936.0,77.44,1.0,31.41544213833999,-3.364468711801043,31.41544213833999,-3.364468711801043,1.6830775267055678,-0.07221545303294633,-0.006444412390649421
1937.0,77.48,1.0,31.396808461727936,-3.4787596913997283,31.396808461727936,-3.4787596913997283,1.6873835767033274,-0.07232651602170506,-0.0017980337538405565
1938.0,77.52,1.0,31.381490749777537,-3.593901701216411,31.381490749777537,-3.593901701216411,1.6917058232507145,-0.07042825583184173,0.0028693226744054673
1939.0,77.56,1.0,31.364398487780072,-3.7085495832047726,31.364398487780072,-3.7085495832047726,1.6960209390995793,-0.06646031453207413,0.007433344295780596
1940.0,77.60000000000001,1.0,31.34876936104836,-3.825215670678081,31.34876936104836,-3.825215670678081,1.7003056465213207,-0.06042202930886962,0.011778527119154007
1941.0,77.64,1.0,31.330353189425637,-3.941187090516671,31.330353189425637,-3.941187090516671,1.7045341328462915,-0.052395283849370776,0.015802434301789958
1942.0,77.68,1.0,31.31603663960089,-4.057686656282013,31.31603663960089,-4.057686656282013,1.7086824739684399,-0.0425316166378359,0.019417382777081625
1943.0,77.72,1.0,31.298170589125995,-4.176298021849648,31.298170589125995,-4.176298021849648,1.7127260803431923,-0.031051641764905324,0.022554195517690948
1944.0,77.76,1.0,31.281369214803174,-4.292318329051912,31.281369214803174,-4.292318329051912,1.7166433150750968,-0.018236806181419395,0.025162943383523272
1945.0,77.8,1.0,31.26335364115793,-4.409996826675613,31.26335364115793,-4.409996826675613,1.720416479519604,-0.004429856320690662,0.0272141609855397
1946.0,77.84,1.0,31.243799279185886,-4.527560919105051,31.243799279185886,-4.527560919105051,1.7240330418724394,0.009990487663567827,0.02869770463582662
1947.0,77.88,1.0,31.225433161527395,-4.645066430510255,31.225433161527395,-4.645066430510255,1.7274842065920535,0.02461062052137879,0.02962208818317364
1948.0,77.92,1.0,31.204532469907797,-4.764793889014671,31.204532469907797,-4.764793889014671,1.7307683757705217,0.03899692454781922,0.030012940792895387
1949.0,77.96000000000001,1.0,31.18488130922504,-4.884685773986844,31.18488130922504,-4.884685773986844,1.7338880011768765,0.05271427583144046,0.029910315580797042
1950.0,78.0,1.0,31.164256515575374,-5.003354746247366,31.164256515575374,-5.003354746247366,1.7368532604395153,0.06535803099180978,0.029365414813707247
1951.0,78.04,1.0,31.14363666848619,-5.123752167990071,31.14363666848619,-5.123752167990071,1.7396766113385198,0.07654941867225698,0.02843697085612429
1952.0,78.08,1.0,31.12200445576314,-5.24234900983972,31.12200445576314,-5.24234900983972,1.742377123786623,0.08596058076902434,0.027188650040448275
1953.0,78.12,1.0,31.103237428406334,-5.36010119013604,31.103237428406334,-5.36010119013604,1.7449721740263828,0.09332086304639978,0.0256855119000808
1954.0,78.16,1.0,31.082804699782123,-5.473898194683495,31.082804699782123,-5.473898194683495,1.7474839014981332,0.09842669190191014,0.02399000795478287
1955.0,78.2,1.0,31.063496900274686,-5.585460973254621,31.063496900274686,-5.585460973254621,1.7499330242792108,0.1011451079167442,0.022159546452640202
1956.0,78.24,1.0,31.043528525790936,-5.694649368431255,31.043528525790936,-5.694649368431255,1.752340707178686,0.10142795773613181,0.020243988577520543
1957.0,78.28,1.0,31.024040126343543,-5.802706653914184,31.024040126343543,-5.802706653914184,1.754726577163742,0.09929972377983257,0.018284578658195237
1958.0,78.32000000000001,1.0,31.003717292841607,-5.909713415448509,31.003717292841607,-5.909713415448509,1.7571097207650959,0.09486197625823957,0.016312038837639146
1959.0,78.36,1.0,30.98332632882731,-6.016939448589074,30.98332632882731,-6.016939448589074,1.7595080413272328,0.08828795343579501,0.014346288570408086
1960.0,78.4,1.0,30.96287822427279,-6.120598854390116,30.96287822427279,-6.120598854390116,1.761937533348707,0.0798102521535924,0.012397311769326316
1961.0,78.44,1.0,30.94379110417101,-6.224586326677566,30.94379110417101,-6.224586326677566,1.7644125304971072,0.06970404815632272,0.010465801993389482
1962.0,78.48,1.0,30.919535989902954,-6.327011917579676,30.919535989902954,-6.327011917579676,1.7669446893721115,0.05828472382627379,0.008544787330145544
1963.0,78.52,1.0,30.899830593820617,-6.4296019101473405,30.899830593820617,-6.4296019101473405,1.769543295582963,0.04589393115354662,0.006619494034981283
1964.0,78.56,1.0,30.878453850280103,-6.533158078355041,30.878453850280103,-6.533158078355041,1.7722181591180544,0.03288532704106517,0.004671019490108837
1965.0,78.60000000000001,1.0,30.8577028046518,-6.636037482837446,30.8577028046518,-6.636037482837446,1.7749759500422122,0.01960480391249908,0.0026782821789397837
1966.0,78.64,1.0,30.83643187137825,-6.739104178003198,30.83643187137825,-6.739104178003198,1.777823991458701,0.006384251858153289,0.0006205467028058782
1967.0,78.68,1.0,30.81501495944459,-6.8429260193301715,30.81501495944459,-6.8429260193301715,1.7807673853021906,-0.006473129296307422,-0.0015215239375903316
1968.0,78.72,1.0,30.793826347855294,-6.9475110547252665,30.793826347855294,-6.9475110547252665,1.7838123604542813,-0.018697263140020258,-0.0037632308739556073
1969.0,78.76,1.0,30.77207325625106,-7.054334177266879,30.77207325625106,-7.054334177266879,1.786964931895706,-0.0300540012593713,-0.0061136747917583615
1970.0,78.8,1.0,30.750017674526482,-7.161964513814167,30.750017674526482,-7.161964513814167,1.7902287521678022,-0.04035960526543044,-0.008573750906868419
1971.0,78.84,1.0,30.727805971999356,-7.269070015446746,30.727805971999356,-7.269070015446746,1.793607498431406,-0.04947328787097229,-0.011135772640609573
1972.0,78.88,1.0,30.7048028027035,-7.375869730804764,30.7048028027035,-7.375869730804764,1.7971005509035547,-0.05730952756636045,-0.013782791037149997
1973.0,78.92,1.0,30.680671046781708,-7.483415750605898,30.680671046781708,-7.483415750605898,1.8007099475141939,-0.06383491591751529,-0.016488487300460007
1974.0,78.96000000000001,1.0,30.65702661987707,-7.5923394029739315,30.65702661987707,-7.5923394029739315,1.8044336671575034,-0.06906932166004684,-0.019215482695374146
1975.0,79.0,1.0,30.63204893026189,-7.699752730059299,30.63204893026189,-7.699752730059299,1.808268933287782,-0.07306953757260368,-0.02191763969531258
1976.0,79.04,1.0,30.606710799568692,-7.808290571250997,30.606710799568692,-7.808290571250997,1.8122109448769232,-0.07592029308826541,-0.024540825430947023
1977.0,79.08,1.0,30.58144905630321,-7.917673489398256,30.58144905630321,-7.917673489398256,1.8162527628767688,-0.07772962914842312,-0.02702496426623417
1978.0,79.12,1.0,30.556591812015238,-8.02679213089228,30.556591812015238,-8.02679213089228,1.8203866614009834,-0.0786283764693695,-0.029303632371148795
1979.0,79.16,1.0,30.531076580972545,-8.136328690736015,30.531076580972545,-8.136328690736015,1.8246004181236148,-0.07875075494466058,-0.03130751621600823
1980.0,79.2,1.0,30.504279446781744,-8.246340947627202,30.504279446781744,-8.246340947627202,1.8288793399145615,-0.07823866177949922,-0.03296677658479624
1981.0,79.24,1.0,30.475858908182726,-8.357802788972542,30.475858908182726,-8.357802788972542,1.8332074374136198,-0.07722336869006666,-0.03421446089285812
1982.0,79.28,1.0,30.447546878782656,-8.468940833065659,30.447546878782656,-8.468940833065659,1.837567071835997,-0.07583222259896617,-0.034988625623500504
1983.0,79.32000000000001,1.0,30.418947913004395,-8.580229049568398,30.418947913004395,-8.580229049568398,1.841945049664167,-0.07415987425166945,-0.0352345892050173
1984.0,79.36,1.0,30.388143500396655,-8.69030218013447,30.388143500396655,-8.69030218013447,1.8463237756265367,-0.0722822340575957,-0.03490786507120823
1985.0,79.4,1.0,30.358585466138614,-8.801211009965343,30.358585466138614,-8.801211009965343,1.8506917847357176,-0.07024360630654268,-0.03397823213625626
1986.0,79.44,1.0,30.325808418134965,-8.911220289829034,30.325808418134965,-8.911220289829034,1.855038368638212,-0.06807790741575402,-0.03243097991938272
1987.0,79.48,1.0,30.29664115600054,-9.02177237962285,30.29664115600054,-9.02177237962285,1.8593602725257263,-0.0657938447295395,-0.03026828318400293
1988.0,79.52,1.0,30.263297126289938,-9.13546766591903,30.263297126289938,-9.13546766591903,1.8636566767488574,-0.06338251440471128,-0.027509778736197855
1989.0,79.56,1.0,30.23006099615257,-9.246743440938962,30.23006099615257,-9.246743440938962,1.8679305945319857,-0.060808078405325997,-0.02419545293254982
1990.0,79.60000000000001,1.0,30.1950375686606,-9.358865486102852,30.1950375686606,-9.358865486102852,1.872190433460744,-0.05803498062530303,-0.02038512345175364
1991.0,79.64,1.0,30.158791148102182,-9.467941671120442,30.158791148102182,-9.467941671120442,1.8764476377269301,-0.05501868305971662,-0.016157492923952715
1992.0,79.68,1.0,30.122421793839557,-9.578887727707004,30.122421793839557,-9.578887727707004,1.8807177054725017,-0.05171234900729353,-0.011607933773342205
1993.0,79.72,1.0,30.083699504192317,-9.68628090669041,30.083699504192317,-9.68628090669041,1.8850171118803227,-0.04806687084709928,-0.0068461942448770925
1994.0,79.76,1.0,30.043670055508763,-9.796787692421178,30.043670055508763,-9.796787692421178,1.8893590295068488,-0.04406235775770736,-0.001994574434961493
1995.0,79.8,1.0,30.003681878190616,-9.906569588274333,30.003681878190616,-9.906569588274333,1.8937591511705016,-0.03968796545422472,0.00281671060273903
1996.0,79.84,1.0,29.962965504339945,-10.016925964921436,29.962965504339945,-10.016925964921436,1.8982264610326312,-0.03495607796417546,0.007454881298276995
1997.0,79.88,1.0,29.92210065272901,-10.125431119628734,29.92210065272901,-10.125431119628734,1.9027682925251022,-0.029880803151541024,0.011789868600459637
1998.0,79.92,1.0,29.879153125855083,-10.23720790435005,29.879153125855083,-10.23720790435005,1.9073802496603047,-0.024510020200918116,0.015697632541795487
1999.0,79.96000000000001,1.0,29.836865140868362,-10.347658144334448,29.836865140868362,-10.347658144334448,1.9120537414439813,-0.018912483325745844,0.019065250968872044
2000.0,80.0,1.0,29.79497658913204,-10.459572836120381,29.79497658913204,-10.459572836120381,1.9167722353912713,-0.013188115810136847,0.02179689980889708
2001.0,80.04,1.0,29.753755862054543,-10.56913241036836,29.753755862054543,-10.56913241036836,1.9215132314787056,-0.007440217986089226,0.023818646086949273
2002.0,80.08,1.0,29.71194092057157,-10.685609013739358,29.71194092057157,-10.685609013739358,1.9262507574506806,-0.0017863355637562472,0.025081455797752165
2003.0,80.12,1.0,29.666971574879938,-10.798879405413956,29.666971574879938,-10.798879405413956,1.930952978339289,0.0036374605191749733,0.025563057639835955
2004.0,80.16,1.0,29.62410628032808,-10.914685498106483,29.62410628032808,-10.914685498106483,1.9355896259121046,0.008692004687425736,0.02526942109696085
2005.0,80.2,1.0,29.580113211586358,-11.026911209167306,29.580113211586358,-11.026911209167306,1.9401312069902499,0.013257186918625097,0.02423730406915337
2006.0,80.24,1.0,29.54112194237082,-11.139089433292895,29.54112194237082,-11.139089433292895,1.9445498539165942,0.01721299099395953,0.02253271740599997
2007.0,80.28,1.0,29.496670841724715,-11.24931714052114,29.496670841724715,-11.24931714052114,1.948822124508449,0.020446434493312515,0.02024849266678306
2008.0,80.32000000000001,1.0,29.45698594326974,-11.356651222652017,29.45698594326974,-11.356651222652017,1.9529277266438683,0.022844894489936863,0.017498987154689248
2009.0,80.36,1.0,29.415314903804614,-11.464131489642972,29.415314903804614,-11.464131489642972,1.9568561950804302,0.024328269210354535,0.014418591199112662
2010.0,80.4,1.0,29.373110348259143,-11.574880976322273,29.373110348259143,-11.574880976322273,1.9606026780442156,0.024841641671041727,0.011155269543157816
2011.0,80.44,1.0,29.330795066228198,-11.685417359687097,29.330795066228198,-11.685417359687097,1.9641714255286025,0.024364441895278054,0.007864380776449933
2012.0,80.48,1.0,29.287691453643724,-11.7940534948966,29.287691453643724,-11.7940534948966,1.9675732770476269,0.022890211720909735,0.004700723219394294
2013.0,80.52,1.0,29.244046095004666,-11.902809129244407,29.244046095004666,-11.902809129244407,1.970822734439345,0.02044280998076662,0.0018131201784227276
2014.0,80.56,1.0,29.202031479749774,-12.008693883093638,29.202031479749774,-12.008693883093638,1.9739416906482528,0.01708229311267876,-0.0006616597453272897
2015.0,80.60000000000001,1.0,29.15805284372584,-12.114565830842508,29.15805284372584,-12.114565830842508,1.9769512043635937,0.01288974643393983,-0.002604746676797688
2016.0,80.64,1.0,29.113250226515817,-12.219205224136427,29.113250226515817,-12.219205224136427,1.9798758184536531,0.007956483019378268,-0.003922696077235235
2017.0,80.68,1.0,29.066841821713723,-12.324747478156176,29.066841821713723,-12.324747478156176,1.982737411128251,0.00239872989607367,-0.004551653931096387
2018.0,80.72,1.0,29.020354114172022,-12.428299941280276,29.020354114172022,-12.428299941280276,1.9855593447057338,-0.0036389845028470423,-0.004459889129399432
2019.0,80.76,1.0,28.97210860665702,-12.533203055872637,28.97210860665702,-12.533203055872637,1.9883637737412698,-0.01000301644305257,-0.0036476818313371058
2020.0,80.8,1.0,28.92347919732503,-12.637519123474352,28.92347919732503,-12.637519123474352,1.991171774127687,-0.016541144864776324,-0.002150583914172491
2021.0,80.84,1.0,28.87388202636459,-12.741641860604172,28.87388202636459,-12.741641860604172,1.994002692616181,-0.02309993064866205,-3.716217610212937e-05
2022.0,80.88,1.0,28.82510842141759,-12.841508880748213,28.82510842141759,-12.841508880748213,1.996872558476774,-0.02953308118421254,0.002593446710757389
2023.0,80.92,1.0,28.77519538926025,-12.946673554341015,28.77519538926025,-12.946673554341015,1.9997942004478084,-0.03569172658142509,0.005617484663752807
2024.0,80.96000000000001,1.0,28.725569412367747,-13.05044338943629,28.725569412367747,-13.05044338943629,2.002779393580878,-0.041448345429980285,0.008889689099044962
2025.0,81.0,1.0,28.673772425463397,-13.15635199256253,28.673772425463397,-13.15635199256253,2.005834436397686,-0.04669084473629078,0.012249677934326669
2026.0,81.04,1.0,28.62122636084651,-13.263369814381141,28.62122636084651,-13.263369814381141,2.0089645763780455,-0.051321793184932386,0.015528289627189768
2027.0,81.08,1.0,28.5693673599939,-13.368092985942733,28.5693673599939,-13.368092985942733,2.012170341086027,-0.0552538012761795,0.018556278185224512
2028.0,81.12,1.0,28.515989465682196,-13.474628717611285,28.515989465682196,-13.474628717611285,2.015453100277861,-0.058417434543091826,0.02117114018173878
2029.0,81.16,1.0,28.463083365727613,-13.57907364879398,28.463083365727613,-13.57907364879398,2.018810387064283,-0.06076586330701259,0.02322292920889101
2030.0,81.2,1.0,28.411058798658928,-13.684689217726781,28.411058798658928,-13.684689217726781,2.022238410332486,-0.062250270703503495,0.024579805459042488
2031.0,81.24,1.0,28.358883474619567,-13.78923001487379,28.358883474619567,-13.78923001487379,2.0257296186041205,-0.06283135174570498,0.025135687075698642
2032.0,81.28,1.0,28.305417387727942,-13.894927523498911,28.305417387727942,-13.894927523498911,2.0292742377579183,-0.06248795668937788,0.024814306098266566
2033.0,81.32000000000001,1.0,28.252579830468555,-13.999137544609306,28.252579830468555,-13.999137544609306,2.0328623574738094,-0.06121084780566203,0.023571980500362293
2034.0,81.36,1.0,28.199458054280672,-14.105330463907379,28.199458054280672,-14.105330463907379,2.0364841747294316,-0.059001954478700915,0.021398458534265443
2035.0,81.4,1.0,28.14688875725225,-14.213946866294103,28.14688875725225,-14.213946866294103,2.040130040004999,-0.05586311722474778,0.01831947554163549
2036.0,81.44,1.0,28.092145681360808,-14.323770698511941,28.092145681360808,-14.323770698511941,2.04379333294493,-0.0518148740964667,0.014395484528041852
2037.0,81.48,1.0,28.0381109384543,-14.433187663238758,28.0381109384543,-14.433187663238758,2.0474700899868297,-0.04689417469478814,0.009719556047441114
2038.0,81.52,1.0,27.984067050974083,-14.54394468613061,27.984067050974083,-14.54394468613061,2.051160151035602,-0.04115058815276031,0.004413092329627636
2039.0,81.56,1.0,27.93148837569667,-14.653204201615932,27.93148837569667,-14.653204201615932,2.054864755413667,-0.03463559195527275,-0.001377502208277833
2040.0,81.60000000000001,1.0,27.877033370537276,-14.766815181234474,27.877033370537276,-14.766815181234474,2.05858683292547,-0.027414543035487182,-0.007485196923381288
2041.0,81.64,1.0,27.823750931687847,-14.879713849022092,27.823750931687847,-14.879713849022092,2.0623303396139887,-0.019577863042790012,-0.013728360481907542
2042.0,81.68,1.0,27.768570355346203,-14.990452015982203,27.768570355346203,-14.990452015982203,2.0661005565452157,-0.01122992515679212,-0.019918407660687525
2043.0,81.72,1.0,27.715336025089318,-15.098389130328275,27.715336025089318,-15.098389130328275,2.0699053411400463,-0.0024827974023993726,-0.025865898481356297
2044.0,81.76,1.0,27.659218316512828,-15.206239753791227,27.659218316512828,-15.206239753791227,2.073751457768996,0.006537979628870405,-0.031385460618168645
2045.0,81.8,1.0,27.6049376023635,-15.312945898886534,27.6049376023635,-15.312945898886534,2.0776459792756112,0.01567768859589469,-0.0363020444653204
2046.0,81.84,1.0,27.548375715646962,-15.419831274869725,27.548375715646962,-15.419831274869725,2.081594544221164,0.024767916179069538,-0.04045798429613487
2047.0,81.88,1.0,27.49051550484524,-15.528982330683428,27.49051550484524,-15.528982330683428,2.0856011278440527,0.03364336090697937,-0.04371755955942494
2048.0,81.92,1.0,27.43142729413238,-15.637800774912032,27.43142729413238,-15.637800774912032,2.0896672781636174,0.042146578258373535,-0.04597043163268236
2049.0,81.96000000000001,1.0,27.369250462451284,-15.747108118863462,27.369250462451284,-15.747108118863462,2.0937909048480647,0.050113519615982795,-0.04713471950098745
2050.0,82.0,1.0,27.307177303814797,-15.851662793214292,27.307177303814797,-15.851662793214292,2.097968018714067,0.05736091258154073,-0.04716081041124772
2051.0,82.04,1.0,27.244490774553686,-15.955816238446578,27.244490774553686,-15.955816238446578,2.102193167228159,0.06371323181609469,-0.04603347157661751
2052.0,82.08,1.0,27.182452778637458,-16.061108684144955,27.182452778637458,-16.061108684144955,2.1064604012187425,0.06901755096106911,-0.043771476254636225
2053.0,82.12,1.0,27.11947261231085,-16.167687741957927,27.11947261231085,-16.167687741957927,2.1107647849058773,0.07313696331503124,-0.0404260484431528
2054.0,82.16,1.0,27.055296577538808,-16.272777330253962,27.055296577538808,-16.272777330253962,2.115100095758385,0.07595569932794084,-0.03608010967500815
2055.0,82.2,1.0,26.991405155087904,-16.375001780304302,26.991405155087904,-16.375001780304302,2.1194613553182013,0.07738529569863427,-0.03084743609157915
2056.0,82.24,1.0,26.929495533563262,-16.477096598209737,26.929495533563262,-16.477096598209737,2.1238438039342715,0.07739762996867469,-0.02486848245820996
2057.0,82.28,1.0,26.865932523596463,-16.577923347178462,26.865932523596463,-16.577923347178462,2.1282439039008176,0.07600187010598555,-0.01830496986480229
2058.0,82.32000000000001,1.0,26.802724369212406,-16.676973412970717,26.802724369212406,-16.676973412970717,2.1326584674679294,0.07323871972314171,-0.011335635405240652
2059.0,82.36,1.0,26.73761627175137,-16.77361501495526,26.73761627175137,-16.77361501495526,2.1370833610831883,0.06917586921276572,-0.004152340093888761
2060.0,82.4,1.0,26.67448065459654,-16.864949442362267,26.67448065459654,-16.864949442362267,2.141517188914288,0.06393277733074221,0.0030461531396585653
2061.0,82.44,1.0,26.61070217482383,-16.95556384448607,26.61070217482383,-16.95556384448607,2.1459582792018104,0.05768352462131966,0.01006119807365159
2062.0,82.48,1.0,26.547796229870773,-17.04738170742611,26.547796229870773,-17.04738170742611,2.1504068111817296,0.05063414898417503,0.016700889492979834
2063.0,82.52,1.0,26.482209187143678,-17.1389558833899,26.482209187143678,-17.1389558833899,2.1548612457137475,0.04299450285412472,0.022784818240883548
2064.0,82.56,1.0,26.416958400926813,-17.231861331163564,26.416958400926813,-17.231861331163564,2.159317187857808,0.0349909557233591,0.02814871668140021
2065.0,82.60000000000001,1.0,26.350567118904785,-17.323746393688722,26.350567118904785,-17.323746393688722,2.163767974461291,0.026864326187199826,0.03265041077361576
2066.0,82.64,1.0,26.283725662057993,-17.415643617746362,26.283725662057993,-17.415643617746362,2.168204179382525,0.01886870386860153,0.03617564504599937
2067.0,82.68,1.0,26.214108338969947,-17.51176622688569,26.214108338969947,-17.51176622688569,2.172612784178111,0.011233405223466063,0.03864052871356064
2068.0,82.72,1.0,26.145650582244958,-17.605831599497787,26.145650582244958,-17.605831599497787,2.1769785503511487,0.00417449659340482,0.039992654781566224
2069.0,82.76,1.0,26.078990904343073,-17.70050482983749,26.078990904343073,-17.70050482983749,2.1812851489253196,-0.0021101439725379366,0.040212903216815615
2070.0,82.8,1.0,26.01321118175276,-17.793430821122847,26.01321118175276,-17.793430821122847,2.185518414975721,-0.007438667789940767,0.039317381083551456
2071.0,82.84,1.0,25.947676460620364,-17.88802120010528,25.947676460620364,-17.88802120010528,2.189664026815606,-0.011683917343219673,0.0373556545988427
2072.0,82.88,1.0,25.88348018031558,-17.97923262016594,25.88348018031558,-17.97923262016594,2.1937109789664215,-0.01476835364305169,0.0344081227611447
2073.0,82.92,1.0,25.819007926640488,-18.071197770526094,25.819007926640488,-18.071197770526094,2.1976492883559047,-0.01665273177263754,0.030582708878923198
2074.0,82.96000000000001,1.0,25.754915921519636,-18.163338760155778,25.754915921519636,-18.163338760155778,2.2014743020990766,-0.017317411391332083,0.02601185834726181
2075.0,83.0,1.0,25.688760354727386,-18.261478967170607,25.688760354727386,-18.261478967170607,2.205187502610504,-0.01677534683504698,0.020848142083915593
2076.0,83.04,1.0,25.62323349364443,-18.356931239374607,25.62323349364443,-18.356931239374607,2.208796202516872,-0.01508829946413177,0.015258227116759804
2077.0,83.08,1.0,25.556296952016446,-18.453764373893485,25.556296952016446,-18.453764373893485,2.2123146274481553,-0.012362579979334608,0.0094153733405565
2078.0,83.12,1.0,25.487927324636622,-18.54972136430255,25.487927324636622,-18.54972136430255,2.21576406406974,-0.008722890335326194,0.0034943027513240758
2079.0,83.16,1.0,25.419267536739536,-18.64954683132931,25.419267536739536,-18.64954683132931,2.21917253382865,-0.004310264626568727,-0.002333510980977786
2080.0,83.2,1.0,25.346153141394687,-18.749392166012544,25.346153141394687,-18.749392166012544,2.222571251768301,0.0007238822557547597,-0.007905643019452879
2081.0,83.24,1.0,25.273380179813003,-18.849425111279093,25.273380179813003,-18.849425111279093,2.2259930655043716,0.0062076211933629775,-0.01307538303976424
2082.0,83.28,1.0,25.199585460387514,-18.947049906389744,25.199585460387514,-18.947049906389744,2.2294696406892203,0.011988637345993503,-0.017715433313865554
2083.0,83.32000000000001,1.0,25.12614199361503,-19.041186379208092,25.12614199361503,-19.041186379208092,2.2330299416747565,0.01793168125733451,-0.021720690129395013
2084.0,83.36,1.0,25.0537187337844,-19.13105803474532,25.0537187337844,-19.13105803474532,2.2366999249232595,0.023915091992164916,-0.025010445838924915
2085.0,83.4,1.0,24.980485845822653,-19.222396481852716,24.980485845822653,-19.222396481852716,2.2405009446225046,0.029826122162426694,-0.02753028576208704
2086.0,83.44,1.0,24.90858431061529,-19.310984669549278,24.90858431061529,-19.310984669549278,2.2444467972910855,0.03556947528358917,-0.02925206121692066
2087.0,83.48,1.0,24.83914679204692,-19.398751558899114,24.83914679204692,-19.398751558899114,2.2485458447200246,0.04108371925079836,-0.030172817950019963
2088.0,83.52,1.0,24.76806533884096,-19.48613408807578,24.76806533884096,-19.48613408807578,2.252797244251524,0.046324201132385036,-0.030311490483184017
2089.0,83.56,1.0,24.698140241738834,-19.573668750562717,24.698140241738834,-19.573668750562717,2.257193240202609,0.051253302267264135,-0.02970656431970754
2090.0,83.60000000000001,1.0,24.6253541527665,-19.663081285699494,24.6253541527665,-19.663081285699494,2.2617155521502044,0.05583017511918109,-0.028413565326867223
2091.0,83.64,1.0,24.55353242653779,-19.752189108612153,24.55353242653779,-19.752189108612153,2.266340908808385,0.0600204066689322,-0.026500872783946167
2092.0,83.68,1.0,24.47775751647769,-19.84510227437851,24.47775751647769,-19.84510227437851,2.2710389242692797,0.06380603177010771,-0.02404440284586094
2093.0,83.72,1.0,24.402805803313374,-19.935146702462934,24.402805803313374,-19.935146702462934,2.27577649790232,0.06716765102391156,-0.021123986464751835
2094.0,83.76,1.0,24.324033835305965,-20.028325798626664,24.324033835305965,-20.028325798626664,2.2805183183507785,0.07007868467278532,-0.017820454872231495
2095.0,83.8,1.0,24.246878685654938,-20.11386295785883,24.246878685654938,-20.11386295785883,2.2852285067668325,0.07250591777569357,-0.014212555230791239
2096.0,83.84,1.0,24.168186027359738,-20.20022450916465,24.168186027359738,-20.20022450916465,2.289871338572143,0.07442048566669189,-0.010373756292222041
2097.0,83.88,1.0,24.091629984166865,-20.283252795156777,24.091629984166865,-20.283252795156777,2.2944147942169724,0.07578655609525517,-0.006370108814698046
2098.0,83.92,1.0,24.015480802721736,-20.366756650726874,24.015480802721736,-20.366756650726874,2.298828785507051,0.07656393910970948,-0.00225902238845275
2099.0,83.96000000000001,1.0,23.938614739343812,-20.447911460285827,23.938614739343812,-20.447911460285827,2.3030884706442594,0.07671800708739587,0.0019104046331202267
2100.0,84.0,1.0,23.86513567995831,-20.528971135879594,23.86513567995831,-20.528971135879594,2.307172885447963,0.0762256078743766,0.006096729567501909
2101.0,84.04,1.0,23.788965276636194,-20.609389345528815,23.788965276636194,-20.609389345528815,2.3110680601181057,0.07507880866136267,0.01026582736882922
2102.0,84.08,1.0,23.71360474277576,-20.69050068315872,23.71360474277576,-20.69050068315872,2.314764738106113,0.07327479249988739,0.014388778844671551
2103.0,84.12,1.0,23.6375458249671,-20.771490534814568,23.6375458249671,-20.771490534814568,2.3182601099638522,0.07082248228075061,0.01843910637669654
2104.0,84.16,1.0,23.562421409537798,-20.85421247250275,23.562421409537798,-20.85421247250275,2.3215575460016575,0.06774322612556596,0.022390958693986884
2105.0,84.2,1.0,23.4855973500354,-20.93624050186523,23.4855973500354,-20.93624050186523,2.324664160589151,0.06408278147211764,0.026217694881407815
2106.0,84.24,1.0,23.41013315926472,-21.01812854226836,23.41013315926472,-21.01812854226836,2.327592287419523,0.05990870421364501,0.029889795317069735
2107.0,84.28,1.0,23.332535069890024,-21.09624705255838,23.332535069890024,-21.09624705255838,2.3303562584192745,0.055299475084289486,0.03337292077899818
2108.0,84.32000000000001,1.0,23.256084774141193,-21.173171697748465,23.256084774141193,-21.173171697748465,2.3329724036972066,0.05035613179371708,0.03662652471982836
2109.0,84.36,1.0,23.177689336925695,-21.248872571855383,23.177689336925695,-21.248872571855383,2.3354572059296808,0.04519425527916417,0.03960373958194809
2110.0,84.4,1.0,23.100948773069064,-21.324385601655894,23.100948773069064,-21.324385601655894,2.337827911839299,0.03994963646775181,0.04225220878933882
2111.0,84.44,1.0,23.021914805012063,-21.39988753557318,23.021914805012063,-21.39988753557318,2.340099818390611,0.03476608670255158,0.04451552772339442
2112.0,84.48,1.0,22.945621882076004,-21.47266482620459,22.945621882076004,-21.47266482620459,2.3422884435172717,0.02980038983233141,0.04633413941542659
2113.0,84.52,1.0,22.867783047383035,-21.546642574593708,22.867783047383035,-21.546642574593708,2.3444071219546374,0.025209693690595114,0.04764794804708381
2114.0,84.56,1.0,22.79286705226528,-21.61725741575547,22.79286705226528,-21.61725741575547,2.3464688608466777,0.02113743065075785,0.04839969494092371
2115.0,84.60000000000001,1.0,22.717315871500638,-21.69086060826448,22.717315871500638,-21.69086060826448,2.348482549912027,0.017704864832922516,0.04853796420908224
2116.0,84.64,1.0,22.643239222250063,-21.764582024629497,22.643239222250063,-21.764582024629497,2.350456366290147,0.015005524320745112,0.04801971555586803
2117.0,84.68,1.0,22.566692929684102,-21.841424619590022,22.566692929684102,-21.841424619590022,2.3523930680461955,0.01310019257854047,0.04681358822134913
2118.0,84.72,1.0,22.490003307680492,-21.918313716885642,22.490003307680492,-21.918313716885642,2.3542942041801993,0.012013850858278973,0.044902802994822244
2119.0,84.76,1.0,22.411709481914723,-21.99773245630349,22.411709481914723,-21.99773245630349,2.356158527566371,0.011730337675866209,0.04228726463821759
2120.0,84.8,1.0,22.333241189428108,-22.075707617771553,22.333241189428108,-22.075707617771553,2.3579855642648084,0.012190079378691343,0.03898502391853143
2121.0,84.84,1.0,22.25408528295252,-22.15787176308083,22.25408528295252,-22.15787176308083,2.359775124619529,0.013293556531384443,0.03503264238925917
2122.0,84.88,1.0,22.1760543111858,-22.238157934080867,22.1760543111858,-22.238157934080867,2.3615309650261245,0.014907049359006098,0.030485730784415438
2123.0,84.92,1.0,22.098794999511778,-22.319290795506,22.098794999511778,-22.319290795506,2.3632572113778183,0.01686252765710513,0.02541886845271269
2124.0,84.96000000000001,1.0,22.020593355932828,-22.398055670860224,22.020593355932828,-22.398055670860224,2.3649602274665202,0.01897464826176639,0.019924207711841675
2125.0,85.0,1.0,21.94482772511143,-22.475660093875025,21.94482772511143,-22.475660093875025,2.3666466256271104,0.021051511405779953,0.014108297599681813
2126.0,85.04,1.0,21.86675018572701,-22.553367632073282,21.86675018572701,-22.553367632073282,2.368325702248122,0.022908254565480714,0.00808912856391164
2127.0,85.08,1.0,21.792241125155773,-22.629602537793872,21.792241125155773,-22.629602537793872,2.370007310621035,0.024361003428711402,0.001993220290744071
2128.0,85.12,1.0,21.715713312373165,-22.705081095527277,21.715713312373165,-22.705081095527277,2.3717045936127144,0.02524152467968881,-0.004048213725379525
2129.0,85.16,1.0,21.64008058953061,-22.781143559378485,21.64008058953061,-22.781143559378485,2.3734325192988766,0.025410028506642635,-0.00990382579080332
2130.0,85.2,1.0,21.564278767479273,-22.85468609082492,21.564278767479273,-22.85468609082492,2.37520762633084,0.02476360200504596,-0.015446018042269685
2131.0,85.24,1.0,21.48774482784146,-22.931754270982225,21.48774482784146,-22.931754270982225,2.3770476719509213,0.023246107800981252,-0.02055495406661311
2132.0,85.28,1.0,21.410239478864725,-23.008717144892636,21.410239478864725,-23.008717144892636,2.3789675302130875,0.02083717398559105,-0.025121500795633522
2133.0,85.32000000000001,1.0,21.33549199708571,-23.086609902982197,21.33549199708571,-23.086609902982197,2.380979192464729,0.017556850364595367,-0.029051494658800657
2134.0,85.36,1.0,21.25742600202229,-23.164427502299265,21.25742600202229,-23.164427502299265,2.3830898635111764,0.013468805849529775,-0.032268704911439114
2135.0,85.4,1.0,21.18026725369033,-23.24110171238723,21.18026725369033,-23.24110171238723,2.3853043814507253,0.008681537624305947,-0.0347175879233161
2136.0,85.44,1.0,21.101879618541354,-23.316706695491114,21.101879618541354,-23.316706695491114,2.3876241817635533,0.003330886284053125,-0.03636358730183616
2137.0,85.48,1.0,21.02547243265449,-23.38992140168515,21.02547243265449,-23.38992140168515,2.390049346162735,-0.00241678874840342,-0.03719449086096152
2138.0,85.52,1.0,20.949558270119393,-23.461574989229373,20.949558270119393,-23.461574989229373,2.3925791644817,-0.00836275635202699,-0.03722072030165587
2139.0,85.56,1.0,20.875529507290256,-23.529433582340122,20.875529507290256,-23.529433582340122,2.3952129537627527,-0.014284355102066581,-0.03647508396667804
2140.0,85.60000000000001,1.0,20.799919921790615,-23.600819572159107,20.799919921790615,-23.600819572159107,2.3979491776258226,-0.01995329690877571,-0.035010371637668014
2141.0,85.64,1.0,20.726639389523474,-23.667324012328596,20.726639389523474,-23.667324012328596,2.4007854717978665,-0.025156177600682107,-0.03289734859664005
2142.0,85.68,1.0,20.650019685612104,-23.734773515217128,20.650019685612104,-23.734773515217128,2.4037156978189937,-0.029700152159759685,-0.030222638810570763
2143.0,85.72,1.0,20.57343164735434,-23.80175773572026,20.57343164735434,-23.80175773572026,2.4067348052883775,-0.03341361065159806,-0.027086633353556832
2144.0,85.76,1.0,20.493937808992513,-23.871667238493053,20.493937808992513,-23.871667238493053,2.4098361821312997,-0.03614780915321617,-0.02359953015242073
2145.0,85.8,1.0,20.41167947154968,-23.942609083833652,20.41167947154968,-23.942609083833652,2.413016680024974,-0.037799768434745626,-0.019877475203784266
2146.0,85.84,1.0,20.32722099678157,-24.015243126952686,20.32722099678157,-24.015243126952686,2.4162725207391986,-0.038324847825859744,-0.016038631522439967
2147.0,85.88,1.0,20.241868154674837,-24.08856399326047,20.241868154674837,-24.08856399326047,2.4196022469051037,-0.03771386695036261,-0.01220077615998705
2148.0,85.92,1.0,20.156907438451828,-24.16335897492469,20.156907438451828,-24.16335897492469,2.4230024043292646,-0.036003775328650234,-0.008477053012242518
2149.0,85.96000000000001,1.0,20.07054769210242,-24.239397722389924,20.07054769210242,-24.239397722389924,2.4264681743255507,-0.033277852676837326,-0.004972441838655948
2150.0,86.0,1.0,19.982059802220995,-24.31651557211892,19.982059802220995,-24.31651557211892,2.429991634645754,-0.029665604565066707,-0.001779962001327707
2151.0,86.04,1.0,19.895435586287743,-24.38977094319022,19.895435586287743,-24.38977094319022,2.4335611224645826,-0.02532837381173527,0.0010206646583313195
2152.0,86.08,1.0,19.81084070780404,-24.460563401465997,19.81084070780404,-24.460563401465997,2.4371626434480027,-0.02044056294932404,0.0033649635157073157
2153.0,86.12,1.0,19.724765850834245,-24.529416672591502,19.724765850834245,-24.529416672591502,2.4407827681995062,-0.015189021555646965,0.005205781307922387
2154.0,86.16,1.0,19.643243490608537,-24.59732154354539,19.643243490608537,-24.59732154354539,2.4444083235972958,-0.00977100527158945,0.006514594853606219
2155.0,86.2,1.0,19.561076262742297,-24.664822607725803,19.561076262742297,-24.664822607725803,2.4480282148400234,-0.004398574818209178,0.007281320056497341
2156.0,86.24,1.0,19.478695213467592,-24.73244522325674,19.478695213467592,-24.73244522325674,2.4516314475358856,0.0007386284048754965,0.007513246984744029
2157.0,86.28,1.0,19.393632491189102,-24.8022589197815,19.393632491189102,-24.8022589197815,2.455209023642571,0.005480131512801034,0.007234725664402632
2158.0,86.32000000000001,1.0,19.308312575788865,-24.872794202352402,19.308312575788865,-24.872794202352402,2.458751776734251,0.009685558293146258,0.006486081944096266
2159.0,86.36,1.0,19.22070391909873,-24.94619537216212,19.22070391909873,-24.94619537216212,2.4622539450232686,0.013232824713489766,0.005321531016376562
2160.0,86.4,1.0,19.13527251392302,-25.015155909462926,19.13527251392302,-25.015155909462926,2.4657117331553784,0.016035205160745657,0.0038057365753542405
2161.0,86.44,1.0,19.047251587891154,-25.08639142220491,19.047251587891154,-25.08639142220491,2.4691245723438504,0.018042220397665565,0.002010475512950767
2162.0,86.48,1.0,18.96153679766676,-25.15657981830509,18.96153679766676,-25.15657981830509,2.472497552492463,0.019237767877489053,1.2408263996769273e-05
2163.0,86.52,1.0,18.874565955975296,-25.228250477735664,18.874565955975296,-25.228250477735664,2.4758418549473893,0.019632196872715633,-0.0021097092796436012
2164.0,86.56,1.0,18.790386691437025,-25.29700144501809,18.790386691437025,-25.29700144501809,2.479172937090927,0.019257547313316636,-0.004278728525557581
2165.0,86.60000000000001,1.0,18.70692570854906,-25.36637035357763,18.70692570854906,-25.36637035357763,2.4825082480189034,0.018171925081282257,-0.006422094182856911
2166.0,86.64,1.0,18.62473019069014,-25.433322797245417,18.62473019069014,-25.433322797245417,2.4858660271968214,0.01646648197193189,-0.008473870788476631
2167.0,86.68,1.0,18.54049331460287,-25.498952392663153,18.54049331460287,-25.498952392663153,2.489264260402179,0.01423340437572499,-0.010376478410322628
2168.0,86.72,1.0,18.45502370150324,-25.56438901850404,18.45502370150324,-25.56438901850404,2.4927208815589244,0.011563192557639023,-0.012083429952603064
2169.0,86.76,1.0,18.370125354796123,-25.625892607889615,18.370125354796123,-25.625892607889615,2.4962530056143715,0.008545014496791936,-0.013559650425498148
2170.0,86.8,1.0,18.28694000132001,-25.686972290598572,18.28694000132001,-25.686972290598572,2.4998746004051045,0.005272147292726836,-0.014782330985999561
2171.0,86.84,1.0,18.201064830114323,-25.74911876948382,18.201064830114323,-25.74911876948382,2.5035984630074566,0.001821052963800629,-0.01573991943977424
2172.0,86.88,1.0,18.114625676788584,-25.81254701275058,18.114625676788584,-25.81254701275058,2.5074357422857547,-0.0017499784569445897,-0.016431936592484923
2173.0,86.92,1.0,18.027168966699143,-25.876595655447677,18.027168966699143,-25.876595655447677,2.51139322234658,-0.0054063471675863785,-0.016867497681018303
2174.0,86.96000000000001,1.0,17.939020078819365,-25.940307154413983,17.939020078819365,-25.940307154413983,2.515470981381333,-0.009130938585689119,-0.017064295065067833
2175.0,87.0,1.0,17.849510443247542,-26.004076484080304,17.849510443247542,-26.004076484080304,2.5196626972291525,-0.012917398629819643,-0.01704538808113664
2176.0,87.04,1.0,17.76177802048972,-26.067377817977366,17.76177802048972,-26.067377817977366,2.5239569801556354,-0.016771721006105765,-0.01683737845853584
2177.0,87.08,1.0,17.673202561190898,-26.130056589939908,17.673202561190898,-26.130056589939908,2.528338607387479,-0.020722858407278832,-0.01646849902991231
2178.0,87.12,1.0,17.583855356209504,-26.195464003438104,17.583855356209504,-26.195464003438104,2.5327903449354823,-0.024807885936745655,-0.015966545956533098
2179.0,87.16,1.0,17.494202708639662,-26.25949746654087,17.494202708639662,-26.25949746654087,2.537292351231429,-0.029068460073121315,-0.015356053854109259
2180.0,87.2,1.0,17.403666235604266,-26.322327186369478,17.403666235604266,-26.322327186369478,2.5418246830429556,-0.033555450537501176,-0.014658046936195018
2181.0,87.24,1.0,17.31293004283213,-26.385334133339974,17.31293004283213,-26.385334133339974,2.5463696979657113,-0.038322333917000725,-0.013888773924333284
2182.0,87.28,1.0,17.22259009318176,-26.44891141144375,17.22259009318176,-26.44891141144375,2.5509102808939046,-0.043420466005103533,-0.01305843416581548
2183.0,87.32000000000001,1.0,17.132126614180272,-26.509050976699122,17.132126614180272,-26.509050976699122,2.555429605769228,-0.048888772010100126,-0.012169865512306552
2184.0,87.36,1.0,17.042245865383983,-26.569361465899668,17.042245865383983,-26.569361465899668,2.5599132608941924,-0.054750653981798125,-0.011220245128227089
2185.0,87.4,1.0,16.95172804170823,-26.62606576124807,16.95172804170823,-26.62606576124807,2.564349231146088,-0.06101388608774546,-0.010201575694258171
2186.0,87.44,1.0,16.86118795267372,-26.68426239978553,16.86118795267372,-26.68426239978553,2.5687299277738376,-0.06767802816172983,-0.009103062441547124
2187.0,87.48,1.0,16.773181887820318,-26.741434660904737,16.773181887820318,-26.741434660904737,2.5730509460109015,-0.07472922074408207,-0.007911587330920154
2188.0,87.52,1.0,16.68355289885897,-26.798783100327263,16.68355289885897,-26.798783100327263,2.5773118913650936,-0.0821271856074345,-0.006613733877032693
2189.0,87.56,1.0,16.592668595265298,-26.85564850011612,16.592668595265298,-26.85564850011612,2.5815140917069646,-0.08981036274962237,-0.005197691146835838
2190.0,87.60000000000001,1.0,16.49789914442443,-26.91454828086436,16.49789914442443,-26.91454828086436,2.5856618568364906,-0.09769125327423765,-0.0036560895130709607
2191.0,87.64,1.0,16.405398199139096,-26.97203908560731,16.405398199139096,-26.97203908560731,2.5897610443987635,-0.10565735880714518,-0.0019858611537420167
2192.0,87.68,1.0,16.31027956503703,-27.029526578100825,16.31027956503703,-27.029526578100825,2.593816287766128,-0.11358262100256349,-0.00018964350587089338
2193.0,87.72,1.0,16.214140302999795,-27.087101675443826,16.214140302999795,-27.087101675443826,2.597832207004634,-0.12132364727097053,0.001721950972848825
2194.0,87.76,1.0,16.1162507224018,-27.144568793996065,16.1162507224018,-27.144568793996065,2.6018125144785706,-0.12872615630009282,0.0037288722829270774
2195.0,87.8,1.0,16.016882482903522,-27.202571562631316,16.016882482903522,-27.202571562631316,2.605759822134239,-0.13562274219446038,0.005803268449400626
2196.0,87.84,1.0,15.915843497341669,-27.260917927305787,15.915843497341669,-27.260917927305787,2.6096774463940986,-0.1418485069254142,0.007910261470744738
2197.0,87.88,1.0,15.816989355939763,-27.318429289241646,15.816989355939763,-27.318429289241646,2.6135675495779616,-0.14722850720099226,0.010008354066160042
2198.0,87.92,1.0,15.717535591076839,-27.37349931322425,15.717535591076839,-27.37349931322425,2.6174324705607614,-0.1516001581632006,0.012049710640552875
2199.0,87.96000000000001,1.0,15.619295049996191,-27.42733360389197,15.619295049996191,-27.42733360389197,2.621272591921713,-0.15481442164604972,0.013982601417617183
2200.0,88.0,1.0,15.518540390843919,-27.484617605615973,15.518540390843919,-27.484617605615973,2.6250897534751783,-0.15673855903450287,0.0157539889962812
2201.0,88.04,1.0,15.417902240039092,-27.538720002345308,15.417902240039092,-27.538720002345308,2.628884010129407,-0.15726098762239532,0.017312930539437433
2202.0,88.08,1.0,15.314848785493647,-27.59458575416137,15.314848785493647,-27.59458575416137,2.632653794956064,-0.15629201818647892,0.018610602516543093
2203.0,88.12,1.0,15.210944622876795,-27.65043955142418,15.210944622876795,-27.65043955142418,2.6363964020135944,-0.15376489164636709,0.019602832637292254
2204.0,88.16,1.0,15.106041637920649,-27.70717467853432,15.106041637920649,-27.70717467853432,2.640107625221866,-0.14963742671320251,0.020252714859733446
2205.0,88.2,1.0,14.999313232301692,-27.765166819677454,14.999313232301692,-27.765166819677454,2.6437849982711508,-0.14390861290911744,0.020533055605695315
2206.0,88.24,1.0,14.893107065076194,-27.82008788867713,14.893107065076194,-27.82008788867713,2.647426509828499,-0.13662092214557603,0.0204263147762791
2207.0,88.28,1.0,14.783732322814307,-27.878523675730474,14.783732322814307,-27.878523675730474,2.6510314568103617,-0.12784657178257233,0.019925549634723996
2208.0,88.32000000000001,1.0,14.676895286443775,-27.93569673350321,14.676895286443775,-27.93569673350321,2.654599003235973,-0.1176965368134308,0.019036409760840298
2209.0,88.36,1.0,14.560771367370336,-28.00006334572697,14.560771367370336,-28.00006334572697,2.6581298776361217,-0.10630105031942545,0.017777630116044663
2210.0,88.4,1.0,14.447152990627268,-28.06231374388978,14.447152990627268,-28.06231374388978,2.6616255972267817,-0.09382830592584004,0.016179594148045977
2211.0,88.44,1.0,14.330446783916816,-28.124861369947013,14.330446783916816,-28.124861369947013,2.665084645201393,-0.08047197676274218,0.014282352649585365
2212.0,88.48,1.0,14.216000981571913,-28.185863461436945,14.216000981571913,-28.185863461436945,2.6685065001805817,-0.06645786180378857,0.01213399391657195
2213.0,88.52,1.0,14.101414388643505,-28.242066672425345,14.101414388643505,-28.242066672425345,2.671891195411642,-0.052024086779245506,0.009790269565615817
2214.0,88.56,1.0,13.986875430780248,-28.2987835386722,13.986875430780248,-28.2987835386722,2.675242700704607,-0.037424281580230055,0.00731221388450802
2215.0,88.60000000000001,1.0,13.873379945189416,-28.35587614113815,13.873379945189416,-28.35587614113815,2.678568678089411,-0.022925462778815787,0.00476366102545141
2216.0,88.64,1.0,13.759547889847358,-28.41277956956312,13.759547889847358,-28.41277956956312,2.6818779477561536,-0.008799401749543556,0.0022083608831301926
2217.0,88.68,1.0,13.647378727767295,-28.468841528027276,13.647378727767295,-28.468841528027276,2.6851816790573872,0.0046847786850597985,-0.0002908657707956421
2218.0,88.72,1.0,13.53472914372158,-28.5247983241359,13.53472914372158,-28.5247983241359,2.688490456953505,0.017269051704522122,-0.002675118402080662
2219.0,88.76,1.0,13.422591532892238,-28.57999473491079,13.422591532892238,-28.57999473491079,2.6918158437137163,0.028708058490024457,-0.004891719556411976
2220.0,88.8,1.0,13.307632109476833,-28.63733207092365,13.307632109476833,-28.63733207092365,2.6951655747143484,0.03877225152064018,-0.0068962901890712094
2221.0,88.84,1.0,13.194358384589004,-28.69387408837802,13.194358384589004,-28.69387408837802,2.6985469216950206,0.047269893338479765,-0.008653486028630331
2222.0,88.88,1.0,13.080749166872488,-28.749051359081353,13.080749166872488,-28.749051359081353,2.7019689320345823,0.05404080377213823,-0.010137812957306074
2223.0,88.92,1.0,12.967479668574319,-28.804173356949555,12.967479668574319,-28.804173356949555,2.7054410684250545,0.05896333079002961,-0.011335123598803964
2224.0,88.96000000000001,1.0,12.85243444868824,-28.85831593088448,12.85243444868824,-28.85831593088448,2.7089755963944846,0.06193347166559038,-0.012242415173486608
2225.0,89.0,1.0,12.740964188773946,-28.910918676939872,12.740964188773946,-28.910918676939872,2.71258336683033,0.06288834936688284,-0.012867008938217711
2226.0,89.04,1.0,12.627465504037009,-28.96595871211462,12.627465504037009,-28.96595871211462,2.7162733755679698,0.061806915545512556,-0.01322550676998708
2227.0,89.08,1.0,12.515196469777804,-29.016481744540215,12.515196469777804,-29.016481744540215,2.720051097799696,0.05872527758616495,-0.01334287779923346
2228.0,89.12,1.0,12.40132654636544,-29.06806763753074,12.40132654636544,-29.06806763753074,2.7239179904178754,0.053719089160958064,-0.01325204227904347
2229.0,89.16,1.0,12.293754753242101,-29.110996145254273,12.293754753242101,-29.110996145254273,2.7278715516669623,0.046892284197181354,-0.012991518987982306
2230.0,89.2,1.0,12.184407952323356,-29.153904533122205,12.184407952323356,-29.153904533122205,2.731907942798333,0.038379477503349704,-0.012604191714625835
2231.0,89.24,1.0,12.077046000463179,-29.195889441561512,12.077046000463179,-29.195889441561512,2.736025701211013,0.028351309753355192,-0.012134969338972994
2232.0,89.28,1.0,11.967325630059442,-29.240924483888165,11.967325630059442,-29.240924483888165,2.740224811747263,0.017001185294410026,-0.011628979449090904
2233.0,89.32000000000001,1.0,11.858701016227124,-29.289895298642044,11.858701016227124,-29.289895298642044,2.7445061175959955,0.004538881143492157,-0.011128634704363956
2234.0,89.36,1.0,11.748341586299874,-29.340223387934607,11.748341586299874,-29.340223387934607,2.748870104621698,-0.008809781918833848,-0.010671322817323557
2235.0,89.4,1.0,11.642793468768568,-29.385585912030336,11.642793468768568,-29.385585912030336,2.753312375708446,-0.022793896542289593,-0.010288549978357726
2236.0,89.44,1.0,11.535154903308312,-29.430849380553592,11.535154903308312,-29.430849380553592,2.75782505690509,-0.03715202493149082,-0.010005299161343231
2237.0,89.48,1.0,11.426909686641755,-29.475840448181167,11.426909686641755,-29.475840448181167,2.762396785808783,-0.051619140335071936,-0.009838548307444453
2238.0,89.52,1.0,11.317317130812231,-29.51981400211502,11.317317130812231,-29.51981400211502,2.7670160297791755,-0.06593773217281118,-0.009795545523547108
2239.0,89.56,1.0,11.204746564240983,-29.565140521985263,11.204746564240983,-29.565140521985263,2.7716717383701193,-0.0798406818985856,-0.009874126521113327
2240.0,89.60000000000001,1.0,11.094522652759995,-29.60702555546373,11.094522652759995,-29.60702555546373,2.776356741018145,-0.09305857085842192,-0.010063077941572355
2241.0,89.64,1.0,10.98185499292912,-29.65030235909877,10.98185499292912,-29.65030235909877,2.7810652136009333,-0.10533294816808177,-0.010342285229753839
2242.0,89.68,1.0,10.870250025366516,-29.692301988808698,10.870250025366516,-29.692301988808698,2.78579189298073,-0.1164383043782975,-0.010683341365048688
2243.0,89.72,1.0,10.756669572654026,-29.73430463214793,10.756669572654026,-29.73430463214793,2.7905294270021668,-0.1261740132151247,-0.011050598118760493
2244.0,89.76,1.0,10.643979237686462,-29.776328728413148,10.643979237686462,-29.776328728413148,2.7952666806471504,-0.13436113446022996,-0.011403509645114556
2245.0,89.8,1.0,10.523862421794817,-29.81969279307442,10.523862421794817,-29.81969279307442,2.799989442066948,-0.1408437525270218,-0.011698363616873904
2246.0,89.84,1.0,10.40436668532188,-29.86149658204561,10.40436668532188,-29.86149658204561,2.804684707067693,-0.14550526238846384,-0.011890324510181786
2247.0,89.88,1.0,10.281225347319431,-29.904342868549815,10.281225347319431,-29.904342868549815,2.809342826781785,-0.14827040075961517,-0.011935167535033698
2248.0,89.92,1.0,10.160240315057575,-29.94474574334199,10.160240315057575,-29.94474574334199,2.813959092073745,-0.14910568878670888,-0.01179248769304764
2249.0,89.96000000000001,1.0,10.039974946697255,-29.987975212952904,10.039974946697255,-29.987975212952904,2.8185340488565567,-0.14801693429089452,-0.011428566685956761
2250.0,90.0,1.0,9.921879117148169,-30.030323851513153,9.921879117148169,-30.030323851513153,2.8230717870793534,-0.14506922911536352,-0.010816762680878092
2251.0,90.04,1.0,9.802201831466393,-30.07236540674693,9.802201831466393,-30.07236540674693,2.8275777719643758,-0.14038170991169657,-0.009938524586746116
2252.0,90.08,1.0,9.683101520367643,-30.111908574935008,9.683101520367643,-30.111908574935008,2.8320556029276904,-0.1341119311178612,-0.008785160700720988
2253.0,90.12,1.0,9.560803242880706,-30.15081381809778,9.560803242880706,-30.15081381809778,2.836507119133447,-0.1264477934519998,-0.007359430839818518
2254.0,90.16,1.0,9.434350354887247,-30.18622535549913,9.434350354887247,-30.18622535549913,2.840933354777408,-0.11761717436493721,-0.005675896329069022
2255.0,90.2,1.0,9.302667307163224,-30.22443736294543,9.302667307163224,-30.22443736294543,2.845338962388296,-0.10787801832822104,-0.00376093268945163
2256.0,90.24,1.0,9.169720123731906,-30.262003515504013,9.169720123731906,-30.262003515504013,2.8497316074947503,-0.0975192153093161,-0.0016519428466406408
2257.0,90.28,1.0,9.034569011560414,-30.300061328674225,9.034569011560414,-30.300061328674225,2.8541208746527906,-0.08683872495218406,0.0006039011334312186
2258.0,90.32000000000001,1.0,8.899093380958053,-30.338297234860466,8.899093380958053,-30.338297234860466,2.858515350975519,-0.07614496163619391,0.0029508571482984333
2259.0,90.36,1.0,8.768350085209155,-30.374856431444556,8.768350085209155,-30.374856431444556,2.8629219998919204,-0.06574309466440398,0.005327188986584635
2260.0,90.4,1.0,8.637317941792544,-30.411140602589192,8.637317941792544,-30.411140602589192,2.867342272319564,-0.055937911580652463,0.007667875819440857
2261.0,90.44,1.0,8.507293176072547,-30.445594954705182,8.507293176072547,-30.445594954705182,2.871772928347823,-0.0470039649797203,0.009906775121116268
2262.0,90.48,1.0,8.37292903731777,-30.48005084142539,8.37292903731777,-30.48005084142539,2.876205122875743,-0.03918292717172574,0.011978270786113623
2263.0,90.52,1.0,8.240813965441044,-30.512897251004794,8.240813965441044,-30.512897251004794,2.8806298080048407,-0.032679732401205544,0.013820446590315885
2264.0,90.56,1.0,8.106330536661327,-30.546161497897977,8.106330536661327,-30.546161497897977,2.8850374864228305,-0.027659238111694427,0.015377642611555558
2265.0,90.60000000000001,1.0,7.978335761112243,-30.577528533228254,7.978335761112243,-30.577528533228254,2.8894215357901425,-0.024226606238751492,0.016602287110231435
2266.0,90.64,1.0,7.848270641049014,-30.610167048025783,7.848270641049014,-30.610167048025783,2.8937746761436847,-0.02243706178719419,0.017456844556057692
2267.0,90.68,1.0,7.72122221393772,-30.64240097554248,7.72122221393772,-30.64240097554248,2.898090565815593,-0.02228550389058196,0.01791523563006149
2268.0,90.72,1.0,7.591462787379564,-30.676216123353772,7.591462787379564,-30.676216123353772,2.902362850806755,-0.023710414712965054,0.01796380539945206
2269.0,90.76,1.0,7.465101432966044,-30.708091967838108,7.465101432966044,-30.708091967838108,2.9065858176494133,-0.02659186937767395,0.017602640027466497
2270.0,90.8,1.0,7.335754104379282,-30.741156370220658,7.335754104379282,-30.741156370220658,2.910753646239622,-0.030766113581054633,0.016845585218430482
2271.0,90.84,1.0,7.208634112972092,-30.76965243207735,7.208634112972092,-30.76965243207735,2.914862547682903,-0.036019154286659694,0.015718909762413438
2272.0,90.88,1.0,7.079523774292928,-30.798549923816484,7.079523774292928,-30.798549923816484,2.91891277618823,-0.04210928817867149,0.014259342876147862
2273.0,90.92,1.0,6.950970883282677,-30.826156226116485,6.950970883282677,-30.826156226116485,2.9229091965389165,-0.048763212453889336,0.012513303078032108
2274.0,90.96000000000001,1.0,6.823072741295516,-30.855546034330587,6.823072741295516,-30.855546034330587,2.926860108325264,-0.05569319714168386,0.010534941454300397
2275.0,91.0,1.0,6.695623940103053,-30.88330397472212,6.695623940103053,-30.88330397472212,2.9307760325093053,-0.06260280487091603,0.008384321046122165
2276.0,91.04,1.0,6.566840617621855,-30.912505019894912,6.566840617621855,-30.912505019894912,2.934667937337621,-0.06920230740901215,0.006124775451715524
2277.0,91.08,1.0,6.437207295195124,-30.93935695315536,6.437207295195124,-30.93935695315536,2.9385468578691136,-0.07521123114626004,0.0038211873506199695
2278.0,91.12,1.0,6.303223958311082,-30.969286093917116,6.303223958311082,-30.969286093917116,2.942423408285167,-0.08037777945360412,0.0015376513254149384
2279.0,91.16,1.0,6.167450529713273,-30.997564132693366,6.167450529713273,-30.997564132693366,2.946306116460151,-0.08449594675256518,-0.000664162024706557
2280.0,91.2,1.0,6.031904416508452,-31.025722737640724,6.031904416508452,-31.025722737640724,2.9502026992136825,-0.08740030154481158,-0.0027280664178264383
2281.0,91.24,1.0,5.896922629677571,-31.052548333884936,5.896922629677571,-31.052548333884936,2.954119278360338,-0.0889597437190782,-0.0046056840751975345
2282.0,91.28,1.0,5.763429336557519,-31.078628830338154,5.763429336557519,-31.078628830338154,2.9580624560730824,-0.0890904247879099,-0.006257125665841567
2283.0,91.32000000000001,1.0,5.629443853974263,-31.104018971639334,5.629443853974263,-31.104018971639334,2.962036712825001,-0.08776121399034172,-0.007651163425151132
2284.0,91.36,1.0,5.496051652127187,-31.12827038288279,5.496051652127187,-31.12827038288279,2.966046631388029,-0.0849908213890522,-0.008766556398342416
2285.0,91.4,1.0,5.3609806578539265,-31.151404379002447,5.3609806578539265,-31.151404379002447,2.9700941724463563,-0.08084101770764052,-0.009592644708911266
2286.0,91.44,1.0,5.22216256957862,-31.175225886181256,5.22216256957862,-31.175225886181256,2.9741817719084422,-0.07540591117533682,-0.010128903025328503
2287.0,91.48,1.0,5.080656948986204,-31.19822103825487,5.080656948986204,-31.19822103825487,2.978308973251809,-0.06882526217417015,-0.010383314943818925
2288.0,91.52,1.0,4.940349660220191,-31.220215917345445,4.940349660220191,-31.220215917345445,2.9824755359521085,-0.061276356736564674,-0.010372226273088167
2289.0,91.56,1.0,4.796327790313866,-31.243046251540022,4.796327790313866,-31.243046251540022,2.9866788387689818,-0.05295691795228269,-0.01012011048860922
2290.0,91.60000000000001,1.0,4.654516954513959,-31.263487356987802,4.654516954513959,-31.263487356987802,2.9909180052608253,-0.04405562719483465,-0.009659164748499476
2291.0,91.64,1.0,4.510752902113586,-31.286991184868594,4.510752902113586,-31.286991184868594,2.995192443582759,-0.03477296674977824,-0.009027059988397125
2292.0,91.68,1.0,4.368041254266654,-31.3086177693879,4.368041254266654,-31.3086177693879,2.9995046642615346,-0.02531630294088668,-0.008264763329329575
2293.0,91.72,1.0,4.225764887773339,-31.32924571349584,4.225764887773339,-31.32924571349584,3.003857564472393,-0.015892828674559035,-0.0074155875020955764
2294.0,91.76,1.0,4.0854924473487655,-31.348567007566366,4.0854924473487655,-31.348567007566366,3.0082555766329553,-0.0066746742372549295,-0.006524167360720384
2295.0,91.8,1.0,3.9419852210204853,-31.3681317628295,3.9419852210204853,-31.3681317628295,3.0127017508833274,0.00217781209361092,-0.005634144803997447
2296.0,91.84,1.0,3.801867832932006,-31.385819946808386,3.801867832932006,-31.385819946808386,3.0171990389029233,0.010519433499366949,-0.004785641689569539
2297.0,91.88,1.0,3.6603504355939527,-31.404085731993916,3.6603504355939527,-31.404085731993916,3.0217466162925417,0.018213571725184074,-0.004015043579012145
2298.0,91.92,1.0,3.5245885021935486,-31.417320649024855,3.5245885021935486,-31.417320649024855,3.0263435768557403,0.025169401034151984,-0.00335458097500584
2299.0,91.96000000000001,1.0,3.386306330227113,-31.43141350236517,3.386306330227113,-31.43141350236517,3.0309863562591604,0.03133309372546911,-0.002831396322078381
2300.0,92.0,1.0,3.245705753025144,-31.444739278809767,3.245705753025144,-31.444739278809767,3.0356725648397744,0.036679084147248596,-0.002465326970760845
2301.0,92.04,1.0,3.103263762564917,-31.4582678797256,3.103263762564917,-31.4582678797256,3.040398695367234,0.0411756982471003,-0.0022681941558239066
2302.0,92.08,1.0,2.962229925677581,-31.471930763215216,2.962229925677581,-31.471930763215216,3.045160896205947,0.04482655251005076,-0.0022440275222397645
2303.0,92.12,1.0,2.820830336322256,-31.48659331165506,2.820830336322256,-31.48659331165506,3.0499528477672144,0.047663009392673275,-0.002389444928201155
2304.0,92.16,1.0,2.679866974306153,-31.50078706886984,2.679866974306153,-31.50078706886984,3.05476594893008,0.04974954590814399,-0.0026926295745154055
2305.0,92.2,1.0,2.5388717188697933,-31.516087606366927,2.5388717188697933,-31.516087606366927,3.059589632184047,0.05114156509458556,-0.0031334442689241945
2306.0,92.24,1.0,2.4032369601309425,-31.52712387350772,2.4032369601309425,-31.52712387350772,3.0644117496114305,0.051918474959851094,-0.0036846914094339545
2307.0,92.28,1.0,2.2682313747074443,-31.53863014706594,2.2682313747074443,-31.53863014706594,3.0692212062612083,0.05218141572941346,-0.0043148667718805045
2308.0,92.32000000000001,1.0,2.1327348620536077,-31.54727081111526,2.1327348620536077,-31.54727081111526,3.074008800866217,0.0520551648268354,-0.00498799966010326
2309.0,92.36,1.0,1.9944510032767564,-31.55655066560656,1.9944510032767564,-31.55655066560656,3.078768889999344,0.05164530389518175,-0.005664947067489452
2310.0,92.4,1.0,1.8566094889004723,-31.564780971458685,1.8566094889004723,-31.564780971458685,3.0834994800640927,0.05105416148831173,-0.006304516238050293
2311.0,92.44,1.0,1.718407037974951,-31.574234265537804,1.718407037974951,-31.574234265537804,3.0882013010134672,0.05038671955939822,-0.006866414890321781
2312.0,92.48,1.0,1.5803718541460527,-31.583046144366712,1.5803718541460527,-31.583046144366712,3.092876221510882,0.04977620892416788,-0.007311837812362441
2313.0,92.52,1.0,1.4413088850615747,-31.592016241771347,1.4413088850615747,-31.592016241771347,3.097527491536199,0.04934321498942858,-0.007604766693639539
2314.0,92.56,1.0,1.3045885591113877,-31.599151250916385,1.3045885591113877,-31.599151250916385,3.102158583014787,0.04919178495663486,-0.007712958874670483
2315.0,92.60000000000001,1.0,1.169454294219408,-31.60471544809247,1.169454294219408,-31.60471544809247,3.1067745065748666,0.04940776855585185,-0.007610905032996146
2316.0,92.64,1.0,1.033994984493624,-31.607663174660605,1.033994984493624,-31.607663174660605,3.111379150407273,0.050088775068288016,-0.007280808345451206
2317.0,92.68,1.0,0.8970672464162883,-31.61113961151444,0.8970672464162883,-31.61113961151444,3.115978389583204,0.0513168553960627,-0.006712806201211308
2318.0,92.72,1.0,0.7586141602047849,-31.613530225424494,0.7586141602047849,-31.613530225424494,3.1205760040094797,0.053156529656353056,-0.005903992772702824
2319.0,92.76,1.0,0.6202877634972306,-31.615858812769766,0.6202877634972306,-31.615858812769766,3.125177223012819,0.05564816323101801,-0.004859538466865927
2320.0,92.8,1.0,0.48517778806476874,-31.61648967935421,0.48517778806476874,-31.61648967935421,3.129782488044632,0.058836820437300597,-0.0035923479797443716
2321.0,92.84,1.0,0.3506494341016594,-31.617496249224907,0.3506494341016594,-31.617496249224907,3.134389514369859,0.06275243338233678,-0.0021222975565741643
2322.0,92.88,1.0,0.21621689667336152,-31.61631656014142,0.21621689667336152,-31.61631656014142,3.1389901640844666,0.06739959830326003,-0.000474209618304177
2323.0,92.92,1.0,0.0802649926980488,-31.61391549450409,0.0802649926980488,-31.61391549450409,3.143574237598949,0.07274803717558066,0.001321976575877419
2324.0,92.96000000000001,1.0,-0.05520480701258977,-31.60957524522133,-0.05520480701258977,-31.60957524522133,3.148128118840739,0.0787533696064153,0.0032324910004393184
2325.0,93.0,1.0,-0.19377322722514875,-31.6059385512384,-0.19377322722514875,-31.6059385512384,3.1526377150734293,0.08536292702289525,0.005220976147249878
2326.0,93.04,1.0,-0.3320697763450759,-31.60418949467431,-0.3320697763450759,-31.60418949467431,3.1570877510936124,0.09250458525960942,0.007250929507508737
2327.0,93.08,1.0,-0.46939372814394814,-31.601888150524854,-0.46939372814394814,-31.601888150524854,3.1614663177279567,0.10006751862914487,0.00928638995105776
2328.0,93.12,1.0,-0.6046725075865411,-31.600326736660673,-0.6046725075865411,-31.600326736660673,3.1657613485769427,0.10791703026954673,0.011292298881382617
2329.0,93.16,1.0,-0.7371724754377038,-31.596876343554005,-0.7371724754377038,-31.596876343554005,3.1699638027003014,0.11590359915696355,0.013235473936698156
2330.0,93.2,1.0,-0.8696758773581731,-31.59265225993584,-0.8696758773581731,-31.59265225993584,3.1740633620949117,0.12386538313097897,0.015086325778045695
2331.0,93.24,1.0,-1.004941719359182,-31.58588957553327,-1.004941719359182,-31.58588957553327,3.1780531830041405,0.13162326306407426,0.016819382944814644
2332.0,93.28,1.0,-1.1393002846401785,-31.579729504729535,-1.1393002846401785,-31.579729504729535,3.1819278371039674,0.13898955149753991,0.018412296458671054
2333.0,93.32000000000001,1.0,-1.274428931549522,-31.572754177729514,-1.274428931549522,-31.572754177729514,3.185686573183686,0.1457780183974246,0.019845339156707054
2334.0,93.36,1.0,-1.408411480203408,-31.566752080803827,-1.408411480203408,-31.566752080803827,3.18933139084698,0.15180513549507174,0.021101685178340848
2335.0,93.4,1.0,-1.5386282086694796,-31.557136279336213,-1.5386282086694796,-31.557136279336213,3.192868390576327,0.1568882311267116,0.02216717543897042
2336.0,93.44,1.0,-1.6684733054587355,-31.548681638458824,-1.6684733054587355,-31.548681638458824,3.1963075732417607,0.16085030402737863,0.02302903875787561
2337.0,93.48,1.0,-1.7962360499742456,-31.53870719692231,-1.7962360499742456,-31.53870719692231,3.199662056840094,0.16353498885912252,0.02367548979481269
2338.0,93.52,1.0,-1.9233084577301298,-31.531289044548135,-1.9233084577301298,-31.531289044548135,3.202945165811679,0.16481875123895606,0.024096060038627177
2339.0,93.56,1.0,-2.0500095622587433,-31.521712846669423,-2.0500095622587433,-31.521712846669423,3.206170278963267,0.16460840092656026,0.02428207623899734
2340.0,93.60000000000001,1.0,-2.176252447930746,-31.51263524533211,-2.176252447930746,-31.51263524533211,3.2093494555356203,0.1628394132060274,0.024225156058525703
2341.0,93.64,1.0,-2.3004039074776435,-31.501597489585293,-2.3004039074776435,-31.501597489585293,3.2124948948548786,0.1594884527057138,0.023916440499733443
2342.0,93.68,1.0,-2.425792342064903,-31.49298026743154,-2.425792342064903,-31.49298026743154,3.215618900660833,0.15457220416991033,0.02334702170681148
2343.0,93.72,1.0,-2.547740944574328,-31.482939578926487,-2.547740944574328,-31.482939578926487,3.218733298794253,0.14814668115707263,0.02251022223516784
2344.0,93.76,1.0,-2.6703661393779012,-31.474914218853627,-2.6703661393779012,-31.474914218853627,3.2218495010602672,0.14030537133999813,0.021401521787377677
2345.0,93.8,1.0,-2.7889433489598945,-31.464786494786495,-2.7889433489598945,-31.464786494786495,3.224977276853578,0.131186053774202,0.020018984713313565
2346.0,93.84,1.0,-2.9075575330595798,-31.454778388075418,-2.9075575330595798,-31.454778388075418,3.228125910263654,0.1209576369910419,0.01836410949389592
2347.0,93.88,1.0,-3.0243994601683744,-31.443729153043723,-3.0243994601683744,-31.443729153043723,3.2313004686625546,0.10981898739660703,0.016444583869510816
2348.0,93.92,1.0,-3.1432558791370937,-31.432983941744833,-3.1432558791370937,-31.432983941744833,3.234504294505352,0.09799146422632436,0.0142746954096718
2349.0,93.96000000000001,1.0,-3.2595811708681395,-31.421819165883278,-3.2595811708681395,-31.421819165883278,3.2377363529557344,0.08571497830938984,0.011875662708007828
2350.0,94.0,1.0,-3.377908213672338,-31.410808470117626,-3.377908213672338,-31.410808470117626,3.24099468378908,0.07324334429906625,0.009275127449210828
2351.0,94.04,1.0,-3.491836244835975,-31.39951685917854,-3.491836244835975,-31.39951685917854,3.2442749619107594,0.0608273298029362,0.006508916230575204
2352.0,94.08,1.0,-3.6062149726454065,-31.387334970756495,-3.6062149726454065,-31.387334970756495,3.24757351150667,0.048702030075997646,0.003620651232620839
2353.0,94.12,1.0,-3.719357542656175,-31.374709134178822,-3.719357542656175,-31.374709134178822,3.250884791198486,0.03708276241657701,0.0006604785962731295
2354.0,94.16,1.0,-3.8334329518402797,-31.360660157965373,-3.8334329518402797,-31.360660157965373,3.254204394131358,0.026171274452183802,-0.0023173867382117025
2355.0,94.2,1.0,-3.9515354499294135,-31.351201448374304,-3.9515354499294135,-31.351201448374304,3.2575283525779213,0.016141960621647678,-0.005254645595858236
2356.0,94.24,1.0,-4.069297343989449,-31.34150451003965,-4.069297343989449,-31.34150451003965,3.260855404446313,0.007124502613977302,-0.008089770714414612
2357.0,94.28,1.0,-4.187863223728163,-31.331384275254116,-4.187863223728163,-31.331384275254116,3.26418468181406,-0.0007775295499992119,-0.010761048056357612
2358.0,94.32000000000001,1.0,-4.303465890999801,-31.318992888425033,-4.303465890999801,-31.318992888425033,3.267518306258018,-0.007495562998905014,-0.013210757887006064
2359.0,94.36,1.0,-4.421933478885361,-31.30501102263952,-4.421933478885361,-31.30501102263952,3.270858738345125,-0.012996922003724144,-0.01538742533543549
2360.0,94.4,1.0,-4.540876930446108,-31.29038110887975,-4.540876930446108,-31.29038110887975,3.274215245437285,-0.01729312734488996,-0.017247662973864434
2361.0,94.44,1.0,-4.661232786913625,-31.275705675589837,-4.661232786913625,-31.275705675589837,3.277599766907379,-0.02042839083535968,-0.018757782150128834
2362.0,94.48,1.0,-4.777632493223743,-31.25946874283998,-4.777632493223743,-31.25946874283998,3.2810309250405303,-0.022469144004153764,-0.01989664921262491
2363.0,94.52,1.0,-4.897944393407269,-31.24376482903316,-4.897944393407269,-31.24376482903316,3.2845273234048173,-0.023500866354424922,-0.02065666140785887
2364.0,94.56,1.0,-5.017175428232643,-31.22718305380378,-5.017175428232643,-31.22718305380378,3.2881111639496132,-0.02363032712290093,-0.02104405094869479
2365.0,94.60000000000001,1.0,-5.13740841774788,-31.209922777045726,-5.13740841774788,-31.209922777045726,3.291805037821176,-0.022995404760196216,-0.021078068910270274
2366.0,94.64,1.0,-5.257866379658653,-31.191023087666203,-5.257866379658653,-31.191023087666203,3.2956292918363834,-0.02173289215742321,-0.020791540901604327
2367.0,94.68,1.0,-5.380986718522085,-31.17042539537878,-5.380986718522085,-31.17042539537878,3.299599453772796,-0.019965573210720955,-0.020230074015102028
2368.0,94.72,1.0,-5.501810591544023,-31.14913720170636,-5.501810591544023,-31.14913720170636,3.3037246317883615,-0.017813421545977405,-0.019448846073245596
2369.0,94.76,1.0,-5.6238384977173315,-31.12679394858274,-5.6238384977173315,-31.12679394858274,3.308011273644657,-0.015388948139847402,-0.018509695555650366
2370.0,94.8,1.0,-5.740540033071665,-31.10549845848696,-5.740540033071665,-31.10549845848696,3.3124618904043643,-0.012790569484493596,-0.017478214633937998
2371.0,94.84,1.0,-5.858208903886274,-31.083911533743837,-5.858208903886274,-31.083911533743837,3.31707272901427,-0.010087803543957463,-0.016421674781751373
2372.0,94.88,1.0,-5.974197030494924,-31.062862445354007,-5.974197030494924,-31.062862445354007,3.321834513957016,-0.007343920314112984,-0.015404196286737948
2373.0,94.92,1.0,-6.0904951324977326,-31.04187505470329,-6.0904951324977326,-31.04187505470329,3.326730618170115,-0.004602181424951257,-0.014483590785171165
2374.0,94.96000000000001,1.0,-6.207824916581828,-31.021669505448074,-6.207824916581828,-31.021669505448074,3.3317424102468998,-0.0018953281608871109,-0.013707669942389542
2375.0,95.0,1.0,-6.32349956631989,-30.998875031712277,-6.32349956631989,-30.998875031712277,3.336844399118486,0.0007725915779664861,-0.013111566032272523
2376.0,95.04,1.0,-6.445495687720795,-30.97565805164091,-6.445495687720795,-30.97565805164091,3.3420075326004026,0.003427745997241649,-0.012716131746832221
2377.0,95.08,1.0,-6.563750085360388,-30.95160524854153,-6.563750085360388,-30.95160524854153,3.3472016167923266,0.006096321580534536,-0.012526642259808676
2378.0,95.12,1.0,-6.686723092790285,-30.92553844848869,-6.686723092790285,-30.92553844848869,3.352398989703123,0.008798027068066549,-0.012533178532964711
2379.0,95.16,1.0,-6.8048529020423825,-30.902270469433383,-6.8048529020423825,-30.902270469433383,3.3575792345234468,0.0115550373753729,-0.012710929035357662
2380.0,95.2,1.0,-6.924029980948681,-30.877114803733974,-6.924029980948681,-30.877114803733974,3.3627223805910207,0.014395434055455913,-0.01302069677927627
2381.0,95.24,1.0,-7.042341747549948,-30.85547161242183,-7.042341747549948,-30.85547161242183,3.3678155530294602,0.017333829900661245,-0.013410639788597125
2382.0,95.28,1.0,-7.162225509414628,-30.825928196948276,-7.162225509414628,-30.825928196948276,3.372847272223042,0.02036839135791898,-0.013818401691775098
2383.0,95.32000000000001,1.0,-7.280822857479093,-30.801302914401894,-7.280822857479093,-30.801302914401894,3.377814811873087,0.02350151457934011,-0.01417652389926323
2384.0,95.36,1.0,-7.398862138277947,-30.774006404147077,-7.398862138277947,-30.774006404147077,3.382717473300995,0.026719840997065057,-0.014414261678687784
2385.0,95.4,1.0,-7.517347671985337,-30.747641590531583,-7.517347671985337,-30.747641590531583,3.387556979656935,0.03001014590251474,-0.014462211668756489
2386.0,95.44,1.0,-7.632370824122506,-30.716139299375993,-7.632370824122506,-30.716139299375993,3.392339855586493,0.03333512791113554,-0.01425622017125606
2387.0,95.48,1.0,-7.744694376861846,-30.685377959458044,-7.744694376861846,-30.685377959458044,3.39707426367866,0.0366428516331474,-0.013742354433431272
2388.0,95.52,1.0,-7.861564344798825,-30.656603904789932,-7.861564344798825,-30.656603904789932,3.401772884229863,0.039872008057426175,-0.012878402991767169
2389.0,95.56,1.0,-7.975104593663206,-30.625148954705004,-7.975104593663206,-30.625148954705004,3.406447317568246,0.04296603937406033,-0.011635266157556556
2390.0,95.60000000000001,1.0,-8.091891145936732,-30.592384524445443,-8.091891145936732,-30.592384524445443,3.4111069266559157,0.045854575868725,-0.010000473179136878
2391.0,95.64,1.0,-8.208227683419832,-30.558892109613844,-8.208227683419832,-30.558892109613844,3.4157611255130105,0.0484528631756249,-0.00798011393767264
2392.0,95.68,1.0,-8.324910139919952,-30.524641080977823,-8.324910139919952,-30.524641080977823,3.4204134133115316,0.050692513031361776,-0.005599196118719516
2393.0,95.72,1.0,-8.44071390263211,-30.489695457712845,-8.44071390263211,-30.489695457712845,3.425068549920026,0.0525128748514592,-0.0028989087919905213
2394.0,95.76,1.0,-8.556635684047045,-30.454540384087608,-8.556635684047045,-30.454540384087608,3.42972137754318,0.05385562895210384,6.481194623690553e-05
2395.0,95.8,1.0,-8.673113183205391,-30.41870741475782,-8.673113183205391,-30.41870741475782,3.434369060862223,0.05467389842885747,0.0032215307681955686
2396.0,95.84,1.0,-8.78348688380103,-30.383182740206884,-8.78348688380103,-30.383182740206884,3.4390056318450077,0.0549331734646081,0.006488821965981402
2397.0,95.88,1.0,-8.89484785451952,-30.345561312023182,-8.89484785451952,-30.345561312023182,3.443625242193513,0.05461770894962429,0.009776321975897072
2398.0,95.92,1.0,-9.00350511125642,-30.30936214642573,-9.00350511125642,-30.30936214642573,3.4482229602654626,0.053727255015455035,0.01299221900719168
2399.0,95.96000000000001,1.0,-9.114285227616572,-30.271605381117286,-9.114285227616572,-30.271605381117286,3.4527901714280587,0.05228102017167685,0.016044149331100148
2400.0,96.0,1.0,-9.223981762635102,-30.234894277223077,-9.223981762635102,-30.234894277223077,3.457320306008569,0.05030386575797972,0.01884234973114615
2401.0,96.04,1.0,-9.33337129933412,-30.1940829052432,-9.33337129933412,-30.1940829052432,3.461804625305253,0.04784456620783931,0.021305301496766908
2402.0,96.08,1.0,-9.443332828027605,-30.160568623070493,-9.443332828027605,-30.160568623070493,3.4662358091760375,0.044971942223011686,0.023364883629065407
2403.0,96.12,1.0,-9.550814373458048,-30.12026309121086,-9.550814373458048,-30.12026309121086,3.4706061601122578,0.04175194067540816,0.02496792561226834
2404.0,96.16,1.0,-9.659079847748492,-30.082028597770837,-9.659079847748492,-30.082028597770837,3.4749076640514565,0.03825856124872732,0.02607431139288043
2405.0,96.2,1.0,-9.765869274920002,-30.04139197702873,-9.765869274920002,-30.04139197702873,3.479136331209637,0.034569366589883334,0.026660695684653048
2406.0,96.24000000000001,1.0,-9.875571703941416,-30.00413412589048,-9.875571703941416,-30.00413412589048,3.4832855871387145,0.03076528465205436,0.026722268683227707
2407.0,96.28,1.0,-9.985432046613044,-29.96673494231709,-9.985432046613044,-29.96673494231709,3.4873515379877644,0.02690399012916861,0.02627396146483944
2408.0,96.32000000000001,1.0,-10.092018053664637,-29.925592946691474,-10.092018053664637,-29.925592946691474,3.4913291737910264,0.02303658880145637,0.025347020734907254
2409.0,96.36,1.0,-10.199106600666914,-29.886863009228676,-10.199106600666914,-29.886863009228676,3.4952140016199977,0.019194544375913093,0.023986057261513673
2410.0,96.4,1.0,-10.30767078298971,-29.848252926163042,-10.30767078298971,-29.848252926163042,3.4990038502624943,0.01539885269339437,0.02224933221282219
2411.0,96.44,1.0,-10.417038704234653,-29.809560171457225,-10.417038704234653,-29.809560171457225,3.5026969804316614,0.011653588037498807,0.02020741054608862
2412.0,96.48,1.0,-10.524302339056323,-29.767349287161977,-10.524302339056323,-29.767349287161977,3.5062955331184833,0.007946209345945598,0.017938249270241124
2413.0,96.52,1.0,-10.630908586383102,-29.72575422996679,-10.630908586383102,-29.72575422996679,3.509801323312928,0.0042419244619360755,0.015520671553288248
2414.0,96.56,1.0,-10.737193644366377,-29.685533114635756,-10.737193644366377,-29.685533114635756,3.5132232024158396,0.000499043351328865,0.013034029857395126
2415.0,96.60000000000001,1.0,-10.842528344349196,-29.64539243980884,-10.842528344349196,-29.64539243980884,3.516570866781998,-0.0033533638655918628,0.010558051313027141
2416.0,96.64,1.0,-10.947780921403195,-29.603998226004542,-10.947780921403195,-29.603998226004542,3.5198578561911695,-0.0074019601096147695,0.008167319931357244
2417.0,96.68,1.0,-11.055880627760434,-29.56410433908935,-11.055880627760434,-29.56410433908935,3.5230997759482796,-0.011754769901297901,0.005926923854092868
2418.0,96.72,1.0,-11.164681341987023,-29.523067483469646,-11.164681341987023,-29.523067483469646,3.526314072811059,-0.016503116453194445,0.0038901311174702746
2419.0,96.76,1.0,-11.27231454999737,-29.479598549170127,-11.27231454999737,-29.479598549170127,3.5295191009245444,-0.021742399892685636,0.002100750350580802
2420.0,96.8,1.0,-11.379468713716069,-29.435890319721175,-11.379468713716069,-29.435890319721175,3.5327331548693266,-0.027553588576668418,0.0005915223286499172
2421.0,96.84,1.0,-11.487995452526603,-29.391320639990273,-11.487995452526603,-29.391320639990273,3.53597216865004,-0.03401384226785139,-0.000617350058787209
2422.0,96.88,1.0,-11.594834201046549,-29.345306347402595,-11.594834201046549,-29.345306347402595,3.5392480897376424,-0.041165162175151336,-0.001520795568890657
2423.0,96.92,1.0,-11.702695667955002,-29.30026977646839,-11.702695667955002,-29.30026977646839,3.5425699921259577,-0.04903013943087464,-0.0021259629065793866
2424.0,96.96000000000001,1.0,-11.809178924915921,-29.254060369449036,-11.809178924915921,-29.254060369449036,3.545944774133072,-0.057597298474823574,-0.0024478889761794
2425.0,97.0,1.0,-11.912991226532402,-29.20635739649503,-11.912991226532402,-29.20635739649503,3.5493718208699234,-0.06683816470466772,-0.0025109833843196885
2426.0,97.04,1.0,-12.013949273063329,-29.158755657721564,-12.013949273063329,-29.158755657721564,3.5528478320096264,-0.07667220707729011,-0.002348890123198455
2427.0,97.08,1.0,-12.116993114011757,-29.11280440055011,-12.116993114011757,-29.11280440055011,3.556365866941733,-0.08698106183717245,-0.0020005519154635797
2428.0,97.12,1.0,-12.219144166952132,-29.067992837163256,-12.219144166952132,-29.067992837163256,3.559917287683416,-0.09760013425144812,-0.001504879159936879
2429.0,97.16,1.0,-12.32655811418187,-29.020906264168758,-12.32655811418187,-29.020906264168758,3.563489541784378,-0.10834877838239285,-0.0009008358715319725
2430.0,97.2,1.0,-12.427817410626355,-28.97538619388622,-12.427817410626355,-28.97538619388622,3.5670693791298964,-0.11901066492100539,-0.0002282149821826826
2431.0,97.24000000000001,1.0,-12.532488272558835,-28.92521646015456,-12.532488272558835,-28.92521646015456,3.5706409022595187,-0.12934649019800465,0.0004748396425654066
2432.0,97.28,1.0,-12.638961631131448,-28.87881430362083,-12.638961631131448,-28.87881430362083,3.574191413218852,-0.1390878338444405,0.0011742791158340555
2433.0,97.32000000000001,1.0,-12.74794014046639,-28.83031422988687,-12.74794014046639,-28.83031422988687,3.577711340106583,-0.14798319124941778,0.001843565981122132
2434.0,97.36,1.0,-12.853117271121514,-28.781803255964896,-12.853117271121514,-28.781803255964896,3.581192713644696,-0.15578464822705404,0.0024620648952866143
2435.0,97.4,1.0,-12.963214325533784,-28.73023382832867,-12.963214325533784,-28.73023382832867,3.5846299051602726,-0.16225491649456725,0.0030130863241020415
2436.0,97.44,1.0,-13.068813469235792,-28.680610045177207,-13.068813469235792,-28.680610045177207,3.5880222453522306,-0.16716713469728908,0.003485694890214387
2437.0,97.48,1.0,-13.180998837069183,-28.627623859650384,-13.180998837069183,-28.627623859650384,3.5913734137686903,-0.1703355822482448,0.0038769252919473363
2438.0,97.52,1.0,-13.289649193371186,-28.573420218732018,-13.289649193371186,-28.573420218732018,3.5946865538485566,-0.1716208288756033,0.004189709877248609
2439.0,97.56,1.0,-13.401851321846573,-28.52002061776779,-13.401851321846573,-28.52002061776779,3.5979659989251696,-0.1709364037547286,0.0044285539090802165
2440.0,97.60000000000001,1.0,-13.514458665616848,-28.46371735358783,-13.514458665616848,-28.46371735358783,3.6012157497363004,-0.16823706749481004,0.004601283670378034
2441.0,97.64,1.0,-13.627925262699534,-28.40645373789596,-13.627925262699534,-28.40645373789596,3.604439432180544,-0.16354170185647998,0.004718433762545794
2442.0,97.68,1.0,-13.741160106012083,-28.348366160912605,-13.741160106012083,-28.348366160912605,3.6076434434898537,-0.15693997219065664,0.004791964539993106
2443.0,97.72,1.0,-13.853512931051005,-28.28841656575086,-13.853512931051005,-28.28841656575086,3.610831092686424,-0.1485997194819719,0.004832420258602638
2444.0,97.76,1.0,-13.966194557610654,-28.22761535961617,-13.966194557610654,-28.22761535961617,3.6140056501537274,-0.1387346807653419,0.004847945153220921
2445.0,97.8,1.0,-14.081628593106231,-28.168012887482185,-14.081628593106231,-28.168012887482185,3.61717011461836,-0.12760750202380636,0.004844385501309519
2446.0,97.84,1.0,-14.203468377013696,-28.1082650413377,-14.203468377013696,-28.1082650413377,3.620328268494051,-0.11553973909924889,0.0048267716839748825
2447.0,97.88,1.0,-14.324665881479529,-28.045710147555695,-14.324665881479529,-28.045710147555695,3.6234817397939523,-0.10289246914340038,0.004797814742438242
2448.0,97.92,1.0,-14.44572859992302,-27.982089437699717,-14.44572859992302,-27.982089437699717,3.6266284859791207,-0.09004463667178189,0.004754527659096062
2449.0,97.96000000000001,1.0,-14.56214213592466,-27.919742197455754,-14.56214213592466,-27.919742197455754,3.6297684729837973,-0.07737380233679876,0.004689463589525035
2450.0,98.0,1.0,-14.683927315344079,-27.85356389466885,-14.683927315344079,-27.85356389466885,3.632901430745445,-0.06525350695549345,0.004593741719121943
2451.0,98.04,1.0,-14.801666593878718,-27.791584833540423,-14.801666593878718,-27.791584833540423,3.636031784494957,-0.05404411277825608,0.004455826208706104
2452.0,98.08,1.0,-14.919163077534444,-27.72826101633363,-14.919163077534444,-27.72826101633363,3.6391652183480345,-0.04408486223270471,0.004261540288580768
2453.0,98.12,1.0,-15.035702128975554,-27.666579840484786,-15.035702128975554,-27.666579840484786,3.642307969387962,-0.03565890419932274,0.003994738802960246
2454.0,98.16,1.0,-15.154067417225756,-27.60122297742476,-15.154067417225756,-27.60122297742476,3.645468724169998,-0.02898959778802862,0.00363964812365596
2455.0,98.2,1.0,-15.270421482415367,-27.53869744561765,-15.270421482415367,-27.53869744561765,3.6486572042205507,-0.024235560087611942,0.003180506464608918
2456.0,98.24000000000001,1.0,-15.391648646020945,-27.471654351780312,-15.391648646020945,-27.471654351780312,3.651882735667165,-0.02148953515184584,0.002603570543104701
2457.0,98.28,1.0,-15.505867666136623,-27.406983764028304,-15.505867666136623,-27.406983764028304,3.655151925874103,-0.020752463950546397,0.001896013090403658
2458.0,98.32000000000001,1.0,-15.621380544284227,-27.340893346060717,-15.621380544284227,-27.340893346060717,3.6584709350402562,-0.021945782389916936,0.0010472570212898824
2459.0,98.36,1.0,-15.732431178232076,-27.27540726870381,-15.732431178232076,-27.27540726870381,3.6618473859521345,-0.024917277719409693,5.1220082438971015e-05
2460.0,98.4,1.0,-15.841766431976788,-27.211191992742975,-15.841766431976788,-27.211191992742975,3.6652879176918063,-0.02945692507699389,-0.0010934826761545304
2461.0,98.44,1.0,-15.95059756203965,-27.146860227938397,-15.95059756203965,-27.146860227938397,3.6687995401958076,-0.03528740096469394,-0.002385317526918839
2462.0,98.48,1.0,-16.06045400877941,-27.082691192356418,-16.06045400877941,-27.082691192356418,3.672386060355522,-0.042089377141532845,-0.0038185540057646696
2463.0,98.52,1.0,-16.170675484955076,-27.01943576339149,-16.170675484955076,-27.01943576339149,3.67605022500046,-0.049486294151171215,-0.005381505866512248
2464.0,98.56,1.0,-16.28050515238142,-26.956115886516148,-16.28050515238142,-26.956115886516148,3.6797923847952503,-0.05708881996308096,-0.007056769745931399
2465.0,98.60000000000001,1.0,-16.392712519066524,-26.892018696686176,-16.392712519066524,-26.892018696686176,3.683611455346919,-0.06449319529849953,-0.008821997476887795
2466.0,98.64,1.0,-16.502057914738856,-26.826868043544977,-16.502057914738856,-26.826868043544977,3.6875034292525397,-0.07131066509663947,-0.010649612774390685
2467.0,98.68,1.0,-16.612102749441462,-26.76049652169301,-16.612102749441462,-26.76049652169301,3.691463932187157,-0.07716408487956028,-0.012508566407660335
2468.0,98.72,1.0,-16.724739015870988,-26.693283592361006,-16.724739015870988,-26.693283592361006,3.6954901163916913,-0.08172156511689212,-0.014363917353349912
2469.0,98.76,1.0,-16.841105346475064,-26.624697805049482,-16.841105346475064,-26.624697805049482,3.6995801831513804,-0.08469710967353108,-0.016177205632003276
2470.0,98.8,1.0,-16.95706366292294,-26.556306772893084,-16.95706366292294,-26.556306772893084,3.703731295233824,-0.0858723270054709,-0.017907354352110497
2471.0,98.84,1.0,-17.074680379028496,-26.486018181205576,-17.074680379028496,-26.486018181205576,3.7079406511826343,-0.08508966070342641,-0.019512945955381632
2472.0,98.88,1.0,-17.189302195704173,-26.4140703499506,-17.189302195704173,-26.4140703499506,3.7122039500776496,-0.0822744504895473,-0.02095160272144861
2473.0,98.92,1.0,-17.305120210731832,-26.339566115751598,-17.305120210731832,-26.339566115751598,3.716516864519459,-0.07741210383654709,-0.022181929266873287
2474.0,98.96000000000001,1.0,-17.421773794228795,-26.263554568284007,-17.421773794228795,-26.263554568284007,3.720875074333434,-0.07057190641708713,-0.023165760037887794
2475.0,99.0,1.0,-17.538280913179804,-26.18686015513117,-17.538280913179804,-26.18686015513117,3.7252747205010053,-0.06187822196838596,-0.023869062541234942
2476.0,99.04,1.0,-17.65483838392842,-26.109938775016694,-17.65483838392842,-26.109938775016694,3.7297128732132867,-0.05152757800162165,-0.02426316229306552
2477.0,99.08,1.0,-17.770011176701765,-26.03105175590404,-17.770011176701765,-26.03105175590404,3.7341878590558424,-0.03974619178582236,-0.02432613891937143
2478.0,99.12,1.0,-17.887115480166266,-25.954619590631143,-17.887115480166266,-25.954619590631143,3.7387001154109734,-0.026817242616651714,-0.0240437251640019
2479.0,99.16,1.0,-18.00227183766606,-25.875680174161506,-18.00227183766606,-25.875680174161506,3.743249567272938,-0.01304651944809031,-0.02341013168486502
2480.0,99.2,1.0,-18.120129976227954,-25.794935924601685,-18.120129976227954,-25.794935924601685,3.747836137433872,0.0012275327380605106,-0.022429843640788923
2481.0,99.24000000000001,1.0,-18.235030648712346,-25.71744547705772,-18.235030648712346,-25.71744547705772,3.752460933213558,0.01567681876306609,-0.021117883703528892
2482.0,99.28,1.0,-18.351389196641133,-25.636318282059865,-18.351389196641133,-25.636318282059865,3.7571238315722715,0.029972102991366455,-0.019497844601524646
2483.0,99.32000000000001,1.0,-18.46616272274362,-25.555422768595466,-18.46616272274362,-25.555422768595466,3.7618264980408873,0.04380933061853293,-0.017602220690348315
2484.0,99.36,1.0,-18.583215943706413,-25.472761346457492,-18.583215943706413,-25.472761346457492,3.7665702842168756,0.056890262726534545,-0.015471661183073476
2485.0,99.4,1.0,-18.697308768130316,-25.39016051234427,-18.697308768130316,-25.39016051234427,3.7713574569796355,0.06896052148057215,-0.01315376054304505
2486.0,99.44,1.0,-18.812073329083724,-25.3064853074655,-18.812073329083724,-25.3064853074655,3.7761901041109427,0.07979719193071197,-0.010701159021905743
2487.0,99.48,1.0,-18.921819814171567,-25.223391945365073,-18.921819814171567,-25.223391945365073,3.7810667035882055,0.08924508856682614,-0.008169793806877877
2488.0,99.52,1.0,-19.02913603576252,-25.139777824510592,-19.02913603576252,-25.139777824510592,3.7859840686343444,0.09716440777233834,-0.005616149937237492
2489.0,99.56,1.0,-19.132895446653492,-25.056853988777412,-19.132895446653492,-25.056853988777412,3.7909328709763974,0.10347342412607421,-0.0030951248431456417
2490.0,99.60000000000001,1.0,-19.23647651217293,-24.97344451649025,-19.23647651217293,-24.97344451649025,3.795902440399299,0.10811961348256427,-0.0006582857175465157
2491.0,99.64,1.0,-19.337867528669463,-24.890942267054974,-19.337867528669463,-24.890942267054974,3.8008783698544435,0.11112196558668157,0.0016499923245923555
2492.0,99.68,1.0,-19.44364870341684,-24.808192268245428,-19.44364870341684,-24.808192268245428,3.805842986977543,0.1125037061015008,0.0037942232863662994
2493.0,99.72,1.0,-19.546245798306927,-24.727364318396802,-19.546245798306927,-24.727364318396802,3.8107787468015646,0.11233765684241308,0.005748251896226408
2494.0,99.76,1.0,-19.64956600620267,-24.64560235737772,-19.64956600620267,-24.64560235737772,3.8156643927792784,0.1107073984819198,0.007496022377495323
2495.0,99.8,1.0,-19.750635233273744,-24.564813737833667,-19.750635233273744,-24.564813737833667,3.820479490101863,0.10775812699209694,0.009033614866735668
2496.0,99.84,1.0,-19.853677457303625,-24.480218050218387,-19.853677457303625,-24.480218050218387,3.8251986195259553,0.10363095593971187,0.010369523677039336
2497.0,99.88,1.0,-19.954849644313267,-24.40022535265995,-19.954849644313267,-24.40022535265995,3.8297968479143982,0.09847072654429703,0.01152292537923316
2498.0,99.92,1.0,-20.054279741485065,-24.315907852472847,-20.054279741485065,-24.315907852472847,3.8342520196067427,0.09240164551297061,0.012522729885992892
2499.0,99.96000000000001,1.0,-20.153828899579555,-24.234250569941924,-20.153828899579555,-24.234250569941924,3.8385449302580823,0.08558465195269482,0.013405231873591699
2500.0,100.0,1.0,-20.252054675023665,-24.152912735315176,-20.252054675023665,-24.152912735315176,3.8426635310172133,0.07817411823405346,0.01421263608853712
2501.0,100.04,1.0,-20.350166720164072,-24.068757222642127,-20.350166720164072,-24.068757222642127,3.8465985165833727,0.07033274090347555,0.01499077675462672
2502.0,100.08,1.0,-20.446647253183432,-23.985504934815516,-20.446647253183432,-23.985504934815516,3.850347560225456,0.062177923950386016,0.01578442938680824
2503.0,100.12,1.0,-20.5435575538858,-23.90221407252071,-20.5435575538858,-23.90221407252071,3.853912993595788,0.053864805928559446,0.01663416803305289
2504.0,100.16,1.0,-20.63780198491104,-23.820849691462232,-20.63780198491104,-23.820849691462232,3.8573008312964783,0.0455361363314953,0.017574128752279716
2505.0,100.2,1.0,-20.732011621541062,-23.738910668713267,-20.732011621541062,-23.738910668713267,3.8605221971950074,0.03736047555677939,0.01863032970659921
2506.0,100.24000000000001,1.0,-20.82733391860742,-23.650149109573086,-20.82733391860742,-23.650149109573086,3.863588902890899,0.029455895918849905,0.01981543243054166
2507.0,100.28,1.0,-20.91871279033341,-23.567794910939163,-20.91871279033341,-23.567794910939163,3.8665222717784644,0.02196219305578815,0.021126634882224937
2508.0,100.32000000000001,1.0,-21.01367818838188,-23.48189939088426,-21.01367818838188,-23.48189939088426,3.86934525929155,0.015028340614760305,0.022545724134846883
2509.0,100.36,1.0,-21.103939088688353,-23.399596499637006,-21.103939088688353,-23.399596499637006,3.8720855969569463,0.008820972547402783,0.0240390688618713
2510.0,100.4,1.0,-21.198641140408377,-23.30993164828778,-21.198641140408377,-23.30993164828778,3.8747707652545316,0.003445169378099655,0.02555761900229332
2511.0,100.44,1.0,-21.28556160992516,-23.228013688951943,-21.28556160992516,-23.228013688951943,3.877426672044362,-0.000999605724182917,0.027037033072002566
2512.0,100.48,1.0,-21.377201460060373,-23.14080164171917,-21.377201460060373,-23.14080164171917,3.880079651802428,-0.0044074601385888255,0.028399875005466063
2513.0,100.52,1.0,-21.4681933123631,-23.053709430685412,-21.4681933123631,-23.053709430685412,3.882751241316754,-0.006652438224724088,0.029559850253496084
2514.0,100.56,1.0,-21.575876608518648,-22.955374569864723,-21.575876608518648,-22.955374569864723,3.8854625295016647,-0.007644145215305975,0.030426017698239004
2515.0,100.60000000000001,1.0,-21.66257771429114,-22.867768043399263,-21.66257771429114,-22.867768043399263,3.8882288196183508,-0.007336548494401551,0.03090564465978176
2516.0,100.64,1.0,-21.75673024589227,-22.77909421255093,-21.75673024589227,-22.77909421255093,3.891063951790097,-0.005717880677199227,0.030907150886577184
2517.0,100.68,1.0,-21.846579456698393,-22.69266206085149,-21.846579456698393,-22.69266206085149,3.893980954514574,-0.0027662748530096204,0.0303482016836776
2518.0,100.72,1.0,-21.94045204989838,-22.604217466752363,-21.94045204989838,-22.604217466752363,3.896985494193511,0.0014969921446731816,0.029160340012133457
2519.0,100.76,1.0,-22.032884853804298,-22.51649453462337,-22.032884853804298,-22.51649453462337,3.9000805976072805,0.00699999885709277,0.027292111607151337
2520.0,100.8,1.0,-22.12489574733599,-22.42788933672972,-22.12489574733599,-22.42788933672972,3.9032609829583413,0.013614974705906124,0.02471118896726838
2521.0,100.84,1.0,-22.216238791341627,-22.339858027823574,-22.216238791341627,-22.339858027823574,3.906520591109113,0.021231328986880748,0.02140913915911275
2522.0,100.88,1.0,-22.308645643049132,-22.252058974535192,-22.308645643049132,-22.252058974535192,3.90985058038605,0.0297128382910127,0.017404409083749288
2523.0,100.92,1.0,-22.40015598671243,-22.164789447712163,-22.40015598671243,-22.164789447712163,3.9132403210669664,0.03885004046201292,0.012742941987938586
2524.0,100.96000000000001,1.0,-22.49894213342275,-22.07089116486939,-22.49894213342275,-22.07089116486939,3.916681396578638,0.04839154052654197,0.007496980679480039
2525.0,101.0,1.0,-22.595891216865542,-21.978338431010418,-22.595891216865542,-21.978338431010418,3.9201628668501156,0.05806183429018256,0.001762671659055952
2526.0,101.04,1.0,-22.68926522444056,-21.89335324037011,-22.68926522444056,-21.89335324037011,3.923681469760813,0.0676088966674447,-0.004340451279811663
2527.0,101.08,1.0,-22.789960801305973,-21.800145719539525,-22.789960801305973,-21.800145719539525,3.9272334351098492,0.07675049977823895,-0.010671475957565167
2528.0,101.12,1.0,-22.885262700149507,-21.71281136881217,-22.885262700149507,-21.71281136881217,3.93081762155961,0.08517816475808966,-0.01707528823649978
2529.0,101.16,1.0,-22.986150619482522,-21.618488905108602,-22.986150619482522,-21.618488905108602,3.93443538804245,0.09258262963832678,-0.023388285107232197
2530.0,101.2,1.0,-23.078883330888566,-21.533308087640716,-23.078883330888566,-21.533308087640716,3.9380911259495455,0.0987214075553339,-0.02944281752604312
2531.0,101.24000000000001,1.0,-23.17804184587042,-21.439439612315315,-23.17804184587042,-21.439439612315315,3.941794973117015,0.10338387650489207,-0.035070885079297225
2532.0,101.28,1.0,-23.26878275833621,-21.351781497812954,-23.26878275833621,-21.351781497812954,3.9455577757972073,0.10638203911343524,-0.04011273019610348
2533.0,101.32000000000001,1.0,-23.35911705847624,-21.26273135855962,-23.35911705847624,-21.26273135855962,3.9493932919475356,0.10755517199052197,-0.044422688652938795
2534.0,101.36,1.0,-23.429296308585748,-21.186654267047217,-23.429296308585748,-21.186654267047217,3.9533147913219073,0.10683292117042147,-0.04787400028917396
2535.0,101.4,1.0,-23.51928349126936,-21.098646430081395,-23.51928349126936,-21.098646430081395,3.957334027494956,0.10420202350314725,-0.050362239516745747
2536.0,101.44,1.0,-23.59959402307478,-21.015066706527186,-23.59959402307478,-21.015066706527186,3.9614638726276006,0.09970844427412826,-0.05180800797778802
2537.0,101.48,1.0,-23.682916825612416,-20.925242594359872,-23.682916825612416,-20.925242594359872,3.9657081288398546,0.09342347098979814,-0.052161422422576834
2538.0,101.52,1.0,-23.76247295323071,-20.83825558241356,-23.76247295323071,-20.83825558241356,3.9700679669007015,0.08549811306483293,-0.05140464558344334
2539.0,101.56,1.0,-23.844838149800417,-20.747914642304966,-23.844838149800417,-20.747914642304966,3.974537972708216,0.07614198023638898,-0.04955083479573236
2540.0,101.60000000000001,1.0,-23.926587960837708,-20.657214737882697,-23.926587960837708,-20.657214737882697,3.9791110184011247,0.0656377288065338,-0.04664166508184915
2541.0,101.64,1.0,-24.00960179017872,-20.564456524919446,-24.00960179017872,-20.564456524919446,3.983775097371697,0.05425320119125978,-0.04274741431260143
2542.0,101.68,1.0,-24.089171858620155,-20.474976597454177,-24.089171858620155,-20.474976597454177,3.988514326402137,0.04230510092077555,-0.037966159569521436
2543.0,101.72,1.0,-24.168698244536714,-20.384697195160665,-24.168698244536714,-20.384697195160665,3.9933098104095244,0.030128173115798317,-0.03241839580794429
2544.0,101.76,1.0,-24.2405566707991,-20.29840846648527,-24.2405566707991,-20.29840846648527,3.9981394319722283,0.018077650684912194,-0.026243143951654568
2545.0,101.8,1.0,-24.31332736212504,-20.21088198714965,-24.31332736212504,-20.21088198714965,4.002981503961771,0.00647862496830508,-0.019594034806734686
2546.0,101.84,1.0,-24.38631987644393,-20.12061193096158,-24.38631987644393,-20.12061193096158,4.007813104093642,-0.004355241574983304,-0.012635351647683618
2547.0,101.88,1.0,-24.456895746248442,-20.031683008596644,-24.456895746248442,-20.031683008596644,4.0126102136588555,-0.014147722794837937,-0.0055373754887080295
2548.0,101.92,1.0,-24.52929462273584,-19.93814613598065,-24.52929462273584,-19.93814613598065,4.017354600661641,-0.02264640986860087,0.0015289157027113635
2549.0,101.96000000000001,1.0,-24.60002582196719,-19.848537012720232,-24.60002582196719,-19.848537012720232,4.0220323859779965,-0.029656664395693734,0.008396890196211645
2550.0,102.0,1.0,-24.673276328494346,-19.754832224653146,-24.673276328494346,-19.754832224653146,4.026635803893035,-0.03503174287203983,0.01490802622549577
2551.0,102.04,1.0,-24.745064521809763,-19.662244641918136,-24.745064521809763,-19.662244641918136,4.031159895062868,-0.038710291434165,0.020913571231401272
2552.0,102.08,1.0,-24.82208968145208,-19.563325985940025,-24.82208968145208,-19.563325985940025,4.035603781952304,-0.04067646192136313,0.02627999715326714
2553.0,102.12,1.0,-24.897441660886443,-19.465999781621186,-24.897441660886443,-19.465999781621186,4.039969363098815,-0.0409915283682773,0.030892481016530547
2554.0,102.16,1.0,-24.975188164125978,-19.365379708267106,-24.975188164125978,-19.365379708267106,4.044260552714744,-0.03977079565527133,0.03465641034463819
2555.0,102.2,1.0,-25.051640032648272,-19.26496420606484,-25.051640032648272,-19.26496420606484,4.048483896911003,-0.03718668617204342,0.03749830992142729
2556.0,102.24000000000001,1.0,-25.1278403874717,-19.163263132268956,-25.1278403874717,-19.163263132268956,4.052644543079987,-0.03344878678336516,0.039367966115881434
2557.0,102.28,1.0,-25.203043694736994,-19.062269964707106,-25.203043694736994,-19.062269964707106,4.0567499938190155,-0.02881078349080608,0.040238797459348837
2558.0,102.32000000000001,1.0,-25.278067581770784,-18.96144914226921,-25.278067581770784,-18.96144914226921,4.060809796173926,-0.023531526565638127,0.04010794186455208
2559.0,102.36,1.0,-25.351882701906806,-18.861706162816553,-25.351882701906806,-18.861706162816553,4.06483246343447,-0.017879113652505385,0.03899672746187294
2560.0,102.4,1.0,-25.4286755860498,-18.760750196829424,-25.4286755860498,-18.760750196829424,4.068824477273852,-0.012124674926600854,0.0369499083569475
2561.0,102.44,1.0,-25.50202138445197,-18.66326921374312,-25.50202138445197,-18.66326921374312,4.0727892483874175,-0.006537649235886211,0.034034139225444696
2562.0,102.48,1.0,-25.574971724934066,-18.565053016684015,-25.574971724934066,-18.565053016684015,4.076728262647977,-0.0013499284216104135,0.03033736100048103
2563.0,102.52,1.0,-25.648073004227644,-18.46635734516027,-25.648073004227644,-18.46635734516027,4.080641297056147,0.0032441415489444124,0.02596547790620903
2564.0,102.56,1.0,-25.723054423200438,-18.36498734792316,-25.723054423200438,-18.36498734792316,4.084526291187624,0.007091033482000131,0.0210399020381391
2565.0,102.60000000000001,1.0,-25.79838035601221,-18.26536601247054,-25.79838035601221,-18.26536601247054,4.088382370476902,0.010063209054229017,0.015694802204759665
2566.0,102.64,1.0,-25.868124595968784,-18.16848248607477,-25.868124595968784,-18.16848248607477,4.0922073502369845,0.012076198046160558,0.010074709498129133
2567.0,102.68,1.0,-25.942943777618403,-18.07112038149146,-25.942943777618403,-18.07112038149146,4.096003647300507,0.013102866742511798,0.004329499379502816
2568.0,102.72,1.0,-26.01725810799605,-17.9738425048899,-26.01725810799605,-17.9738425048899,4.09977418745969,0.013171841633375536,-0.0013883078219039367
2569.0,102.76,1.0,-26.091670538040045,-17.874988638035116,-26.091670538040045,-17.874988638035116,4.103522321675402,0.012334978886188164,-0.006927861452845871
2570.0,102.8,1.0,-26.16495123022819,-17.775647446790188,-26.16495123022819,-17.775647446790188,4.107252945881159,0.010676772362287479,-0.01214489008488315
2571.0,102.84,1.0,-26.236300272995628,-17.67868723701527,-26.236300272995628,-17.67868723701527,4.110971917108037,0.008322576946723004,-0.01690636702262783
2572.0,102.88,1.0,-26.306122625477343,-17.58168736433205,-26.306122625477343,-17.58168736433205,4.114687990359539,0.0054335684786856134,-0.0210932262408352
2573.0,102.92,1.0,-26.37538638245301,-17.482542324843994,-26.37538638245301,-17.482542324843994,4.118411609347028,0.002166777788473795,-0.024604313733112212
2574.0,102.96000000000001,1.0,-26.443206703588565,-17.384256292746873,-26.443206703588565,-17.384256292746873,4.12215672671133,-0.001327047901273992,-0.02735976151653453
2575.0,103.0,1.0,-26.51033595227683,-17.2856898614392,-26.51033595227683,-17.2856898614392,4.125940008571217,-0.004913772729132504,-0.029303874337622722
2576.0,103.04,1.0,-26.575457264478473,-17.187204286700478,-26.575457264478473,-17.187204286700478,4.129778475206105,-0.008455485701109744,-0.03040693699179976
2577.0,103.08,1.0,-26.64142322969362,-17.087384956797813,-26.64142322969362,-17.087384956797813,4.133691858833695,-0.01183932835022058,-0.030665691409918528
2578.0,103.12,1.0,-26.70672949511539,-16.987967214587414,-26.70672949511539,-16.987967214587414,4.137696114212277,-0.014995553265431972,-0.030102371122545067
2579.0,103.16,1.0,-26.773804978022486,-16.884105551713493,-26.773804978022486,-16.884105551713493,4.14180521207504,-0.017904289152456832,-0.02876503083669115
2580.0,103.2,1.0,-26.837504749669325,-16.780464842505776,-26.837504749669325,-16.780464842505776,4.14602902758909,-0.0205632741804203,-0.02672576922195454
2581.0,103.24000000000001,1.0,-26.903179400144648,-16.67493952609291,-26.903179400144648,-16.67493952609291,4.150372889901436,-0.023006345755981306,-0.02407775259130316
2582.0,103.28,1.0,-26.96901862690432,-16.56647963878753,-26.96901862690432,-16.56647963878753,4.1548386535338215,-0.02531015629209258,-0.02093109002055502
2583.0,103.32000000000001,1.0,-27.03397258195543,-16.45847005687154,-27.03397258195543,-16.45847005687154,4.159423624266706,-0.02759339621177458,-0.017410547224596735
2584.0,103.36,1.0,-27.095384150010098,-16.353478647535407,-27.095384150010098,-16.353478647535407,4.164122076666883,-0.02998032431545289,-0.013650339179418334
2585.0,103.4,1.0,-27.156196493229043,-16.246680425495136,-27.156196493229043,-16.246680425495136,4.1689225541571355,-0.03260795258809431,-0.009788462952749877
2586.0,103.44,1.0,-27.220816286766773,-16.140399381768457,-27.220816286766773,-16.140399381768457,4.173811038858838,-0.03560070134233739,-0.005961097873868737
2587.0,103.48,1.0,-27.28184487441633,-16.03110696643241,-27.28184487441633,-16.03110696643241,4.178770386067851,-0.03909427797391226,-0.0022981762908597055
2588.0,103.52,1.0,-27.341781275002432,-15.923999255886505,-27.341781275002432,-15.923999255886505,4.183779618378196,-0.04319945291732802,0.0010802737065856445
2589.0,103.56,1.0,-27.402504354487167,-15.816137367939536,-27.402504354487167,-15.816137367939536,4.188817154526989,-0.04800027628517758,0.00406821391958717
2590.0,103.60000000000001,1.0,-27.46170899263347,-15.711163864827423,-27.46170899263347,-15.711163864827423,4.193861392401831,-0.05352824191905485,0.006577927363325351
2591.0,103.64,1.0,-27.523570231705047,-15.60096113757508,-27.523570231705047,-15.60096113757508,4.198894408099697,-0.05979274906035801,0.008542921498395813
2592.0,103.68,1.0,-27.581952949137662,-15.496913370372132,-27.581952949137662,-15.496913370372132,4.203902178653303,-0.06676365787058476,0.00991876224081788
2593.0,103.72,1.0,-27.64280543469322,-15.390680113925082,-27.64280543469322,-15.390680113925082,4.208874744196207,-0.07436692483255214,0.01068374806150503
2594.0,103.76,1.0,-27.701896853411775,-15.286630421739673,-27.701896853411775,-15.286630421739673,4.213805541556075,-0.08248186505880221,0.010840020910159322
2595.0,103.8,1.0,-27.762153487611805,-15.178723734818927,-27.762153487611805,-15.178723734818927,4.218691463778439,-0.09095029594907927,0.010412016527035446
2596.0,103.84,1.0,-27.821677064827156,-15.070345343279584,-27.821677064827156,-15.070345343279584,4.223533194743088,-0.09956711007559134,0.009444274527130769
2597.0,103.88,1.0,-27.883775197557476,-14.958319014330545,-27.883775197557476,-14.958319014330545,4.228331820245602,-0.10810230447775342,0.007998680230894556
2598.0,103.92,1.0,-27.94314670020024,-14.84598524442914,-27.94314670020024,-14.84598524442914,4.233090092831872,-0.116293218988085,0.006152577611265782
2599.0,103.96000000000001,1.0,-28.00026458656946,-14.736601930799015,-28.00026458656946,-14.736601930799015,4.237813452326341,-0.12386782090144777,0.003995031160958297
2600.0,104.0,1.0,-28.054347272151176,-14.629490205273479,-28.054347272151176,-14.629490205273479,4.242509799204818,-0.13054850352341402,0.0016225397280785685
2601.0,104.04,1.0,-28.108685826008134,-14.521475172233707,-28.108685826008134,-14.521475172233707,4.247188892550285,-0.13608557649951028,-0.0008652014329206005
2602.0,104.08,1.0,-28.1641340655383,-14.41096852683375,-28.1641340655383,-14.41096852683375,4.251859960917936,-0.1402470844928679,-0.0033685529999075954
2603.0,104.12,1.0,-28.219994668899915,-14.298652199916603,-28.219994668899915,-14.298652199916603,4.256531340059004,-0.14282686247746215,-0.005790089035666862
2604.0,104.16,1.0,-28.276991594311728,-14.184301458670683,-28.276991594311728,-14.184301458670683,4.261209690808994,-0.14365357320993705,-0.00803823813636632
2605.0,104.2,1.0,-28.336416973511312,-14.065618123362361,-28.336416973511312,-14.065618123362361,4.26590047578277,-0.14260167835626478,-0.010030294936981281
2606.0,104.24000000000001,1.0,-28.396762106430703,-13.943187832405425,-28.396762106430703,-13.943187832405425,4.27060548204786,-0.13960878034775845,-0.011694306704090551
2607.0,104.28,1.0,-28.455533362171273,-13.822890799030125,-28.455533362171273,-13.822890799030125,4.275324289028033,-0.1346772013222705,-0.012970665377153698
2608.0,104.32000000000001,1.0,-28.5132114060492,-13.699652979998215,-28.5132114060492,-13.699652979998215,4.2800559478830795,-0.12787061238076372,-0.013813828938337644
2609.0,104.36,1.0,-28.569453873550042,-13.577021896552242,-28.569453873550042,-13.577021896552242,4.284798847924714,-0.1193067621798229,-0.014193822230377517
2610.0,104.4,1.0,-28.626522841801695,-13.452119118521878,-28.626522841801695,-13.452119118521878,4.289549139911781,-0.10916895812833553,-0.014095220756710982
2611.0,104.44,1.0,-28.683366895020487,-13.329915883351216,-28.683366895020487,-13.329915883351216,4.294301433686632,-0.09769090178597703,-0.013516163125215145
2612.0,104.48,1.0,-28.739901712313646,-13.202971311602548,-28.739901712313646,-13.202971311602548,4.2990488172913235,-0.08514755160434753,-0.012468118101893815
2613.0,104.52,1.0,-28.795276329810598,-13.075092760762498,-28.795276329810598,-13.075092760762498,4.303782746952597,-0.07183858036366701,-0.01097620077607572
2614.0,104.56,1.0,-28.850584906524183,-12.94481165475182,-28.850584906524183,-12.94481165475182,4.308494461760278,-0.05810231543614969,-0.009077987096176816
2615.0,104.60000000000001,1.0,-28.903456359690146,-12.81544775424183,-28.903456359690146,-12.81544775424183,4.313174789515258,-0.0442929059008655,-0.006821208260998887
2616.0,104.64,1.0,-28.954928852773055,-12.686455022727642,-28.954928852773055,-12.686455022727642,4.317815369204204,-0.0307718124896895,-0.0042625669555772655
2617.0,104.68,1.0,-29.004206931337638,-12.557529541124925,-29.004206931337638,-12.557529541124925,4.322410799539587,-0.01788076580322213,-0.0014670053202140195
2618.0,104.72,1.0,-29.055779767651217,-12.42846169029188,-29.055779767651217,-12.42846169029188,4.326958201560251,-0.005951753778124247,0.0014937505957536353
2619.0,104.76,1.0,-29.105944887925546,-12.299584901121518,-29.105944887925546,-12.299584901121518,4.331457004695812,0.004706457512057771,0.004543751941884261
2620.0,104.8,1.0,-29.157382081637245,-12.170520487467451,-29.157382081637245,-12.170520487467451,4.33590925004472,0.013807436778771665,0.007604364337971162
2621.0,104.84,1.0,-29.206198259184408,-12.039858023161605,-29.206198259184408,-12.039858023161605,4.3403195728656945,0.021114607359751535,0.01059482220165628
2622.0,104.88,1.0,-29.255026138155745,-11.910701306796428,-29.255026138155745,-11.910701306796428,4.344693621102845,0.026430321730741568,0.013433640401960382
2623.0,104.92,1.0,-29.30322853737481,-11.781679277156968,-29.30322853737481,-11.781679277156968,4.349038186681104,0.029618106692845557,0.016041482356482083
2624.0,104.96000000000001,1.0,-29.35084731345794,-11.65361926500422,-29.35084731345794,-11.65361926500422,4.3533619029472375,0.030584045565587692,0.01834414137935862
2625.0,105.0,1.0,-29.39421188049053,-11.530552106105162,-29.39421188049053,-11.530552106105162,4.35767290872891,0.029310822563286442,0.02027306693363921
2626.0,105.04,1.0,-29.437755421464903,-11.407365781482927,-29.437755421464903,-11.407365781482927,4.361980765316863,0.02582859022956906,0.021766105729002783
2627.0,105.08,1.0,-29.480856621589055,-11.285001453123137,-29.480856621589055,-11.285001453123137,4.366294496290202,0.020233026255791688,0.02277066458445152
2628.0,105.12,1.0,-29.525267647140403,-11.160099740046986,-29.525267647140403,-11.160099740046986,4.370622079317981,0.012652285752941306,0.023246781263242495
2629.0,105.16,1.0,-29.567762577541448,-11.035325818815112,-29.567762577541448,-11.035325818815112,4.374969228532717,0.0032759570380063276,0.023168603296448643
2630.0,105.2,1.0,-29.61112868203012,-10.906893149329772,-29.61112868203012,-10.906893149329772,4.379337772375178,-0.007668340580511146,0.022524926901170212
2631.0,105.24000000000001,1.0,-29.653136310496734,-10.783313296620246,-29.653136310496734,-10.783313296620246,4.383725061184068,-0.019909863391636296,0.021320894723777687
2632.0,105.28,1.0,-29.694109954685064,-10.654528679023432,-29.694109954685064,-10.654528679023432,4.388124201090916,-0.033142368845177926,0.01957972848184305
2633.0,105.32000000000001,1.0,-29.73484333844845,-10.533809485437477,-29.73484333844845,-10.533809485437477,4.392526996172437,-0.04702598632802539,0.01734285783568003
2634.0,105.36,1.0,-29.77487257152139,-10.407706988628561,-29.77487257152139,-10.407706988628561,4.396921642888914,-0.0612065180526303,0.014668549014453868
2635.0,105.4,1.0,-29.815978407403907,-10.28376967527171,-29.815978407403907,-10.28376967527171,4.4012948359157535,-0.07532439089132846,0.011630496753125092
2636.0,105.44,1.0,-29.85916226174632,-10.159954058287465,-29.85916226174632,-10.159954058287465,4.405633680291711,-0.0890271074888059,0.008317493531973969
2637.0,105.48,1.0,-29.901105591807475,-10.036394121175006,-29.901105591807475,-10.036394121175006,4.409924180793062,-0.10196425762750941,0.004831824251729801
2638.0,105.52,1.0,-29.94226762388136,-9.91028794421123,-29.94226762388136,-9.91028794421123,4.414152458959967,-0.11381676998009178,0.0012844797637863894
2639.0,105.56,1.0,-29.986241198056348,-9.781665617009114,-29.986241198056348,-9.781665617009114,4.418305496777579,-0.1242789231219736,-0.002209144027824843
2640.0,105.60000000000001,1.0,-30.026411596183408,-9.65596855260441,-30.026411596183408,-9.65596855260441,4.422372721630783,-0.1330923664420444,-0.005532501327560942
2641.0,105.64,1.0,-30.06873901418016,-9.529480615659203,-30.06873901418016,-9.529480615659203,4.426349352739889,-0.14002823207152135,-0.008571352999283716
2642.0,105.68,1.0,-30.109760518554747,-9.400836004200979,-30.109760518554747,-9.400836004200979,4.4302364464299036,-0.1449169210054995,-0.011219315844173973
2643.0,105.72,1.0,-30.15058841470136,-9.271057570113667,-30.15058841470136,-9.271057570113667,4.4340429964375385,-0.14765549768810918,-0.013382863378580226
2644.0,105.76,1.0,-30.190446821762077,-9.135775551331685,-30.190446821762077,-9.135775551331685,4.4377809497635266,-0.14820865342717024,-0.01498586222330367
2645.0,105.8,1.0,-30.230342562494922,-8.99925019230278,-30.230342562494922,-8.99925019230278,4.441470791218088,-0.14660933343366556,-0.015972361896946403
2646.0,105.84,1.0,-30.268473224174237,-8.857033460283501,-30.268473224174237,-8.857033460283501,4.4451357663251905,-0.1429350646307893,-0.016309669860861527
2647.0,105.88,1.0,-30.305581980774225,-8.717394225520124,-30.305581980774225,-8.717394225520124,4.448801094398562,-0.13734818511331998,-0.015991335027239116
2648.0,105.92,1.0,-30.340442332871817,-8.578649995489283,-30.340442332871817,-8.578649995489283,4.452493002217546,-0.13006387271839773,-0.015038559251444839
2649.0,105.96000000000001,1.0,-30.374992013722903,-8.439661948648236,-30.374992013722903,-8.439661948648236,4.456238737151444,-0.12135801987147858,-0.013499167099876894
2650.0,106.0,1.0,-30.408826878550208,-8.301178791549507,-30.408826878550208,-8.301178791549507,4.460065151630855,-0.11154235234256712,-0.011446718291555623
2651.0,106.04,1.0,-30.443206051105573,-8.152953137451268,-30.443206051105573,-8.152953137451268,4.463997390269546,-0.10097735831728849,-0.008978993217646386
2652.0,106.08,1.0,-30.477526026954727,-8.010469264965462,-30.477526026954727,-8.010469264965462,4.4680560882501,-0.09006098696240669,-0.006215123562580667
2653.0,106.12,1.0,-30.510430229663303,-7.860288833993186,-30.510430229663303,-7.860288833993186,4.472256157846075,-0.07920110623774637,-0.0032897575905614295
2654.0,106.16,1.0,-30.544747357234264,-7.715081396181901,-30.544747357234264,-7.715081396181901,4.476605583659261,-0.06879657529448747,-0.00034848991895765867
2655.0,106.2,1.0,-30.57689019414113,-7.568889518941617,-30.57689019414113,-7.568889518941617,4.481108174376308,-0.05923642840814969,0.002458812871961359
2656.0,106.24000000000001,1.0,-30.607699655510743,-7.423008118087045,-30.607699655510743,-7.423008118087045,4.485759056110412,-0.05088749584280884,0.004983144291839861
2657.0,106.28,1.0,-30.637366809806007,-7.279380938959235,-30.637366809806007,-7.279380938959235,4.4905500695154155,-0.04410171656487566,0.0070828468668587665
2658.0,106.32000000000001,1.0,-30.667149727508377,-7.134217591638924,-30.667149727508377,-7.134217591638924,4.495470023463509,-0.039156379998901904,0.00862973990619462
2659.0,106.36,1.0,-30.695009502828647,-6.990540191987987,-30.695009502828647,-6.990540191987987,4.500506389216164,-0.036282900809928874,0.009515382230567266
2660.0,106.4,1.0,-30.726810266876605,-6.844356815685133,-30.726810266876605,-6.844356815685133,4.505645658163882,-0.035624604655271085,0.009655356223706637
2661.0,106.44,1.0,-30.7581019116762,-6.700307877129902,-30.7581019116762,-6.700307877129902,4.51087337920086,-0.03728046225357153,0.00899387077033081
2662.0,106.48,1.0,-30.78946208201438,-6.557836408979712,-30.78946208201438,-6.557836408979712,4.516175701046876,-0.04123523075399112,0.007506747144343917
2663.0,106.52,1.0,-30.81746585507326,-6.415284991820931,-30.81746585507326,-6.415284991820931,4.521538795099884,-0.0474018759648258,0.005202829879313741
2664.0,106.56,1.0,-30.848524478386857,-6.279226008437346,-30.848524478386857,-6.279226008437346,4.526953389848321,-0.05560923999181607,0.0021233208051728908
2665.0,106.60000000000001,1.0,-30.876871517552917,-6.137815377978699,-30.876871517552917,-6.137815377978699,4.5324104346334915,-0.0656410164951466,-0.0016579149173210242
2666.0,106.64,1.0,-30.905352342694595,-6.003677805720173,-30.905352342694595,-6.003677805720173,4.537904374286869,-0.07720537876644493,-0.006037548609124884
2667.0,106.68,1.0,-30.933497377791223,-5.86163512616797,-30.933497377791223,-5.86163512616797,4.5434327609531335,-0.08995244446050212,-0.01088594589429404
2668.0,106.72,1.0,-30.962513764471698,-5.7224097560053755,-30.962513764471698,-5.7224097560053755,4.5489955007433345,-0.10348053938829863,-0.016052420498981146
2669.0,106.76,1.0,-30.990699711500696,-5.5734828253460655,-30.990699711500696,-5.5734828253460655,4.554594005520526,-0.11737669835966495,-0.021369902992401806
2670.0,106.8,1.0,-31.017450106525455,-5.434821289196498,-31.017450106525455,-5.434821289196498,4.560231256886365,-0.1312140737110961,-0.026662361304612213
2671.0,106.84,1.0,-31.042715833637033,-5.292171277245036,-31.042715833637033,-5.292171277245036,4.565910132394511,-0.1445869041387666,-0.03175056320564832
2672.0,106.88,1.0,-31.06735024448946,-5.151827226390737,-31.06735024448946,-5.151827226390737,4.571634720837289,-0.15707792787399438,-0.03645920334205719
2673.0,106.92,1.0,-31.091791889356216,-5.005278514260796,-31.091791889356216,-5.005278514260796,4.577409494541945,-0.16832872838499707,-0.04062290902673403
2674.0,106.96000000000001,1.0,-31.11447480692353,-4.859623640801976,-31.11447480692353,-4.859623640801976,4.583241673715779,-0.17801138815797496,-0.044091783798481984
2675.0,107.0,1.0,-31.13774177345823,-4.707458069537332,-31.13774177345823,-4.707458069537332,4.589135842297848,-0.18585966677672122,-0.04673673492982997
2676.0,107.04,1.0,-31.15798939154405,-4.56136774079661,-31.15798939154405,-4.56136774079661,4.595099638143538,-0.19164731390058534,-0.04845512479308893
2677.0,107.08,1.0,-31.178480032821078,-4.4086967585111525,-31.178480032821078,-4.4086967585111525,4.601138492766828,-0.1952351766358752,-0.04917368291071816
2678.0,107.12,1.0,-31.195649648122888,-4.260695226499571,-31.195649648122888,-4.260695226499571,4.607257882653366,-0.19656118342189527,-0.04885031212362857
2679.0,107.16,1.0,-31.21183866888657,-4.107852580930537,-31.21183866888657,-4.107852580930537,4.613460650793722,-0.19563861478029404,-0.047474644442225794
2680.0,107.2,1.0,-31.225239206566737,-3.950900596936802,-31.225239206566737,-3.950900596936802,4.619747339784972,-0.19254092492924385,-0.04506917559531761
2681.0,107.24000000000001,1.0,-31.238099455430994,-3.790305817466902,-31.238099455430994,-3.790305817466902,4.626115545030872,-0.18740106263893735,-0.04168707420206777
2682.0,107.28,1.0,-31.249640090217223,-3.627371454175767,-31.249640090217223,-3.627371454175767,4.6325604447642865,-0.1803993553223294,-0.037410344091679135
2683.0,107.32000000000001,1.0,-31.26212966795823,-3.4650234998899934,-31.26212966795823,-3.4650234998899934,4.639074767511189,-0.17178112234591722,-0.0323461293761773
2684.0,107.36,1.0,-31.269888138570657,-3.298579489053963,-31.269888138570657,-3.298579489053963,4.64564731549483,-0.1618293441084763,-0.026623164056222316
2685.0,107.4,1.0,-31.27774556520932,-3.133553397237881,-31.27774556520932,-3.133553397237881,4.652263340544638,-0.1508483635171541,-0.020387530034845856
2686.0,107.44,1.0,-31.283121614351007,-2.9657967875136455,-31.283121614351007,-2.9657967875136455,4.65890586059019,-0.13915425994073347,-0.013797214511892933
2687.0,107.48,1.0,-31.28743614153632,-2.799836664719837,-31.28743614153632,-2.799836664719837,4.66555489735801,-0.12706801544602392,-0.007016181645317384
2688.0,107.52,1.0,-31.29092309379252,-2.6302361083942194,-31.29092309379252,-2.6302361083942194,4.672189618265429,-0.11488884901631428,-0.0002094110432170327
2689.0,107.56,1.0,-31.291846430360856,-2.4704677163699555,-31.291846430360856,-2.4704677163699555,4.678787511840808,-0.10288580845595172,0.006461181479850667
2690.0,107.60000000000001,1.0,-31.29274515589758,-2.303110966739554,-31.29274515589758,-2.303110966739554,4.685327522137849,-0.09130035754887221,0.012841616599851724
2691.0,107.64,1.0,-31.291914525414875,-2.1397548085591938,-31.291914525414875,-2.1397548085591938,4.6917902797107685,-0.08032854126370782,0.018790894189053213
2692.0,107.68,1.0,-31.292329402330438,-1.973639679587339,-31.292329402330438,-1.973639679587339,4.698158878721918,-0.07013346527535605,0.024184375196363402
2693.0,107.72,1.0,-31.290869915961174,-1.8120234348781152,-31.290869915961174,-1.8120234348781152,4.704419046530638,-0.06083445398594002,0.028916406212693667
2694.0,107.76,1.0,-31.289114063850615,-1.6471064205375856,-31.289114063850615,-1.6471064205375856,4.710558368263013,-0.05250679030840254,0.03290201276514668
2695.0,107.8,1.0,-31.286376645463026,-1.4872816994980975,-31.286376645463026,-1.4872816994980975,4.71656881407037,-0.04516796422390775,0.036078617239597405
2696.0,107.84,1.0,-31.284270411415832,-1.3174972073288707,-31.284270411415832,-1.3174972073288707,4.722444888693849,-0.03880412119563459,0.03840714804716119
2697.0,107.88,1.0,-31.280703108604076,-1.152315479908838,-31.280703108604076,-1.152315479908838,4.728185847739185,-0.033364228878290415,0.03987172729674184
2698.0,107.92,1.0,-31.277407617485704,-0.9826475267710302,-31.277407617485704,-0.9826475267710302,4.733793818878876,-0.02876124652820373,0.04047841301336269
2699.0,107.96000000000001,1.0,-31.27252015216096,-0.8158964011319627,-31.27252015216096,-0.8158964011319627,4.739273793911483,-0.02488026808387962,0.04025359800195738
2700.0,108.0,1.0,-31.26801692849237,-0.6521865204573751,-31.26801692849237,-0.6521865204573751,4.7446339042398,-0.021600368013659298,0.03924316259016199
2701.0,108.04,1.0,-31.260984991805003,-0.48567717964061236,-31.260984991805003,-0.48567717964061236,4.749883144489976,-0.018778543504974522,0.0375092214162561
2702.0,108.08,1.0,-31.25315355973462,-0.32293383376607904,-31.25315355973462,-0.32293383376607904,4.755032884248767,-0.016288004244891095,0.03512729805102811
2703.0,108.12,1.0,-31.24493763425118,-0.15805129626248532,-31.24493763425118,-0.15805129626248532,4.760094768837551,-0.013989380422685205,0.03218334743419134
2704.0,108.16,1.0,-31.23717030768171,0.005710703629261404,-31.23717030768171,0.005710703629261404,4.7650826545566165,-0.011752227191585219,0.02877171483097867
2705.0,108.2,1.0,-31.228718043372304,0.16941030795889617,-31.228718043372304,0.16941030795889617,4.770011851657721,-0.009450331272335567,0.02499225464282495
2706.0,108.24000000000001,1.0,-31.22122326372223,0.333598169673432,-31.22122326372223,0.333598169673432,4.774898730768898,-0.006995038987421686,0.020947062374007643
2707.0,108.28,1.0,-31.2127813962555,0.4974390540689596,-31.2127813962555,0.4974390540689596,4.779760064480668,-0.004320895808999548,0.016737297375264908
2708.0,108.32000000000001,1.0,-31.201774740226192,0.6631558600143261,-31.201774740226192,0.6631558600143261,4.784610877654727,-0.0013898863716570674,0.01246084919998541
2709.0,108.36,1.0,-31.192540027804835,0.8310109601087239,-31.192540027804835,0.8310109601087239,4.789465108063082,0.001804442608000989,0.008210708485956075
2710.0,108.4,1.0,-31.180778872877642,0.9998433121698993,-31.180778872877642,0.9998433121698993,4.794335391403036,0.005239582885553285,0.004073556796473359
2711.0,108.44,1.0,-31.17053430562395,1.167852800301747,-31.17053430562395,1.167852800301747,4.799233236826892,0.00887714614366868,0.00012729937702113462
2712.0,108.48,1.0,-31.157879716272287,1.3347719234697162,-31.157879716272287,1.3347719234697162,4.8041695529706185,0.01264445700162018,-0.0035591432259809925
2713.0,108.52,1.0,-31.144993864355616,1.5006799871479388,-31.144993864355616,1.5006799871479388,4.809153158241518,0.016450894178863827,-0.006926654176005348
2714.0,108.56,1.0,-31.129606040368778,1.6666676994847234,-31.129606040368778,1.6666676994847234,4.814192055392787,0.02017957636524479,-0.009925956816182746
2715.0,108.60000000000001,1.0,-31.11318070489913,1.831953295159123,-31.11318070489913,1.831953295159123,4.8192916465958,0.023698602437458492,-0.012518805115099887
2716.0,108.64,1.0,-31.095296892876597,1.9961126095480126,-31.095296892876597,1.9961126095480126,4.824454822116694,0.02685843076876402,-0.014677059702159666
2717.0,108.68,1.0,-31.076966410929437,2.159967520739541,-31.076966410929437,2.159967520739541,4.829680066253939,0.02952655505996915,-0.01638214051805463
2718.0,108.72,1.0,-31.05760009101125,2.3233378688895843,-31.05760009101125,2.3233378688895843,4.834963317977297,0.03157369899617626,-0.017624306408510974
2719.0,108.76,1.0,-31.0369547892179,2.486818090014162,-31.0369547892179,2.486818090014162,4.840299501120503,0.032878352409231336,-0.018402798318638915
2720.0,108.8,1.0,-31.01466819262966,2.6523042942198845,-31.01466819262966,2.6523042942198845,4.845682678989467,0.03332848620366728,-0.01872541652761884
2721.0,108.84,1.0,-30.99379519816342,2.8127787358156118,-30.99379519816342,2.8127787358156118,4.851107295239652,0.03281882577346649,-0.018607411861353545
2722.0,108.88,1.0,-30.971227370702973,2.97511171033008,-30.971227370702973,2.97511171033008,4.856566628923947,0.03126342082338209,-0.018070020029114182
2723.0,108.92,1.0,-30.949289071634173,3.1392137704393814,-30.949289071634173,3.1392137704393814,4.862053572155202,0.028603037722541115,-0.01714004306045741
2724.0,108.96000000000001,1.0,-30.92539082145612,3.3027832991234205,-30.92539082145612,3.3027832991234205,4.867559752998548,0.024826707258811108,-0.015849443171269118
2725.0,109.0,1.0,-30.902143068108,3.4683385706871896,-30.902143068108,3.4683385706871896,4.8730765539872145,0.019948320169172584,-0.014234771437219362
2726.0,109.04,1.0,-30.875212802522288,3.629230516666554,-30.875212802522288,3.629230516666554,4.878593330766732,0.014011746805803638,-0.012335655775513451
2727.0,109.08,1.0,-30.846105171198843,3.7891602957488373,-30.846105171198843,3.7891602957488373,4.8841007678700565,0.007101376447456587,-0.010195259375591768
2728.0,109.12,1.0,-30.815921578352476,3.9436423045200106,-30.815921578352476,3.9436423045200106,4.889590999643954,-0.0006726737513828463,-0.007859501445451784
2729.0,109.16,1.0,-30.785372583553123,4.102488126810129,-30.785372583553123,4.102488126810129,4.895058513947721,-0.00916645687708324,-0.005376538467841476
2730.0,109.2,1.0,-30.7543823428225,4.260577519611224,-30.7543823428225,4.260577519611224,4.900498326046214,-0.018209427983501846,-0.002794779602925302
2731.0,109.24000000000001,1.0,-30.72275352494568,4.41721129048996,-30.72275352494568,4.41721129048996,4.905906944803716,-0.027605326329258627,-0.000162678616606686
2732.0,109.28,1.0,-30.68972565985186,4.574597965706063,-30.68972565985186,4.574597965706063,4.911279757093011,-0.0371286845236579,0.002470950003324532
2733.0,109.32000000000001,1.0,-30.65479818272207,4.731198766124728,-30.65479818272207,4.731198766124728,4.916612607343991,-0.04654103570641928,0.005057284963506424
2734.0,109.36,1.0,-30.621145967913993,4.887844618088876,-30.621145967913993,4.887844618088876,4.921901622571714,-0.055599967526288395,0.007548589184466732
2735.0,109.4,1.0,-30.585394439937723,5.045200039401168,-30.585394439937723,5.045200039401168,4.9271435330411775,-0.06408917542480845,0.009899288613082537
2736.0,109.44,1.0,-30.54937343952048,5.201625989342004,-30.54937343952048,5.201625989342004,4.932335279595447,-0.07178167507025854,0.012065518491984594
2737.0,109.48,1.0,-30.5111391294211,5.35975099071708,-30.5111391294211,5.35975099071708,4.937477184784367,-0.07846113737468459,0.014005391727035557
2738.0,109.52,1.0,-30.472275351634288,5.518796584622292,-30.472275351634288,5.518796584622292,4.942570006886739,-0.08393473337913596,0.015680082565726623
2739.0,109.56,1.0,-30.43407315209057,5.679656179250762,-30.43407315209057,5.679656179250762,4.947618105320443,-0.08805683224536062,0.017054864602284444
2740.0,109.60000000000001,1.0,-30.395475592182116,5.838929035393987,-30.395475592182116,5.838929035393987,4.952626158594883,-0.09071830727529029,0.018099472736790294
2741.0,109.64,1.0,-30.3548814418207,6.000895719647373,-30.3548814418207,6.000895719647373,4.957600663356081,-0.09184534607077396,0.018787794485142967
2742.0,109.68,1.0,-30.31374613240477,6.162760750464369,-30.31374613240477,6.162760750464369,4.962547482867807,-0.09140478927752135,0.019098978103515355
2743.0,109.72,1.0,-30.27035259820006,6.328349860418587,-30.27035259820006,6.328349860418587,4.967474552128406,-0.08941186124580107,0.019018619691502182
2744.0,109.76,1.0,-30.22508885231893,6.493486826630888,-30.22508885231893,6.493486826630888,4.972390693313358,-0.08593690499629078,0.018539414381441827
2745.0,109.8,1.0,-30.17722689558655,6.655082350035871,-30.17722689558655,6.655082350035871,4.977304887693694,-0.08107981711626791,0.017660489160804104
2746.0,109.84,1.0,-30.13237771806532,6.8197112700909575,-30.13237771806532,6.8197112700909575,4.982228328745846,-0.07496227048117968,0.016387985079158153
2747.0,109.88,1.0,-30.086418826060328,6.984730658780191,-30.086418826060328,6.984730658780191,4.987171931577871,-0.06776228462247638,0.014737007146244829
2748.0,109.92,1.0,-30.041573382086813,7.151428372393392,-30.041573382086813,7.151428372393392,4.992146758688721,-0.0596954608940784,0.012731614730673338
2749.0,109.96000000000001,1.0,-29.993560169619673,7.313268966625924,-29.993560169619673,7.313268966625924,4.997161914706814,-0.051003616137660045,0.010404786909578837
2750.0,110.0,1.0,-29.94824603445445,7.477426271521058,-29.94824603445445,7.477426271521058,5.002222017549668,-0.04191561568064432,0.007797351335158277
2751.0,110.04,1.0,-29.897646337180202,7.641745605660591,-29.897646337180202,7.641745605660591,5.007327655913033,-0.032674104574394035,0.004958796316959731
2752.0,110.08,1.0,-29.84824409484517,7.807655870063549,-29.84824409484517,7.807655870063549,5.012476326271926,-0.023519818434993643,0.0019466483769064538
2753.0,110.12,1.0,-29.80010006863713,7.9748961898100585,-29.80010006863713,7.9748961898100585,5.017664320913852,-0.014685663660163639,-0.0011741578966789925
2754.0,110.16,1.0,-29.749132511173418,8.139737778389748,-29.749132511173418,8.139737778389748,5.022885365112718,-0.006373666316797588,-0.004333056393387281
2755.0,110.2,1.0,-29.698033165529758,8.309607783111346,-29.698033165529758,8.309607783111346,5.028132784123828,0.001256511481028766,-0.007455039186233993
2756.0,110.24000000000001,1.0,-29.64645653819381,8.47399126406528,-29.64645653819381,8.47399126406528,5.03340039117033,0.008060791698651792,-0.010461316960807324
2757.0,110.28,1.0,-29.593522456069202,8.638607537208099,-29.593522456069202,8.638607537208099,5.038680298821939,0.013920121301018473,-0.013271549625680362
2758.0,110.32000000000001,1.0,-29.542308960264982,8.801279241534143,-29.542308960264982,8.801279241534143,5.043965595818131,0.018765333520194827,-0.01580665359946295
2759.0,110.36,1.0,-29.488844667030968,8.962004104473694,-29.488844667030968,8.962004104473694,5.0492462609588475,0.02258487829947702,-0.017990556750530084
2760.0,110.4,1.0,-29.433843600762327,9.122075338121437,-29.433843600762327,9.122075338121437,5.054513498479174,0.02539995066928071,-0.019751901604012988
2761.0,110.44,1.0,-29.378562803561834,9.28272458269549,-29.378562803561834,9.28272458269549,5.059759359482008,0.027252395248742633,-0.021026385790789748
2762.0,110.48,1.0,-29.322907646391553,9.441975381692407,-29.322907646391553,9.441975381692407,5.064980838902001,0.02822534295338348,-0.02176009919439541
2763.0,110.52,1.0,-29.265738464701673,9.597035495762743,-29.265738464701673,9.597035495762743,5.07017664140449,0.02842913731322343,-0.02191110483845337
2764.0,110.56,1.0,-29.20885231221689,9.755564033626435,-29.20885231221689,9.755564033626435,5.075347549429991,0.027994696206859505,-0.021451712618386555
2765.0,110.60000000000001,1.0,-29.15039276563711,9.91251783674505,-29.15039276563711,9.91251783674505,5.08049550878185,0.027046036244249748,-0.020369025517847007
2766.0,110.64,1.0,-29.089930000912187,10.068304725121227,-29.089930000912187,10.068304725121227,5.085621333745969,0.025704470339582765,-0.018666870155605836
2767.0,110.68,1.0,-29.028764957282903,10.223003571968796,-29.028764957282903,10.223003571968796,5.0907240057431125,0.024097888269740863,-0.016366368487878626
2768.0,110.72,1.0,-28.966305273099938,10.377241702135231,-28.966305273099938,10.377241702135231,5.09580149055129,0.022350185508000053,-0.013506038162914713
2769.0,110.76,1.0,-28.900833544375946,10.533181832753126,-28.900833544375946,10.533181832753126,5.100850314733758,0.020562670548684436,-0.010141141872044238
2770.0,110.8,1.0,-28.831355293796793,10.686647113352576,-28.831355293796793,10.686647113352576,5.1058687985060445,0.018794135421592716,-0.006343183612339376
2771.0,110.84,1.0,-28.76251645943217,10.841921144046314,-28.76251645943217,10.841921144046314,5.110856561656307,0.01709663543954394,-0.002199034004548015
2772.0,110.88,1.0,-28.69172728134871,10.995915775174664,-28.69172728134871,10.995915775174664,5.1158144222364,0.01550008166448058,0.0021924166683981124
2773.0,110.92,1.0,-28.620801256786525,11.149662262286736,-28.620801256786525,11.149662262286736,5.1207411158719705,0.014011014524087128,0.006722886822043322
2774.0,110.96000000000001,1.0,-28.550401201573663,11.302491154081022,-28.550401201573663,11.302491154081022,5.125634800200369,0.012602077450394123,0.011277353454231911
2775.0,111.0,1.0,-28.480326927690715,11.45182866471292,-28.480326927690715,11.45182866471292,5.130491392375575,0.011234461003458419,0.0157371644940215
2776.0,111.04,1.0,-28.408988140259673,11.605747489627436,-28.408988140259673,11.605747489627436,5.135306263394235,0.009859755681582438,0.019983485654798162
2777.0,111.08,1.0,-28.33794683630137,11.758631699303585,-28.33794683630137,11.758631699303585,5.140075233221454,0.008420186154488918,0.023901629395669408
2778.0,111.12,1.0,-28.26376769819546,11.910796182750063,-28.26376769819546,11.910796182750063,5.144795342273621,0.006842936682554157,0.0273842677861793
2779.0,111.16,1.0,-28.189718136293436,12.064053188582935,-28.189718136293436,12.064053188582935,5.149464713886182,0.005058490346142852,0.030334792274260242
2780.0,111.2,1.0,-28.11646530963639,12.218061511526367,-28.11646530963639,12.218061511526367,5.154082982609943,0.003017317644286921,0.03267016786259912
2781.0,111.24000000000001,1.0,-28.04300646227632,12.369951861936592,-28.04300646227632,12.369951861936592,5.158650510118946,0.0007029871738595261,0.034324705158574144
2782.0,111.28,1.0,-27.967993056279642,12.521750318045804,-27.967993056279642,12.521750318045804,5.163164748835081,-0.0018940128498886378,0.035252391755852486
2783.0,111.32000000000001,1.0,-27.894282602349268,12.67112138085977,-27.894282602349268,12.67112138085977,5.167622550902036,-0.004757859513076878,0.035427449528289495
2784.0,111.36,1.0,-27.817950291141887,12.81638780755064,-27.817950291141887,12.81638780755064,5.172018985131983,-0.00785457107556109,0.034845666488443776
2785.0,111.4,1.0,-27.74267442622328,12.963252144564692,-27.74267442622328,12.963252144564692,5.176350047523122,-0.011109214298402859,0.03352501958411858
2786.0,111.44,1.0,-27.665154902369572,13.110834780722339,-27.665154902369572,13.110834780722339,5.1806133477459575,-0.014442202316068565,0.03150593986869887
2787.0,111.48,1.0,-27.587757067674005,13.25971252250756,-27.587757067674005,13.25971252250756,5.184808108821397,-0.01774700684403485,0.028849054635106987
2788.0,111.52,1.0,-27.51043233165633,13.409151440454247,-27.51043233165633,13.409151440454247,5.188935027621531,-0.020908360059365628,0.025633391313778776
2789.0,111.56,1.0,-27.437797733340698,13.555539381247916,-27.437797733340698,13.555539381247916,5.192995956690062,-0.023784253066541573,0.02195374759481624
2790.0,111.60000000000001,1.0,-27.365512532776428,13.705886690293013,-27.365512532776428,13.705886690293013,5.1969941954538745,-0.026239456568502573,0.017918270442040567
2791.0,111.64,1.0,-27.292709062461604,13.855154200846195,-27.292709062461604,13.855154200846195,5.20093212124652,-0.028151312954711117,0.013644989186572707
2792.0,111.68,1.0,-27.219604572707773,14.005308932951857,-27.219604572707773,14.005308932951857,5.20481226750205,-0.02942632368567475,0.009256779576249348
2793.0,111.72,1.0,-27.14231977222707,14.154290901848881,-27.14231977222707,14.154290901848881,5.208639802477624,-0.029981241276680115,0.004877574412759966
2794.0,111.76,1.0,-27.063192850374925,14.307703451434971,-27.063192850374925,14.307703451434971,5.212421467760674,-0.029761450272289047,0.0006288795723207441
2795.0,111.8,1.0,-26.98398042173627,14.457243536216112,-26.98398042173627,14.457243536216112,5.216168660959292,-0.028740003398181568,-0.0033739760786681153
2796.0,111.84,1.0,-26.903528556349915,14.60847447272501,-26.903528556349915,14.60847447272501,5.219893991778441,-0.026935431723327574,-0.007026223383353111
2797.0,111.88,1.0,-26.822755209642132,14.756937825750972,-26.822755209642132,14.756937825750972,5.223612191219365,-0.024387136885190407,-0.010237419982317086
2798.0,111.92,1.0,-26.73889689190015,14.907193899028792,-26.73889689190015,14.907193899028792,5.2273378925537015,-0.02117088111612937,-0.012933268847796959
2799.0,111.96000000000001,1.0,-26.655072555706067,15.054598563386714,-26.655072555706067,15.054598563386714,5.231085855420911,-0.017381971133532792,-0.015058017148768482
2800.0,112.0,1.0,-26.569490897996296,15.202971079702081,-26.569490897996296,15.202971079702081,5.234869092343888,-0.013155438377334638,-0.01657580780210744
2801.0,112.04,1.0,-26.481816625455895,15.350580394476495,-26.481816625455895,15.350580394476495,5.238698278005829,-0.008632142271948617,-0.01747259713713097
2802.0,112.08,1.0,-26.393187686191617,15.499683013441162,-26.393187686191617,15.499683013441162,5.2425845581922825,-0.003964455063017525,-0.017755799790803675
2803.0,112.12,1.0,-26.305161362551537,15.646711732055943,-26.305161362551537,15.646711732055943,5.246537507863993,0.0007062476542815998,-0.01745294109376195
2804.0,112.16,1.0,-26.217967028283134,15.795161628421614,-26.217967028283134,15.795161628421614,5.2505667303429,0.005227738902451406,-0.01661018862253905
2805.0,112.2,1.0,-26.131187404011634,15.940677232462189,-26.131187404011634,15.940677232462189,5.254679651899072,0.009458907027035956,-0.015290943203035201
2806.0,112.24000000000001,1.0,-26.043370614182635,16.0878918959659,-26.043370614182635,16.0878918959659,5.258880232857752,0.013278312023669803,-0.013573739973799986
2807.0,112.28,1.0,-25.956925356455276,16.232608490663836,-25.956925356455276,16.232608490663836,5.2631689072129895,0.016604360151985808,-0.011548298226730685
2808.0,112.32000000000001,1.0,-25.864151630822015,16.38000825071104,-25.864151630822015,16.38000825071104,5.267541253249297,0.019390667284934236,-0.009311972715242842
2809.0,112.36,1.0,-25.769602993303486,16.52705159006879,-25.769602993303486,16.52705159006879,5.271990907173565,0.021622476137051816,-0.00696619382290131
2810.0,112.4,1.0,-25.675092376624,16.669031874534003,-25.675092376624,16.669031874534003,5.276508956179599,0.023315410981971298,-0.004613083720641411
2811.0,112.44,1.0,-25.582963166303443,16.809775034337573,-25.582963166303443,16.809775034337573,5.281087278000174,0.024526960048646917,-0.0023515466609068626
2812.0,112.48,1.0,-25.491373059952625,16.94849726665519,-25.491373059952625,16.94849726665519,5.285718851114834,0.025344506507535926,-0.0002728717564125585
2813.0,112.52,1.0,-25.40091838566117,17.08742980508602,-25.40091838566117,17.08742980508602,5.290396763770226,0.025877021357836316,0.0015419137467562374
2814.0,112.56,1.0,-25.311658067300563,17.223214637828615,-25.311658067300563,17.223214637828615,5.29511473717172,0.026245743020893154,0.003024478170465805
2815.0,112.60000000000001,1.0,-25.218687502240464,17.362225309010284,-25.218687502240464,17.362225309010284,5.299863707236849,0.02659583230395255,0.00412123110368757
2816.0,112.64,1.0,-25.12496089844187,17.500053480676247,-25.12496089844187,17.500053480676247,5.304634567620452,0.027078810252236574,0.004795992809745349
2817.0,112.68,1.0,-25.029161325498517,17.640980756707854,-25.029161325498517,17.640980756707854,5.309417151094019,0.02783995504859229,0.005031037620802605
2818.0,112.72,1.0,-24.93469896095587,17.780769925764183,-24.93469896095587,17.780769925764183,5.314202555647933,0.028992657221875207,0.0048266236709491
2819.0,112.76,1.0,-24.838258953465832,17.920292812515754,-24.838258953465832,17.920292812515754,5.318984186683051,0.030618412982188325,0.004200363323729914
2820.0,112.8,1.0,-24.742120075921033,18.059751478343276,-24.742120075921033,18.059751478343276,5.323756981081089,0.03277673922311679,0.0031858734124644975
2821.0,112.84,1.0,-24.646349447386367,18.19876309066415,-24.646349447386367,18.19876309066415,5.328518479223153,0.035499893974615795,0.0018318721183381622
2822.0,112.88,1.0,-24.55033917976027,18.33746655443546,-24.55033917976027,18.33746655443546,5.333266195524444,0.03877658066438603,0.00019965542986789055
2823.0,112.92,1.0,-24.453500820745905,18.476676274995466,-24.453500820745905,18.476676274995466,5.337997923158546,0.04253939347706528,-0.0016398426271428568
2824.0,112.96000000000001,1.0,-24.35665269615616,18.614656072066843,-24.35665269615616,18.614656072066843,5.342710804684803,0.046695323574046155,-0.00360898248664352
2825.0,113.0,1.0,-24.261124871313868,18.751947308309873,-24.261124871313868,18.751947308309873,5.347402630895179,0.05111648658306136,-0.005626324036111607
2826.0,113.04,1.0,-24.16031672406254,18.888896394713587,-24.16031672406254,18.888896394713587,5.352073709678136,0.05564352877739929,-0.007610094989022378
2827.0,113.08,1.0,-24.05811272496269,19.026526560192792,-24.05811272496269,19.026526560192792,5.35672692475635,0.06008607409432214,-0.00948256746826506
2828.0,113.12,1.0,-23.959183756511532,19.159856212260983,-23.959183756511532,19.159856212260983,5.361369182308831,0.06424190989982873,-0.011172658215022748
2829.0,113.16,1.0,-23.8598324279694,19.293234485131077,-23.8598324279694,19.293234485131077,5.366009872595104,0.06790961722423586,-0.0126182993970087
2830.0,113.2,1.0,-23.758347912925906,19.428570842665714,-23.758347912925906,19.428570842665714,5.370660186464084,0.07089809141184504,-0.013768614543173695
2831.0,113.24000000000001,1.0,-23.654907420554164,19.563347261125113,-23.654907420554164,19.563347261125113,5.375331726646201,0.0730217646403678,-0.014586134325422741
2832.0,113.28,1.0,-23.551579445096202,19.696081684428407,-23.551579445096202,19.696081684428407,5.380035247162532,0.0741011120845441,-0.015048757313868219
2833.0,113.32000000000001,1.0,-23.446076348296707,19.828262587630107,-23.446076348296707,19.828262587630107,5.3847811098270375,0.07399181117531799,-0.015150278026753844
2834.0,113.36,1.0,-23.34098106614882,19.957604637235317,-23.34098106614882,19.957604637235317,5.389579995415757,0.07260639985200772,-0.014900394920576395
2835.0,113.4,1.0,-23.23668381282542,20.085324317242602,-23.23668381282542,20.085324317242602,5.394442774954257,0.06988624626276023,-0.014323819182363567
2836.0,113.44,1.0,-23.134416538834063,20.211850047332334,-23.134416538834063,20.211850047332334,5.399379676895411,0.0658152238442907,-0.013459732511231826
2837.0,113.48,1.0,-23.033654641223563,20.335187377558363,-23.033654641223563,20.335187377558363,5.404400987211581,0.0604207376644732,-0.012359747258373539
2838.0,113.52,1.0,-22.932771305927773,20.45774536991824,-22.932771305927773,20.45774536991824,5.409514863116485,0.05378972810194751,-0.011085214431181184
2839.0,113.56,1.0,-22.829297698078232,20.580068920496945,-22.829297698078232,20.580068920496945,5.4147264070109715,0.046045898332070775,-0.009704982575463723
2840.0,113.60000000000001,1.0,-22.725211991160705,20.70109672455145,-22.725211991160705,20.70109672455145,5.420037720675862,0.037356686407609675,-0.008292479304533801
2841.0,113.64,1.0,-22.618891623687,20.821388166567367,-22.618891623687,20.821388166567367,5.425448180471137,0.027905189687197397,-0.006922654256977615
2842.0,113.68,1.0,-22.51375154037664,20.93887501249772,-22.51375154037664,20.93887501249772,5.430954324626931,0.017899713388047876,-0.00566820170436583
2843.0,113.72,1.0,-22.407139407337016,21.055941173348856,-22.407139407337016,21.055941173348856,5.436551099056517,0.007579402817353098,-0.00459670057023479
2844.0,113.76,1.0,-22.30062712488154,21.172899289817522,-22.30062712488154,21.172899289817522,5.442233023622139,-0.0028060692702010616,-0.003767895896158489
2845.0,113.8,1.0,-22.19132522266876,21.2925450190536,-22.19132522266876,21.2925450190536,5.447992429498542,-0.01302140628859123,-0.0032317055557572736
2846.0,113.84,1.0,-22.08177834869548,21.41142373074494,-22.08177834869548,21.41142373074494,5.4538222894080075,-0.022832784753415748,-0.0030261559915137457
2847.0,113.88,1.0,-21.97325649134508,21.530744774378302,-21.97325649134508,21.530744774378302,5.459715203668836,-0.032009543158939044,-0.003174769319965732
2848.0,113.92,1.0,-21.86399058297426,21.651176032841867,-21.86399058297426,21.651176032841867,5.465662865838569,-0.04033548027901923,-0.0036859352298703905
2849.0,113.96000000000001,1.0,-21.75382525527248,21.772010118457228,-21.75382525527248,21.772010118457228,5.471656897014969,-0.0476210209227641,-0.004552490271328253
2850.0,114.0,1.0,-21.64148214533541,21.892932735111707,-21.64148214533541,21.892932735111707,5.4776898130034875,-0.0536934108510982,-0.00575206429534388
2851.0,114.04,1.0,-21.53136510107576,22.01046003900386,-21.53136510107576,22.01046003900386,5.48375537159624,-0.05841514673654162,-0.007247727028971371
2852.0,114.08,1.0,-21.418277343031168,22.129204396859368,-21.418277343031168,22.129204396859368,5.489848083287162,-0.061653012593744116,-0.008989560537221764
2853.0,114.12,1.0,-21.307672075828165,22.24559010684645,-21.307672075828165,22.24559010684645,5.4959661172234116,-0.06329889535385938,-0.010916668546684183
2854.0,114.16,1.0,-21.192822029051552,22.362192312930823,-21.192822029051552,22.362192312930823,5.502108418042499,-0.06328377167756546,-0.012958857734221618
2855.0,114.2,1.0,-21.0780379342517,22.480214260818986,-21.0780379342517,22.480214260818986,5.508276169828669,-0.061576778080608706,-0.01503958776822802
2856.0,114.24000000000001,1.0,-20.961891249184568,22.597509504939396,-20.961891249184568,22.597509504939396,5.514472238780353,-0.05815698150137087,-0.017077703114820757
2857.0,114.28,1.0,-20.840876983214578,22.714481487625957,-20.840876983214578,22.714481487625957,5.520698364071025,-0.05302303986308545,-0.018990503322178897
2858.0,114.32000000000001,1.0,-20.718932685020228,22.83072404860422,-20.718932685020228,22.83072404860422,5.526956844753567,-0.04620816348847723,-0.020697223081897954
2859.0,114.36,1.0,-20.596107464270567,22.94732961675943,-20.596107464270567,22.94732961675943,5.533248036573329,-0.03777648762338348,-0.02212126458605159
2860.0,114.4,1.0,-20.47666512852887,23.062276628420708,-20.47666512852887,23.062276628420708,5.539571643774382,-0.02782287079930046,-0.023192312509052283
2861.0,114.44,1.0,-20.35181050327149,23.176509478208907,-20.35181050327149,23.176509478208907,5.545924051178118,-0.016471035416276036,-0.023848429235144002
2862.0,114.48,1.0,-20.2268575173104,23.29186970214223,-20.2268575173104,23.29186970214223,5.55230026747739,-0.0038618416487988918,-0.024038865606769103
2863.0,114.52,1.0,-20.09976567374654,23.407699998174177,-20.09976567374654,23.407699998174177,5.558694372606498,0.009821002997281092,-0.023724774820437597
2864.0,114.56,1.0,-19.972458067663226,23.517200020861672,-19.972458067663226,23.517200020861672,5.565096252927755,0.02435897603380216,-0.02288044644058675
2865.0,114.60000000000001,1.0,-19.844175435353,23.630670117778333,-19.844175435353,23.630670117778333,5.571497129808127,0.03951863815365116,-0.02149358746306605
2866.0,114.64,1.0,-19.719241867710416,23.738267163638245,-19.719241867710416,23.738267163638245,5.577883603253005,0.05505927482595557,-0.019565046578414326
2867.0,114.68,1.0,-19.59027686077448,23.84770904222959,-19.59027686077448,23.84770904222959,5.584241834937003,0.07070078678093425,-0.017109444038802792
2868.0,114.72,1.0,-19.459503645229198,23.95527702429608,-19.459503645229198,23.95527702429608,5.590556717466856,0.08613539943297674,-0.014154711382315142
2869.0,114.76,1.0,-19.327583072477058,24.062359233294114,-19.327583072477058,24.062359233294114,5.5968119687553415,0.10104757308785006,-0.010741229143749795
2870.0,114.8,1.0,-19.196135422616997,24.16516839957184,-19.196135422616997,24.16516839957184,5.602992433457624,0.11512050148413225,-0.00692071931451502
2871.0,114.84,1.0,-19.061231822492903,24.26995431848639,-19.061231822492903,24.26995431848639,5.6090834630654545,0.12804377160095953,-0.002756174041321375
2872.0,114.88,1.0,-18.927121686867583,24.37374642022954,-18.927121686867583,24.37374642022954,5.615075769355306,0.13950739739769044,0.0016800711234260155
2873.0,114.92,1.0,-18.791945789753296,24.47463528319047,-18.791945789753296,24.47463528319047,5.6209607160499555,0.1492147725121245,0.006309006732460554
2874.0,114.96000000000001,1.0,-18.658745701232743,24.57749982945935,-18.658745701232743,24.57749982945935,5.626732458519878,0.15691009259597727,0.011045555494996334
2875.0,115.0,1.0,-18.52746866195435,24.672859461893125,-18.52746866195435,24.672859461893125,5.632388674633748,0.16239202419795862,0.01580052798315481
2876.0,115.04,1.0,-18.392529338413404,24.771600141176698,-18.392529338413404,24.771600141176698,5.637925578322545,0.16550125326237897,0.020481191882071457
2877.0,115.08,1.0,-18.263414805923397,24.864669857545397,-18.263414805923397,24.864669857545397,5.643343312313331,0.1661142767907592,0.024993664999469003
2878.0,115.12,1.0,-18.133768771333926,24.956777523579497,-18.133768771333926,24.956777523579497,5.648641443597928,0.16418208404534979,0.029244751610256144
2879.0,115.16,1.0,-18.0069401025472,25.04428417724671,-18.0069401025472,25.04428417724671,5.653823177130812,0.1597300748558663,0.03314408505594903
2880.0,115.2,1.0,-17.876564472985567,25.13130738702834,-17.876564472985567,25.13130738702834,5.658893277062611,0.1528425216294227,0.036605280257127934
2881.0,115.24000000000001,1.0,-17.75143437411585,25.217513140935125,-17.75143437411585,25.217513140935125,5.6638605258175625,0.14366380495123032,0.039547600100923855
2882.0,115.28,1.0,-17.62513687831491,25.302619686659483,-17.62513687831491,25.302619686659483,5.668736053664576,0.13239697744561166,0.041899292823999054
2883.0,115.32000000000001,1.0,-17.49982041870151,25.387104056310246,-17.49982041870151,25.387104056310246,5.673529054839618,0.11931718081685508,0.043598667418238216
2884.0,115.36,1.0,-17.373520279733196,25.475787195450494,-17.373520279733196,25.475787195450494,5.678250855393053,0.10475767083441787,0.044595251240051426
2885.0,115.4,1.0,-17.24668758839634,25.558253593223334,-17.24668758839634,25.558253593223334,5.6829094877781205,0.08908356872842901,0.044851918716622384
2886.0,115.44,1.0,-17.12139873547199,25.643447248544,-17.12139873547199,25.643447248544,5.687512491542119,0.07267728516849928,0.044346376544546304
2887.0,115.48,1.0,-16.996834359621968,25.725258676821017,-16.996834359621968,25.725258676821017,5.692067412640276,0.0559445528681025,0.043072849665284116
2888.0,115.52,1.0,-16.873291361071495,25.8046715968952,-16.873291361071495,25.8046715968952,5.696581506943583,0.03931247828715197,0.04104175040554123
2889.0,115.56,1.0,-16.74917417903394,25.8851854547929,-16.74917417903394,25.8851854547929,5.701063628782299,0.023191905353857213,0.03828047506694326
2890.0,115.60000000000001,1.0,-16.626927482256846,25.966499641730888,-16.626927482256846,25.966499641730888,5.705521910451599,0.007962700263135725,0.03483301227028031
2891.0,115.64,1.0,-16.5015196292229,26.049856816977673,-16.5015196292229,26.049856816977673,5.70996492130314,-0.006020418974185371,0.030761525689341363
2892.0,115.68,1.0,-16.375568168644374,26.13255824636669,-16.375568168644374,26.13255824636669,5.714396921048255,-0.018429944628376393,0.026144570169143466
2893.0,115.72,1.0,-16.246694796205126,26.217893931209268,-16.246694796205126,26.217893931209268,5.71882063308694,-0.028991637097674307,0.021074747277836363
2894.0,115.76,1.0,-16.117909036752494,26.301002748722368,-16.117909036752494,26.301002748722368,5.723238149388228,-0.037498113462126746,0.01565709082451385
2895.0,115.8,1.0,-15.987482726937625,26.385304641125526,-15.987482726937625,26.385304641125526,5.727649792243872,-0.04381724134524293,0.010007281594951883
2896.0,115.84,1.0,-15.860619664607038,26.464786106619947,-15.860619664607038,26.464786106619947,5.732059866073348,-0.04787467143158758,0.004248505637485566
2897.0,115.88,1.0,-15.730139632790488,26.548120225582373,-15.730139632790488,26.548120225582373,5.736473263626257,-0.04964977203193246,-0.0014927261107507278
2898.0,115.92,1.0,-15.599629336338774,26.631830015353096,-15.599629336338774,26.631830015353096,5.740897887333519,-0.04919078648137796,-0.007089706763303301
2899.0,115.96000000000001,1.0,-15.46733509601836,26.71739177607143,-15.46733509601836,26.71739177607143,5.745342613757567,-0.04662196023206576,-0.012418649629239328
2900.0,116.0,1.0,-15.334037181466774,26.80498109726373,-15.334037181466774,26.80498109726373,5.7498171468523624,-0.042113344279799535,-0.01736231469412853
2901.0,116.04,1.0,-15.20075104945362,26.888810911187313,-15.20075104945362,26.888810911187313,5.754330700185026,-0.0358724198834718,-0.0218133199213305
2902.0,116.08,1.0,-15.062665996847198,26.973124151744777,-15.062665996847198,26.973124151744777,5.758892746096646,-0.028138595189680527,-0.02567930824558128
2903.0,116.12,1.0,-14.924978053837474,27.05406250869118,-14.924978053837474,27.05406250869118,5.763515106111686,-0.01920153615701974,-0.02888444867854436
2904.0,116.16,1.0,-14.787548998214026,27.133561645443415,-14.787548998214026,27.133561645443415,5.768209978987537,-0.009365118406772344,-0.03137148835044019
2905.0,116.2,1.0,-14.649805491254103,27.212053499445084,-14.649805491254103,27.212053499445084,5.772990734584515,0.001060192736260146,-0.03310364970670481
2906.0,116.24000000000001,1.0,-14.511606201249569,27.289228153266556,-14.511606201249569,27.289228153266556,5.7778715613073475,0.011768679019583705,-0.034067312140942
2907.0,116.28,1.0,-14.370239619244419,27.367163434206862,-14.370239619244419,27.367163434206862,5.782863860655452,0.022443293223197602,-0.03427139590058797
2908.0,116.32000000000001,1.0,-14.22998548275277,27.444982084662275,-14.22998548275277,27.444982084662275,5.787977049442202,0.032765956772513774,-0.033745818503153294
2909.0,116.36,1.0,-14.089173076262758,27.520442089633764,-14.089173076262758,27.520442089633764,5.793216704509737,0.04243488694882379,-0.03254060871673296
2910.0,116.4,1.0,-13.945931198521867,27.595087741027548,-13.945931198521867,27.595087741027548,5.798584855852239,0.05120288796108026,-0.03072453837613679
2911.0,116.44,1.0,-13.806674139473106,27.666129880804682,-13.806674139473106,27.666129880804682,5.804080568081838,0.05884471250445593,-0.028382962834804966
2912.0,116.48,1.0,-13.667776365789454,27.736166619698224,-13.667776365789454,27.736166619698224,5.809699759705616,0.06516241034309438,-0.025614181587120012
2913.0,116.52,1.0,-13.529915841275045,27.805219833209247,-13.529915841275045,27.805219833209247,5.815435598360268,0.06998130448708371,-0.022525286211398352
2914.0,116.56,1.0,-13.394135946022573,27.87257385659499,-13.394135946022573,27.87257385659499,5.821278696136748,0.07318772127326227,-0.019229136296416406
2915.0,116.60000000000001,1.0,-13.253896784248633,27.941040194962703,-13.253896784248633,27.941040194962703,5.827218205482913,0.0747145922764959,-0.015841088316661308
2916.0,116.64,1.0,-13.115759612183293,28.008247529725985,-13.115759612183293,28.008247529725985,5.833241209991348,0.07453307461983989,-0.012474685201440808
2917.0,116.68,1.0,-12.974895730431083,28.073427895760563,-12.974895730431083,28.073427895760563,5.839332799027526,0.07265064455924289,-0.009236230214448004
2918.0,116.72,1.0,-12.83787132584467,28.13556081825236,-12.83787132584467,28.13556081825236,5.845478047290322,0.0691361716951318,-0.006222921295955398
2919.0,116.76,1.0,-12.6994498199731,28.196571199330798,-12.6994498199731,28.196571199330798,5.851661968864194,0.06411193004978352,-0.0035205017604253014
2920.0,116.8,1.0,-12.560174561429193,28.255592648644598,-12.560174561429193,28.255592648644598,5.8578715044800305,0.057745073155372806,-0.001200579105394807
2921.0,116.84,1.0,-12.420550457465144,28.318445959444563,-12.420550457465144,28.318445959444563,5.8640954045047735,0.05020779557041678,0.0006828344869795007
2922.0,116.88,1.0,-12.284015979224028,28.37914902340099,-12.284015979224028,28.37914902340099,5.8703236817704205,0.04170963493042283,0.002094035794183957
2923.0,116.92,1.0,-12.145133116146612,28.442572125050845,-12.145133116146612,28.442572125050845,5.876550256734698,0.03250036293947611,0.0030150147695546343
2924.0,116.96000000000001,1.0,-12.005637752179812,28.504650303995504,-12.005637752179812,28.504650303995504,5.882770178281389,0.02286836331455947,0.0034447953934542514
2925.0,117.0,1.0,-11.863855612539513,28.56706423416829,-11.863855612539513,28.56706423416829,5.88898094193392,0.013093983587384117,0.0033992631287852607
2926.0,117.04,1.0,-11.727534799615434,28.623192125242053,-11.727534799615434,28.623192125242053,5.895179895099611,0.003455022894056581,0.0029108519728606357
2927.0,117.08,1.0,-11.593528137316584,28.676942007980138,-11.593528137316584,28.676942007980138,5.90136672072035,-0.005766351051867413,0.0020257557374112303
2928.0,117.12,1.0,-11.461871792281077,28.7288152470146,-11.461871792281077,28.7288152470146,5.907542737388438,-0.014282369522482963,0.0008010447237683276
2929.0,117.16,1.0,-11.324281120289982,28.785441640639817,-11.324281120289982,28.785441640639817,5.913710851678326,-0.021831088072427195,-0.0006967078868772073
2930.0,117.2,1.0,-11.189258279473327,28.84160093710013,-11.189258279473327,28.84160093710013,5.919876762985768,-0.028201860743889785,-0.0023931805574938297
2931.0,117.24000000000001,1.0,-11.048347194635486,28.892884927351865,-11.048347194635486,28.892884927351865,5.926044890678937,-0.033220858319309675,-0.004209971988517315
2932.0,117.28,1.0,-10.908391568761374,28.94456792197977,-10.908391568761374,28.94456792197977,5.932221106146416,-0.03674784078711539,-0.006069294341444796
2933.0,117.32000000000001,1.0,-10.766986090269823,28.993765881805764,-10.766986090269823,28.993765881805764,5.938409603424856,-0.03868397513885726,-0.007894783984317845
2934.0,117.36,1.0,-10.620954339455484,29.047964464997545,-10.620954339455484,29.047964464997545,5.94461280337036,-0.039007235070601755,-0.00961280424052693
2935.0,117.4,1.0,-10.476188598309246,29.099943649962835,-10.476188598309246,29.099943649962835,5.950832437778254,-0.03777019673892109,-0.01115362966861426
2936.0,117.44,1.0,-10.326785271844983,29.153893424527688,-10.326785271844983,29.153893424527688,5.957068088602835,-0.035067535037587715,-0.012454740066093404
2937.0,117.48,1.0,-10.179498340163772,29.205719884829875,-10.179498340163772,29.205719884829875,5.963320949464954,-0.03104183088727728,-0.013462277362647723
2938.0,117.52,1.0,-10.028272211123667,29.25754228809688,-10.028272211123667,29.25754228809688,5.96958970548408,-0.025893569669132244,-0.014130988534679109
2939.0,117.56,1.0,-9.878803530815853,29.30843801189589,-9.878803530815853,29.30843801189589,5.9758730258583785,-0.019887144906569686,-0.014424341142606803
2940.0,117.60000000000001,1.0,-9.729496467271229,29.357131750601013,-9.729496467271229,29.357131750601013,5.982164742539164,-0.013328013559106866,-0.014315509416667288
2941.0,117.64,1.0,-9.580566314048946,29.401425444827577,-9.580566314048946,29.401425444827577,5.988453431121402,-0.006522025342973725,-0.013788876978367426
2942.0,117.68,1.0,-9.43149366513327,29.445196309355794,-9.43149366513327,29.445196309355794,5.994726767845007,0.00020446083958378659,-0.012837995316698625
2943.0,117.72,1.0,-9.281882148536047,29.48500911296336,-9.281882148536047,29.48500911296336,6.0009684959332095,0.006519914716605446,-0.011464116748629084
2944.0,117.76,1.0,-9.132711944101766,29.525719668275762,-9.132711944101766,29.525719668275762,6.007165506270711,0.012076652908146935,-0.009677070493587174
2945.0,117.8,1.0,-8.986420734213365,29.563533685139525,-8.986420734213365,29.563533685139525,6.013303249286395,0.016578390467540217,-0.007495782906378675
2946.0,117.84,1.0,-8.834448065914906,29.607550244322102,-8.834448065914906,29.607550244322102,6.019369904147577,0.0197713576447488,-0.004947609146539704
2947.0,117.88,1.0,-8.682875859223262,29.646789101613187,-8.682875859223262,29.646789101613187,6.0253533031273925,0.02144810856966598,-0.002065598134941102
2948.0,117.92,1.0,-8.52890142047582,29.68764584115953,-8.52890142047582,29.68764584115953,6.031240340833762,0.021427610779518748,0.001110903948179832
2949.0,117.96000000000001,1.0,-8.38249612194417,29.72142359641302,-8.38249612194417,29.72142359641302,6.037018328216938,0.019595784896725022,0.004536522713040879
2950.0,118.0,1.0,-8.234224479695023,29.75448635421414,-8.234224479695023,29.75448635421414,6.042672035838388,0.01591334733856926,0.008159205997210097
2951.0,118.04,1.0,-8.090404332248397,29.791338093710742,-8.090404332248397,29.791338093710742,6.048192140374984,0.010421544340895362,0.011921941751300624
2952.0,118.08,1.0,-7.9395464914444585,29.825263175117716,-7.9395464914444585,29.825263175117716,6.053573908574933,0.0032178659014059584,0.015764245047891146
2953.0,118.12,1.0,-7.791494659334573,29.859872074649807,-7.791494659334573,29.859872074649807,6.0588169283781665,-0.005538507145588479,0.019621248908120285
2954.0,118.16,1.0,-7.644400003377288,29.888837002896615,-7.644400003377288,29.888837002896615,6.0639252762844364,-0.01563046157634773,0.023424123177834315
2955.0,118.2,1.0,-7.49923649953034,29.918636095230994,-7.49923649953034,29.918636095230994,6.068901300208546,-0.026768859558786696,0.0271016938185851
2956.0,118.24000000000001,1.0,-7.356088759281036,29.945299697773645,-7.356088759281036,29.945299697773645,6.0737515515045235,-0.038655890710375604,0.030582911792440458
2957.0,118.28,1.0,-7.212085265622454,29.973356260456903,-7.212085265622454,29.973356260456903,6.078477902456967,-0.0509716018250137,0.03379693412035015
2958.0,118.32000000000001,1.0,-7.066994907854602,29.99952204638056,-7.066994907854602,29.99952204638056,6.08308677495189,-0.06339011460890098,0.03667299350028073
2959.0,118.36,1.0,-6.9189148554661575,30.023425353605518,-6.9189148554661575,30.023425353605518,6.087580521699604,-0.07554347572823893,0.03914334073949998
2960.0,118.4,1.0,-6.76997848221864,30.04603682291617,-6.76997848221864,30.04603682291617,6.091967661233037,-0.08708697169799703,0.04114385985925631
2961.0,118.44,1.0,-6.619822559374735,30.070915741653305,-6.619822559374735,30.070915741653305,6.096254341735984,-0.09770494875701077,0.04261782142211383
2962.0,118.48,1.0,-6.469277539057828,30.09518964311144,-6.469277539057828,30.09518964311144,6.100451084034673,-0.10713269065562336,0.043514577786210124
2963.0,118.52,1.0,-6.320506916344179,30.121362773300284,-6.320506916344179,30.121362773300284,6.1045550464293035,-0.11513819107182041,0.04379393811547491
2964.0,118.56,1.0,-6.167134313266802,30.14700391842493,-6.167134313266802,30.14700391842493,6.108572678757964,-0.12152566080004346,0.04342460350329018
2965.0,118.60000000000001,1.0,-6.013084578211051,30.173008029579325,-6.013084578211051,30.173008029579325,6.1124822768331475,-0.12614190166370917,0.042390737800471465
2966.0,118.64,1.0,-5.857588775716343,30.197382641543687,-5.857588775716343,30.197382641543687,6.116288453474949,-0.12890858958147627,0.040685327114939315
2967.0,118.68,1.0,-5.703806506061751,30.22354288523014,-5.703806506061751,30.22354288523014,6.119939860840065,-0.12978976459313088,0.03831912603008152
2968.0,118.72,1.0,-5.547623524017143,30.249455534459752,-5.547623524017143,30.249455534459752,6.123443789424579,-0.12879007646645074,0.03530866701905809
2969.0,118.76,1.0,-5.391146821292643,30.27427446311018,-5.391146821292643,30.27427446311018,6.126694804909959,-0.12596129823183863,0.03169499035389512
2970.0,118.8,1.0,-5.225635595703664,30.302098675788955,-5.225635595703664,30.302098675788955,6.1297036863656045,-0.12142443035762321,0.02751493723926333
2971.0,118.84,1.0,-5.063492489757676,30.326414267856013,-5.063492489757676,30.326414267856013,6.132255556067632,-0.11532324727727658,0.022837882151454526
2972.0,118.88,1.0,-4.9034524671337305,30.35336101662737,-4.9034524671337305,30.35336101662737,6.134361341674408,-0.10782008537156433,0.017707609508971742
2973.0,118.92,1.0,-4.742366389784772,30.375813188495204,-4.742366389784772,30.375813188495204,6.135582784155241,-0.09908911020195711,0.012216578771761681
2974.0,118.96000000000001,1.0,-4.580086597136166,30.398276168109607,-4.580086597136166,30.398276168109607,6.135936286767928,-0.08933332839653821,0.006389121997450668
2975.0,119.0,1.0,-4.417041288918834,30.418884242113073,-4.417041288918834,30.418884242113073,6.134538013503004,-0.07877005624541779,0.0003305909655975575
2976.0,119.04,1.0,-4.250878797006432,30.4403409103186,-4.250878797006432,30.4403409103186,6.1314217481205,-0.06761986178168373,-0.006004213080451086
2977.0,119.08,1.0,-4.081604005883917,30.46088973685559,-4.081604005883917,30.46088973685559,6.124813342728126,-0.05607567783970422,-0.01251061574222329
2978.0,119.12,1.0,-3.9116602891500625,30.481886665937616,-3.9116602891500625,30.481886665937616,6.114775301262188,-0.04431184564141026,-0.01909096825191282
2979.0,119.16,1.0,-3.744591229231556,30.5026770909157,-3.744591229231556,30.5026770909157,6.097749101652798,-0.03250599443837617,-0.025644754840780944
2980.0,119.2,1.0,-3.576617741582556,30.525376761280494,-3.576617741582556,30.525376761280494,6.073853950285343,-0.020810798817021914,-0.0320882198575936
2981.0,119.24000000000001,1.0,-3.408278591835429,30.547736173365386,-3.408278591835429,30.547736173365386,6.035964335833542,-0.009339856793869849,-0.03833013479862269
2982.0,119.28,1.0,-3.2412761784522095,30.570383499579616,-3.2412761784522095,30.570383499579616,5.984309478583005,0.001811112494571443,-0.04430873529133651
2983.0,119.32000000000001,1.0,-3.0706107797861364,30.59296044975853,-3.0706107797861364,30.59296044975853,5.918910348087929,0.01255755345692946,-0.04994042184136985
2984.0,119.36,1.0,-2.9044661019195908,30.613593469825798,-2.9044661019195908,30.613593469825798,5.840218225752734,0.022833204925302265,-0.055191293959448565
2985.0,119.4,1.0,-2.739029342971943,30.632927505974134,-2.739029342971943,30.632927505974134,5.748270020030502,0.03259620049149135,-0.05997006260708647
2986.0,119.44,1.0,-2.574056578120667,30.650744885200986,-2.574056578120667,30.650744885200986,5.643965219467323,0.04182684999760468,-0.06427071657438035
2987.0,119.48,1.0,-2.4093373990332276,30.667095134441023,-2.4093373990332276,30.667095134441023,5.527367254007176,0.05051284187549595,-0.06795612475586786
2988.0,119.52,1.0,-2.2464914494641777,30.679820186988746,-2.2464914494641777,30.679820186988746,5.400266380550624,0.05864706875060281,-0.07104234387856373
2989.0,119.56,1.0,-2.083337448236354,30.692177169211572,-2.083337448236354,30.692177169211572,5.262780514541353,0.06622717994926247,-0.07356679097106067
2990.0,119.60000000000001,1.0,-1.9242803299349185,30.700244220931474,-1.9242803299349185,30.700244220931474,5.118481637781665,0.07327699043407544,-0.07556401486749258
2991.0,119.64,1.0,-1.7618149195615493,30.71048383511656,-1.7618149195615493,30.71048383511656,4.9675933669756045,0.07980908643518479,-0.07694243069256754
2992.0,119.68,1.0,-1.6015000997887916,30.71746969598068,-1.6015000997887916,30.71746969598068,4.817248350477435,0.08581983875560356,-0.07773209780764602
2993.0,119.72,1.0,-1.4404560714180188,30.726182189291723,-1.4404560714180188,30.726182189291723,4.667890412125151,0.0912981699540944,-0.07792031365089949
2994.0,119.76,1.0,-1.2808178357968005,30.733079290332615,-1.2808178357968005,30.733079290332615,4.5195004656373285,0.09624260638326144,-0.07750556676000339
2995.0,119.8,1.0,-1.122228182689191,30.74088572933345,-1.122228182689191,30.74088572933345,4.372964850292063,0.10064341549642826,-0.076502504643354
2996.0,119.84,1.0,-0.964575285555016,30.747019776525786,-0.964575285555016,30.747019776525786,4.221101863022151,0.10448688562876618,-0.07483107234451516
2997.0,119.88,1.0,-0.8084483928932334,30.75162647470408,-0.8084483928932334,30.75162647470408,4.065684073388544,0.10774383746012192,-0.07249216780296154
2998.0,119.92,1.0,-0.653815998931368,30.757102346246313,-0.653815998931368,30.757102346246313,3.9030668273485096,0.11037917484043609,-0.0695401969244785
2999.0,119.96000000000001,1.0,-0.4988271097374394,30.763170841602868,-0.4988271097374394,30.763170841602868,3.736804394329218,0.11235574157735151,-0.06592800035941099
3000.0,120.0,1.0,-0.3460227342928336,30.768716454174232,-0.3460227342928336,30.768716454174232,3.564979037168507,0.1136328192868181,-0.06169209497488391
3001.0,120.04,1.0,-0.19613692924508003,30.771053490518305,-0.19613692924508003,30.771053490518305,3.3947093693544064,0.11415631036342103,-0.056686010368748374
3002.0,120.08,1.0,-0.046443280075510594,30.772427707845008,-0.046443280075510594,30.772427707845008,3.2248608747043597,0.11388961712724614,-0.05107630033547704
3003.0,120.12,1.0,0.09638163876337814,30.770771809596386,0.09638163876337814,30.770771809596386,3.055416540503566,0.11280491997412541,-0.04490385588793627
3004.0,120.16,1.0,0.2418878994394303,30.769023497911256,0.2418878994394303,30.769023497911256,2.8854679027893795,0.11088682801414662,-0.038252014698703346
3005.0,120.2,1.0,0.3892667883890706,30.766207281030468,0.3892667883890706,30.766207281030468,2.7150039985850993,0.10811348566351942,-0.031186182316750348
3006.0,120.24000000000001,1.0,0.5335344471765976,30.762101178150022,0.5335344471765976,30.762101178150022,2.5428981441112604,0.10449035714481378,-0.023751828801820273
3007.0,120.28,1.0,0.6823776474212389,30.75685584574872,0.6823776474212389,30.75685584574872,2.376287335785235,0.10004159011316871,-0.01608083331919455
3008.0,120.32000000000001,1.0,0.8323714488030998,30.751376511437496,0.8323714488030998,30.751376511437496,2.2132698088390637,0.09482214789298703,-0.008218270718250344
3009.0,120.36,1.0,0.9845601157073125,30.7450707464318,0.9845601157073125,30.7450707464318,2.057416916550445,0.08890757937166402,-0.0001449201400085316
3010.0,120.4,1.0,1.1307649311275696,30.73766961587401,1.1307649311275696,30.73766961587401,1.9051011245601124,0.08238662863171076,0.008062603902128455
3011.0,120.44,1.0,1.280902514284764,30.729908781968525,1.280902514284764,30.729908781968525,1.7581111911037595,0.07536373068711541,0.016272093955743156
3012.0,120.48,1.0,1.4276785317590173,30.720850048623753,1.4276785317590173,30.720850048623753,1.6092851428893755,0.06796778527695721,0.024313717875697215
3013.0,120.52,1.0,1.5775547348450332,30.712707472561835,1.5775547348450332,30.712707472561835,1.459518604528951,0.06034701366857674,0.03211484718777459
3014.0,120.56,1.0,1.7271246063862744,30.702948922419232,1.7271246063862744,30.702948922419232,1.3088058389037454,0.05267077559442349,0.03968262427451474
3015.0,120.60000000000001,1.0,1.8782990180340995,30.69277529739537,1.8782990180340995,30.69277529739537,1.1575960139432193,0.04512515810156564,0.04696283200614295
3016.0,120.64,1.0,2.028974688501389,30.68197040947474,2.028974688501389,30.68197040947474,1.0130294106651667,0.03791534441619351,0.05377306767895742
3017.0,120.68,1.0,2.173820466115301,30.672737390867088,2.173820466115301,30.672737390867088,0.8753297339361434,0.031239352192819626,0.060044707221522685
3018.0,120.72,1.0,2.319155046480126,30.66060226692763,2.319155046480126,30.66060226692763,0.7480647045567851,0.025291802973728572,0.06567820745725103
3019.0,120.76,1.0,2.4631049148145476,30.64635307579274,2.4631049148145476,30.64635307579274,0.6313433151551983,0.020247741993966884,0.07055827785782062
3020.0,120.8,1.0,2.6119710007240755,30.629432624649155,2.6119710007240755,30.629432624649155,0.526947448004391,0.01628126186322233,0.07462207481711466
3021.0,120.84,1.0,2.7601614756669957,30.613773345095513,2.7601614756669957,30.613773345095513,0.43493386605478257,0.013549814094895595,0.07765730367645933
3022.0,120.88,1.0,2.9128697176689684,30.59715852403018,2.9128697176689684,30.59715852403018,0.3561942093055667,0.012191909309587412,0.07976878965621753
3023.0,120.92,1.0,3.069171996420772,30.580944403966857,3.069171996420772,30.580944403966857,0.2907563108002384,0.01231103776230511,0.08092930479180102
3024.0,120.96000000000001,1.0,3.2259567925916057,30.564805792109514,3.2259567925916057,30.564805792109514,0.23906767115257424,0.013969450190903964,0.08118879163032264
3025.0,121.0,1.0,3.382087281335963,30.54700698428345,3.382087281335963,30.54700698428345,0.20113792675641834,0.017189853524228926,0.08052371197879504
3026.0,121.04,1.0,3.5427422588568165,30.5298542259119,3.5427422588568165,30.5298542259119,0.17718953335124027,0.021957863088754793,0.07896772893622413
3027.0,121.08,1.0,3.7003177236229634,30.512416023588212,3.7003177236229634,30.512416023588212,0.1600841440421954,0.02822105709337296,0.07668640616068619
3028.0,121.12,1.0,3.856125158421836,30.495566014864004,3.856125158421836,30.495566014864004,0.14993370528834568,0.03588833424502591,0.07372907146659875
3029.0,121.16,1.0,4.010938035335446,30.47945126530101,4.010938035335446,30.47945126530101,0.14317270472500987,0.04483078422683888,0.07017939605145296
3030.0,121.2,1.0,4.164678818900207,30.463039845593926,4.164678818900207,30.463039845593926,0.13986146438568256,0.05489276895626245,0.06613471906838593
3031.0,121.24000000000001,1.0,4.317445399223967,30.44631757732846,4.317445399223967,30.44631757732846,0.13822331615611883,0.06587662111916957,0.06164386201155088
3032.0,121.28,1.0,4.470172536288011,30.42887974836624,4.470172536288011,30.42887974836624,0.1382900859722419,0.07755979987574796,0.05690160410003172
3033.0,121.32000000000001,1.0,4.621200540925747,30.411141569869635,4.621200540925747,30.411141569869635,0.13917748073951303,0.08970159713995761,0.051942850143328154
3034.0,121.36,1.0,4.770147904417778,30.393643857418162,4.770147904417778,30.393643857418162,0.14090420487208632,0.10206117079115762,0.04678437060496623
3035.0,121.4,1.0,4.92101449693078,30.375665145974125,4.92101449693078,30.375665145974125,0.14303162042226858,0.11438963272071863,0.04145449595950452
3036.0,121.44,1.0,5.069005822481379,30.355367008699982,5.069005822481379,30.355367008699982,0.14557390253881464,0.12643981605534857,0.03615663619787506
3037.0,121.48,1.0,5.219188050128088,30.334446988261384,5.219188050128088,30.334446988261384,0.14831751583822425,0.1379587422668172,0.030918362729833955
3038.0,121.52,1.0,5.368488869216378,30.31164881353962,5.368488869216378,30.31164881353962,0.15127924629200357,0.1487068767667378,0.025854887606794368
3039.0,121.56,1.0,5.519219361030627,30.2904812908392,5.519219361030627,30.2904812908392,0.15435832000872846,0.15846949251158918,0.020994108330161437
3040.0,121.60000000000001,1.0,5.665534413519298,30.268618042676888,5.665534413519298,30.268618042676888,0.1575690691624597,0.1670562828124424,0.016408051439098605
3041.0,121.64,1.0,5.814941052301011,30.24641916369478,5.814941052301011,30.24641916369478,0.16086310660211173,0.17430276941734318,0.012124807506874726
3042.0,121.68,1.0,5.958744340129581,30.222918161108787,5.958744340129581,30.222918161108787,0.16424693785173725,0.18008411848943387,0.008193999262562032
3043.0,121.72,1.0,6.102064144233153,30.19884921180266,6.102064144233153,30.19884921180266,0.16769480438356893,0.18431448438710415,0.004643647445733963
3044.0,121.76,1.0,6.2418497048442605,30.173511878644973,6.2418497048442605,30.173511878644973,0.17120787751209338,0.18693988516118426,0.0015134460328238837
3045.0,121.8,1.0,6.380156413635416,30.150321091236684,6.380156413635416,30.150321091236684,0.17477250478662626,0.187928072851495,-0.0011680860379162806
3046.0,121.84,1.0,6.515617916714812,30.127078877837665,6.515617916714812,30.127078877837665,0.17838945475600373,0.1872817467502232,-0.0033674867129143736
3047.0,121.88,1.0,6.6507229133739685,30.104700373053987,6.6507229133739685,30.104700373053987,0.1820514281523648,0.18503557993306222,-0.005241589269701249
3048.0,121.92,1.0,6.784944783571165,30.08143495385449,6.784944783571165,30.08143495385449,0.18575719324613782,0.18126362538778715,-0.006764404330535395
3049.0,121.96000000000001,1.0,6.919487537421354,30.056324105743624,6.919487537421354,30.056324105743624,0.18949595256664514,0.17605908835533784,-0.008007421302652772
3050.0,122.0,1.0,7.053517408830264,30.032874593661784,7.053517408830264,30.032874593661784,0.19326371979631618,0.16953155649338153,-0.008953856816945858
3051.0,122.04,1.0,7.185254080387436,30.00658079436165,7.185254080387436,30.00658079436165,0.1970498897118205,0.16181394462857837,-0.009638301015986778
3052.0,122.08,1.0,7.318389230067238,29.982091134147066,7.318389230067238,29.982091134147066,0.2008503696070858,0.15306453368734455,-0.01005346686738531
3053.0,122.12,1.0,7.450284031628077,29.955158606907098,7.450284031628077,29.955158606907098,0.2046595192087406,0.14344363678282074,-0.010220122719494669
3054.0,122.16,1.0,7.58225449529416,29.928316849881263,7.58225449529416,29.928316849881263,0.20847723483386962,0.13311407974125142,-0.010141994856156997
3055.0,122.2,1.0,7.709976626561742,29.89967272614309,7.709976626561742,29.89967272614309,0.212304936003432,0.12225094295334697,-0.009841223308397524
3056.0,122.24000000000001,1.0,7.8370981240825985,29.872716126146987,7.8370981240825985,29.872716126146987,0.2161463636485601,0.11103771937587444,-0.009334706236395974
3057.0,122.28,1.0,7.965440680394721,29.843708629792207,7.965440680394721,29.843708629792207,0.22000566085310788,0.0996637913257811,-0.008650978704202074
3058.0,122.32000000000001,1.0,8.09196903697531,29.81500607293857,8.09196903697531,29.81500607293857,0.22388799711797702,0.0883112051350218,-0.007819207669440555
3059.0,122.36,1.0,8.217855799908452,29.78483975761809,8.217855799908452,29.78483975761809,0.22780005601717995,0.07715541797188032,-0.006877727501390198
3060.0,122.4,1.0,8.344252006918945,29.7541810103968,8.344252006918945,29.7541810103968,0.23175107620731347,0.06637147436810813,-0.005866772106800989
3061.0,122.44,1.0,8.468781706531198,29.723361635973806,8.468781706531198,29.723361635973806,0.23575094178129294,0.056132099189300975,-0.004831718568131844
3062.0,122.48,1.0,8.595587843350254,29.691511210239895,8.595587843350254,29.691511210239895,0.23981203311659782,0.04659090424353137,-0.003819459998576845
3063.0,122.52,1.0,8.721168198286746,29.65947235183985,8.721168198286746,29.65947235183985,0.24394552662198685,0.037873105324299695,-0.002879319797735383
3064.0,122.56,1.0,8.846381186255703,29.629291083250184,8.846381186255703,29.629291083250184,0.24816220121487648,0.030101002593096816,-0.0020596042843032927
3065.0,122.60000000000001,1.0,8.97167758302434,29.59839159445567,8.97167758302434,29.59839159445567,0.25246872432730844,0.02338668815568431,-0.0014052611640125526
3066.0,122.64,1.0,9.09785078653397,29.566357769043822,9.09785078653397,29.566357769043822,0.2568672071529876,0.017815754550482742,-0.0009553462438656689
3067.0,122.68,1.0,9.224066038952557,29.531194563575184,9.224066038952557,29.531194563575184,0.26135603191347084,0.013452507209906862,-0.0007416909368670232
3068.0,122.72,1.0,9.34975703404329,29.49615170847678,9.34975703404329,29.49615170847678,0.2659295356429446,0.010339567307688636,-0.0007873706358141553
3069.0,122.76,1.0,9.474123659613362,29.461946188915714,9.474123659613362,29.461946188915714,0.2705800921442324,0.008503030838162607,-0.0011035031600334553
3070.0,122.8,1.0,9.60042509633802,29.42489253284694,9.60042509633802,29.42489253284694,0.27529496180756824,0.007940339999163982,-0.0016874511796657475
3071.0,122.84,1.0,9.72533401283728,29.389584555968337,9.72533401283728,29.389584555968337,0.2800575891223286,0.008623152400050326,-0.0025227039682338163
3072.0,122.88,1.0,9.850431655903808,29.353177801728293,9.850431655903808,29.353177801728293,0.2848474065003982,0.010486362925412506,-0.0035790906071110824
3073.0,122.92,1.0,9.976604196973042,29.316257117548606,9.976604196973042,29.316257117548606,0.2896402889918381,0.013448334023853814,-0.004812313114270684
3074.0,122.96000000000001,1.0,10.10550987624815,29.278936333952053,10.10550987624815,29.278936333952053,0.29441181533541316,0.017406943361136008,-0.0061646620314724345
3075.0,123.0,1.0,10.232364112075665,29.241323268450618,10.232364112075665,29.241323268450618,0.299135925249786,0.02222471866499015,-0.007567052108185671
3076.0,123.04,1.0,10.362799514882983,29.203168429066796,10.362799514882983,29.203168429066796,0.30379060838703525,0.02773723453957062,-0.008942503363607236
3077.0,123.08,1.0,10.490661065639053,29.166099421557327,10.490661065639053,29.166099421557327,0.3083575207225476,0.033767861078864495,-0.010208699455167922
3078.0,123.12,1.0,10.6192699860389,29.128243554701278,10.6192699860389,29.128243554701278,0.3128246588798435,0.04013346879556582,-0.011281095602885082
3079.0,123.16,1.0,10.746123618450023,29.090588330689123,10.746123618450023,29.090588330689123,0.31718558761354865,0.04663173849204154,-0.012076147511355226
3080.0,123.2,1.0,10.870676228142722,29.05233473064373,10.870676228142722,29.05233473064373,0.32143762525518493,0.0530569086797151,-0.012517281935680372
3081.0,123.24000000000001,1.0,10.996334427862937,29.012061948832876,10.996334427862937,29.012061948832876,0.3255843107205218,0.05921360841229308,-0.012538942765481731
3082.0,123.28,1.0,11.118435993374186,28.97228313129791,11.118435993374186,28.97228313129791,0.32963416404628254,0.06491479529305746,-0.012089825226486814
3083.0,123.32000000000001,1.0,11.243286180961734,28.929076977833205,11.243286180961734,28.929076977833205,0.33360153568203266,0.07000053828721406,-0.011135032855965048
3084.0,123.36,1.0,11.36620486138033,28.88430085706915,11.36620486138033,28.88430085706915,0.3375045967199476,0.0743258611889429,-0.009660056415205906
3085.0,123.4,1.0,11.489438051241219,28.837440801746663,11.489438051241219,28.837440801746663,0.3413632504510671,0.07778033266226732,-0.007673251267349995
3086.0,123.44,1.0,11.610969831621677,28.791486324284296,11.610969831621677,28.791486324284296,0.34520044289685,0.08029172818452218,-0.005206424498690701
3087.0,123.48,1.0,11.731732468665303,28.74692335520673,11.731732468665303,28.74692335520673,0.34903713796457336,0.08182597911529502,-0.0023141342411408384
3088.0,123.52,1.0,11.8515784361753,28.70244711437715,11.8515784361753,28.70244711437715,0.3528931492362108,0.08237013735135626,0.0009272644549818302
3089.0,123.56,1.0,11.96955641948492,28.654984262856477,11.96955641948492,28.654984262856477,0.35678223768768186,0.08193644860868177,0.004421225780654946
3090.0,123.60000000000001,1.0,12.087416998693945,28.607378274084073,12.087416998693945,28.607378274084073,0.36071406676987244,0.0805842171728279,0.0080534876890035
3091.0,123.64,1.0,12.20377645825803,28.55748830812497,12.20377645825803,28.55748830812497,0.36469528922592853,0.07839851121878284,0.01169757362190089
3092.0,123.68,1.0,12.322028796532521,28.5092852821008,12.322028796532521,28.5092852821008,0.36872957662941547,0.07548461673002026,0.015219765085895023
3093.0,123.72,1.0,12.435654128584082,28.460863449864643,12.435654128584082,28.460863449864643,0.37281707911832074,0.07196541006402567,0.018484161091526754
3094.0,123.76,1.0,12.546854827840548,28.412870029198892,12.546854827840548,28.412870029198892,0.37695386177908524,0.06797857745998528,0.021357206713759718
3095.0,123.8,1.0,12.660641552013473,28.366315035811965,12.660641552013473,28.366315035811965,0.3811343965496811,0.0636708078153835,0.023714412117373594
3096.0,123.84,1.0,12.771775090676964,28.31957833550198,12.771775090676964,28.31957833550198,0.3853515955442578,0.05918205282821419,0.0254465148831642
3097.0,123.88000000000001,1.0,12.884342641524134,28.272939689294553,12.884342641524134,28.272939689294553,0.38959547073130835,0.05464230013011938,0.026463960562957627
3098.0,123.92,1.0,12.995806082385386,28.227731407581416,12.995806082385386,28.227731407581416,0.39385462426436224,0.05015903256243812,0.026700672602336783
3099.0,123.96000000000001,1.0,13.109536210039542,28.180415654941832,13.109536210039542,28.180415654941832,0.39811596569071733,0.045840764175979654,0.026117278500317677
3100.0,124.0,1.0,13.224847485677376,28.132903543130578,13.224847485677376,28.132903543130578,0.4023697264952918,0.04177208655190655,0.024703951995005725
3101.0,124.04,1.0,13.339735945423579,28.085275428984005,13.339735945423579,28.085275428984005,0.4066072161335394,0.03799643574424956,0.022482255680565475
3102.0,124.08,1.0,13.455794821872036,28.036057846220483,13.455794821872036,28.036057846220483,0.4108214296676804,0.0345272735212262,0.019504577946451242
3103.0,124.12,1.0,13.569974880528587,27.988872602182692,13.569974880528587,27.988872602182692,0.4150047808524536,0.03136110675974831,0.015851595467480488
3104.0,124.16,1.0,13.68476375503442,27.939534037087128,13.68476375503442,27.939534037087128,0.4191512727736956,0.028473317471255755,0.01162954240659141
3105.0,124.2,1.0,13.800330980752761,27.889883579968956,13.800330980752761,27.889883579968956,0.4232568474841913,0.025805518891213453,0.006967508088633728
3106.0,124.24000000000001,1.0,13.91540516280582,27.838034522406172,13.91540516280582,27.838034522406172,0.42731731265381806,0.02328003163181903,0.0020124714760329466
3107.0,124.28,1.0,14.028166291076374,27.787836165081206,14.028166291076374,27.787836165081206,0.4313308489420038,0.02080294019587896,-0.003076739474672481
3108.0,124.32000000000001,1.0,14.140520756501838,27.73623993895372,14.140520756501838,27.73623993895372,0.4352990093134923,0.018274610718705852,-0.008135455218054028
3109.0,124.36,1.0,14.254013815634078,27.686932372229954,14.254013815634078,27.686932372229954,0.43922865904659725,0.01560258083239594,-0.012999212625421669
3110.0,124.4,1.0,14.366852512103453,27.640062787162037,14.366852512103453,27.640062787162037,0.4431312780766935,0.012686997155838398,-0.01750967482094068
3111.0,124.44,1.0,14.479449217902644,27.594430188040953,14.479449217902644,27.594430188040953,0.447019334308097,0.009444263111859507,-0.021521188247258925
3112.0,124.48,1.0,14.589751599301982,27.54448606230606,14.589751599301982,27.54448606230606,0.45090695883532533,0.005819182718940263,-0.024906783752802086
3113.0,124.52,1.0,14.698527651491684,27.49450856474356,14.698527651491684,27.49450856474356,0.45480841049172716,0.0017864416664532424,-0.027563560130798314
3114.0,124.56,1.0,14.809001857058817,27.443594493221717,14.809001857058817,27.443594493221717,0.4587406445541718,-0.002678106648980694,-0.029414625285891994
3115.0,124.60000000000001,1.0,14.9164538526494,27.391507404387596,14.9164538526494,27.391507404387596,0.4627206539441174,-0.007580403177814587,-0.03041145580291409
3116.0,124.64,1.0,15.025153498015126,27.338116904257458,15.025153498015126,27.338116904257458,0.46676510848262576,-0.012893530055931446,-0.030536748404792497
3117.0,124.68,1.0,15.132412986040535,27.282145212914315,15.132412986040535,27.282145212914315,0.4708917219161097,-0.018565888678609956,-0.02980538702912393
3118.0,124.72,1.0,15.243017923045278,27.22346972218757,15.243017923045278,27.22346972218757,0.47511601778714424,-0.024522495409633072,-0.0282623143640923
3119.0,124.76,1.0,15.35240303837963,27.16397963014534,15.35240303837963,27.16397963014534,0.47945074978650404,-0.030676009986397957,-0.025979521222925954
3120.0,124.8,1.0,15.461212134407088,27.104631844859806,15.461212134407088,27.104631844859806,0.48390256879440735,-0.03692986261589406,-0.023052891967981975
3121.0,124.84,1.0,15.569472338528133,27.04430349767034,15.569472338528133,27.04430349767034,0.4884712867618591,-0.04317694750180349,-0.0195991316138551
3122.0,124.88000000000001,1.0,15.676999735740875,26.985236287042063,15.676999735740875,26.985236287042063,0.493151311540712,-0.04930454305955102,-0.015750915840703174
3123.0,124.92,1.0,15.782588618399544,26.92475849690457,15.782588618399544,26.92475849690457,0.4979324581754172,-0.055211848169731945,-0.01165119794618403
3124.0,124.96000000000001,1.0,15.888196510097524,26.863547468359606,15.888196510097524,26.863547468359606,0.5028019575454096,-0.06081664675551749,-0.007446469196626895
3125.0,125.0,1.0,15.991303347432702,26.803068977438663,15.991303347432702,26.803068977438663,0.5077436810856566,-0.06603542996784925,-0.0032828841033431195
3126.0,125.04,1.0,16.093583554486766,26.743614591765088,16.093583554486766,26.743614591765088,0.5127406565765167,-0.07080245966590021,0.0006987740275156348
3127.0,125.08,1.0,16.199355315780792,26.68406884916477,16.199355315780792,26.68406884916477,0.5177745789295417,-0.07507958104976895,0.004369281609652142
3128.0,125.12,1.0,16.30645305387534,26.623752699436217,16.30645305387534,26.623752699436217,0.5228251629944378,-0.07885444026460653,0.007616662624436192
3129.0,125.16,1.0,16.41418212172953,26.560195656993397,16.41418212172953,26.560195656993397,0.5278717693928601,-0.0821282392223269,0.01034769497551001
3130.0,125.2,1.0,16.522928285178743,26.493189712015276,16.522928285178743,26.493189712015276,0.5328941118537079,-0.08491496621336861,0.012489617523266768
3131.0,125.24000000000001,1.0,16.63359743118461,26.425422157067818,16.63359743118461,26.425422157067818,0.537875277912115,-0.08724328202458535,0.013992569991714577
3132.0,125.28,1.0,16.744071128273028,26.357694012836056,16.744071128273028,26.357694012836056,0.5428040511397711,-0.08915636430597337,0.014832218851791711
3133.0,125.32000000000001,1.0,16.855859467611555,26.29388216782446,16.855859467611555,26.29388216782446,0.5476753222067425,-0.09071749196403782,0.015009541450558078
3134.0,125.36,1.0,16.96561609028915,26.228191339664704,16.96561609028915,26.228191339664704,0.5524894870170087,-0.09199014164849102,0.014548900144217997
3135.0,125.4,1.0,17.07725862489484,26.161394574303785,17.07725862489484,26.161394574303785,0.5572497217317847,-0.09303552485495463,0.013494854872972509
3136.0,125.44,1.0,17.187848098703267,26.093990551664273,17.187848098703267,26.093990551664273,0.5619613226655588,-0.09391752312172977,0.011911041810709618
3137.0,125.48,1.0,17.299229789177975,26.025188683045236,17.299229789177975,26.025188683045236,0.566630116186215,-0.0946933197562882,0.009877609294616393
3138.0,125.52,1.0,17.40750227670026,25.956744071746567,17.40750227670026,25.956744071746567,0.5712624218812599,-0.095410488282479,0.007486798608262263
3139.0,125.56,1.0,17.51691125283526,25.886843138133475,17.51691125283526,25.886843138133475,0.5758650236736018,-0.0961068041562201,0.004837674808564628
3140.0,125.60000000000001,1.0,17.622996422472774,25.817880004071263,17.622996422472774,25.817880004071263,0.5804455517575607,-0.09681893885483796,0.002034361018191307
3141.0,125.64,1.0,17.73143042554176,25.747605831467684,17.73143042554176,25.747605831467684,0.585014237601833,-0.09757016093115213,-0.0008172550233357341
3142.0,125.68,1.0,17.839181619735694,25.676223589057265,17.839181619735694,25.676223589057265,0.5895817931833153,-0.09837153845604661,-0.003614161406805773
3143.0,125.72,1.0,17.94763113958021,25.603789710312128,17.94763113958021,25.603789710312128,0.5941585787748376,-0.09922287072207044,-0.006260957491421327
3144.0,125.76,1.0,18.055757030640343,25.532161450765354,18.055757030640343,25.532161450765354,0.5987513111252702,-0.10011381221004631,-0.00867139136946683
3145.0,125.8,1.0,18.16423767075248,25.460575174611044,18.16423767075248,25.460575174611044,0.6033626217929678,-0.10103444402892818,-0.010769701659316091
3146.0,125.84,1.0,18.27364605574513,25.3876117010435,18.27364605574513,25.3876117010435,0.6079931278773769,-0.10197681141901235,-0.0124920230936079
3147.0,125.88000000000001,1.0,18.381664735820802,25.31185723980755,18.381664735820802,25.31185723980755,0.6126419296801341,-0.10292562106658472,-0.013789057256223421
3148.0,125.92,1.0,18.491848084113492,25.23506682707532,18.491848084113492,25.23506682707532,0.6173073460122149,-0.10386456283561622,-0.014627366952763243
3149.0,125.96000000000001,1.0,18.60104157649197,25.158370715049188,18.60104157649197,25.158370715049188,0.6219890005420545,-0.10477141089801685,-0.01498855684167858
3150.0,126.0,1.0,18.71159785355987,25.080294124901616,18.71159785355987,25.080294124901616,0.6266876897803458,-0.10562202920050737,-0.014867742392139996
3151.0,126.04,1.0,18.820759457884378,25.002121644323314,18.820759457884378,25.002121644323314,0.631404783517864,-0.10639369882785225,-0.014274468365634074
3152.0,126.08,1.0,18.930862709239353,24.92260676285425,18.930862709239353,24.92260676285425,0.6361370346328238,-0.10708269465453175,-0.013231850573039028
3153.0,126.12,1.0,19.04306920319067,24.842280278388213,19.04306920319067,24.842280278388213,0.6408790089434656,-0.10769543456505533,-0.011774051011814848
3154.0,126.16,1.0,19.15243709376646,24.757308355473985,19.15243709376646,24.757308355473985,0.6456208314286299,-0.10824106506765849,-0.00994405906017148
3155.0,126.2,1.0,19.25941482778679,24.671810013383286,19.25941482778679,24.671810013383286,0.6503542540867215,-0.10872727732795665,-0.0077939382098546894
3156.0,126.24000000000001,1.0,19.367791767926768,24.58399443208925,19.367791767926768,24.58399443208925,0.6550726254013899,-0.10915688732351007,-0.005383254013672815
3157.0,126.28,1.0,19.474108763833048,24.49833914404809,19.474108763833048,24.49833914404809,0.6597698598190572,-0.10952091751604442,-0.002776413899018973
3158.0,126.32000000000001,1.0,19.580835661814994,24.412290533129877,19.580835661814994,24.412290533129877,0.6644418054266829,-0.10980724346851548,-4.0222306307605496e-05
3159.0,126.36,1.0,19.687100113869242,24.327482067826743,19.687100113869242,24.327482067826743,0.6690852675636644,-0.10999200665909618,0.0027575082403685437
3160.0,126.4,1.0,19.794792155857092,24.24074340613333,19.794792155857092,24.24074340613333,0.6736967612590881,-0.11004773742352789,0.005548736900345319
3161.0,126.44,1.0,19.900184140862013,24.155446830966532,19.900184140862013,24.155446830966532,0.6782718480455139,-0.10994049412553816,0.008266775981676156
3162.0,126.48,1.0,20.00642476947299,24.068702068167802,20.00642476947299,24.068702068167802,0.6828043765963748,-0.10963450351134085,0.01084875876793323
3163.0,126.52,1.0,20.111497000394504,23.982513811292286,20.111497000394504,23.982513811292286,0.6872906264433803,-0.10907478329546619,0.013236927554015801
3164.0,126.56,1.0,20.21984827091213,23.89379518892844,20.21984827091213,23.89379518892844,0.6917267869382513,-0.10821010395790971,0.015377914310154164
3165.0,126.60000000000001,1.0,20.328611480399765,23.80273336209442,20.328611480399765,23.80273336209442,0.6961140141460859,-0.10698999980787183,0.017223825368622457
3166.0,126.64,1.0,20.43955768592995,23.709156405053292,20.43955768592995,23.709156405053292,0.7004527137180355,-0.10536910812051481,0.018735081198341268
3167.0,126.68,1.0,20.548654839611338,23.61323511698217,20.548654839611338,23.61323511698217,0.7047446203887333,-0.10330175669739201,0.019880837363053395
3168.0,126.72,1.0,20.66251321272949,23.51509418500884,20.66251321272949,23.51509418500884,0.7089934412040417,-0.10074984199394836,0.020638159524689014
3169.0,126.76,1.0,20.773848508662503,23.418365600989127,20.773848508662503,23.418365600989127,0.713201578355563,-0.09769160929714428,0.020992792381072684
3170.0,126.8,1.0,20.88332945841313,23.32237998861955,20.88332945841313,23.32237998861955,0.7173715757072534,-0.09412157535212431,0.020940721608313707
3171.0,126.84,1.0,20.98718550815883,23.22549525604169,20.98718550815883,23.22549525604169,0.721504032271395,-0.09005567251413062,0.020488476575721063
3172.0,126.88000000000001,1.0,21.088696380536362,23.131731047930735,21.088696380536362,23.131731047930735,0.7256004364960902,-0.08552378633672038,0.019651486342521028
3173.0,126.92,1.0,21.18930373063737,23.03369721632749,21.18930373063737,23.03369721632749,0.7296631450554365,-0.08056833446184239,0.018453672400753268
3174.0,126.96000000000001,1.0,21.29132629767074,22.943995360436492,21.29132629767074,22.943995360436492,0.7336950047397495,-0.07525765424076307,0.016927216410516706
3175.0,127.0,1.0,21.404623464538027,22.8485343650369,21.404623464538027,22.8485343650369,0.7377006158941964,-0.06965736669926932,0.015113767805882184
3176.0,127.04,1.0,21.514551373556092,22.75225451050589,21.514551373556092,22.75225451050589,0.741681249209886,-0.0638446881752697,0.013061846359216048
3177.0,127.08,1.0,21.627831055913873,22.65272567070183,21.627831055913873,22.65272567070183,0.7456395539589338,-0.057897072392155156,0.010823973916216069
3178.0,127.12,1.0,21.74024774449188,22.55089587246684,21.74024774449188,22.55089587246684,0.7495764539190377,-0.051904167667523204,0.008455842830363092
3179.0,127.16,1.0,21.852439474155275,22.44979625206733,21.852439474155275,22.44979625206733,0.7534921340013613,-0.04595385100191447,0.006016946379340825
3180.0,127.2,1.0,21.96487944234704,22.34705459195607,21.96487944234704,22.34705459195607,0.7573871278435785,-0.04012917703781278,0.0035680174838795277
3181.0,127.24000000000001,1.0,22.075256959857036,22.245054691141057,22.075256959857036,22.245054691141057,0.7612620295352921,-0.0345051892311584,0.0011672945869706471
3182.0,127.28,1.0,22.18445232182419,22.1415061903378,22.18445232182419,22.1415061903378,0.7651208392939842,-0.029141577162717803,-0.001131291789503539
3183.0,127.32000000000001,1.0,22.293569691572277,22.037562803766566,22.293569691572277,22.037562803766566,0.7689687217226411,-0.024095227666677176,-0.00327809831271879
3184.0,127.36,1.0,22.399901446817985,21.932910568039667,22.399901446817985,21.932910568039667,0.7728149498557924,-0.01939740386550489,-0.005229903634395794
3185.0,127.4,1.0,22.501175158830172,21.828514520862235,22.501175158830172,21.828514520862235,0.7766695829526762,-0.015053311566650806,-0.006952031023166971
3186.0,127.44,1.0,22.605594177559084,21.725569253448448,22.605594177559084,21.725569253448448,0.7805436808099824,-0.01105105316418623,-0.00842090794235169
3187.0,127.48,1.0,22.708548379886153,21.625455100511598,22.708548379886153,21.625455100511598,0.7844511282843394,-0.007372455129746514,-0.00962213532277617
3188.0,127.52,1.0,22.8071603039947,21.527703070008197,22.8071603039947,21.527703070008197,0.7884051924810428,-0.003991327568058889,-0.010550370820443985
3189.0,127.56,1.0,22.906316057081593,21.42838922509579,22.906316057081593,21.42838922509579,0.792420798426189,-0.0008732808158858352,-0.011210087909000637
3190.0,127.60000000000001,1.0,23.007096085564772,21.325272023020336,23.007096085564772,21.325272023020336,0.7965114693430211,0.0020054780260164383,-0.011617887699657584
3191.0,127.64,1.0,23.11233652077124,21.220701995942044,23.11233652077124,21.220701995942044,0.8006912204982193,0.004675520092861518,-0.011800004650241131
3192.0,127.68,1.0,23.21977830965354,21.11375543675748,23.21977830965354,21.11375543675748,0.8049724463987957,0.007157793440213123,-0.011789227722201798
3193.0,127.72,1.0,23.325705727256757,21.00671937279905,23.325705727256757,21.00671937279905,0.8093638978960781,0.009469391553957363,-0.01162357458210653
3194.0,127.76,1.0,23.43380470003749,20.894659572184814,23.43380470003749,20.894659572184814,0.8138701772547844,0.011628459523019097,-0.011346135830869877
3195.0,127.8,1.0,23.53144628317281,20.785800618041186,23.53144628317281,20.785800618041186,0.8184883591123508,0.013633984771303875,-0.01100249140894832
3196.0,127.84,1.0,23.632126554738562,20.67717350090809,23.632126554738562,20.67717350090809,0.8232140252710176,0.015465990961645814,-0.010636924923822023
3197.0,127.88000000000001,1.0,23.729549191735686,20.568364088288206,23.729549191735686,20.568364088288206,0.8280387889334644,0.017076832266491093,-0.010289245355829108
3198.0,127.92,1.0,23.8283798846847,20.45984373038778,23.8283798846847,20.45984373038778,0.8329521653704669,0.018426260010826378,-0.009994881935522741
3199.0,127.96000000000001,1.0,23.925359311124257,20.350420025330436,23.925359311124257,20.350420025330436,0.837940969338373,0.01945532104346167,-0.009783133716218697
3200.0,128.0,1.0,24.023452447022766,20.23842201355336,24.023452447022766,20.23842201355336,0.8429894474099097,0.020101238183790605,-0.009675246512901328
3201.0,128.04,1.0,24.120380877067753,20.125179963138304,24.120380877067753,20.125179963138304,0.8480811034279535,0.02029738896853971,-0.009681212189068766
3202.0,128.08,1.0,24.216016385095354,20.015931338354257,24.216016385095354,20.015931338354257,0.8531986276379252,0.019974556727162328,-0.009801383709185396
3203.0,128.12,1.0,24.312728313713368,19.903938444043153,24.312728313713368,19.903938444043153,0.8583252411353073,0.01907246491479635,-0.010027032670549352
3204.0,128.16,1.0,24.409218502757103,19.796609259147676,24.409218502757103,19.796609259147676,0.8634463059365673,0.01754394975690963,-0.010340266574904815
3205.0,128.2,1.0,24.509151006625924,19.688523456161448,24.509151006625924,19.688523456161448,0.8685512705177724,0.015353834514253928,-0.010713347544201215
3206.0,128.24,1.0,24.602767177302944,19.583022317311936,24.602767177302944,19.583022317311936,0.8736356874099247,0.012481968938721411,-0.011110802021092388
3207.0,128.28,1.0,24.698530863977837,19.474399174210497,24.698530863977837,19.474399174210497,0.878695784374617,0.008933713296889434,-0.01149328946972907
3208.0,128.32,1.0,24.79168595614519,19.365613319439888,24.79168595614519,19.365613319439888,0.8837318922403489,0.004748285770771387,-0.01181968732052232
3209.0,128.36,1.0,24.88425071686016,19.255407563172536,24.88425071686016,19.255407563172536,0.8887443087516094,-2.5513697336143613e-05,-0.01204830763737565
3210.0,128.4,1.0,24.976260870586067,19.144866043265058,24.976260870586067,19.144866043265058,0.8937369159682931,-0.005308810911382944,-0.012138902651286376
3211.0,128.44,1.0,25.067081699779088,19.030703019981733,25.067081699779088,19.030703019981733,0.898714585761125,-0.011000757959865815,-0.012055761715098956
3212.0,128.48,1.0,25.156792860793267,18.91624057385859,25.156792860793267,18.91624057385859,0.9036853635623538,-0.016959321258985072,-0.011770863597941246
3213.0,128.52,1.0,25.245869317544617,18.798673193993814,25.245869317544617,18.798673193993814,0.9086574947784694,-0.023024842025929325,-0.01126419437292928
3214.0,128.56,1.0,25.33450109425314,18.680210937754786,25.33450109425314,18.680210937754786,0.9136420361317779,-0.02902304050807609,-0.010524871471520907
3215.0,128.6,1.0,25.422618423971542,18.56231625480644,25.422618423971542,18.56231625480644,0.9186493821229906,-0.0347865977153366,-0.009552051007274869
3216.0,128.64000000000001,1.0,25.509019798365866,18.44616900250272,25.509019798365866,18.44616900250272,0.9236870032971117,-0.040139506378943555,-0.008356080517082556
3217.0,128.68,1.0,25.59433817218182,18.331953337741183,25.59433817218182,18.331953337741183,0.9287578105032713,-0.04490412928761532,-0.006957445874751741
3218.0,128.72,1.0,25.678181283757773,18.216704270103257,25.678181283757773,18.216704270103257,0.9338616459971512,-0.04891722915425527,-0.00538489050240698
3219.0,128.76,1.0,25.762554055101113,18.099126323865526,25.762554055101113,18.099126323865526,0.9389949052941386,-0.05204003912858697,-0.0036752551257068083
3220.0,128.8,1.0,25.842298190533036,17.98533603393333,25.842298190533036,17.98533603393333,0.9441530621438712,-0.05415268100299473,-0.0018721501866159247
3221.0,128.84,1.0,25.926150092246814,17.86899569427195,25.926150092246814,17.86899569427195,0.9493290302968098,-0.05515460656549133,-2.41570443462541e-05
3222.0,128.88,1.0,26.010804557929145,17.749124701662787,26.010804557929145,17.749124701662787,0.9545152464183582,-0.05497338707610524,0.0018189774295104626
3223.0,128.92000000000002,1.0,26.097516030442666,17.629242633156572,26.097516030442666,17.629242633156572,0.9597012814681044,-0.05358472534457799,0.003607929180765862
3224.0,128.96,1.0,26.183497184975714,17.506287503171087,26.183497184975714,17.506287503171087,0.9648766580042476,-0.05100340065942423,0.005295830366460039
3225.0,129.0,1.0,26.270323503656016,17.38140657594422,26.270323503656016,17.38140657594422,0.9700268857344113,-0.04727649278935233,0.006839525312173783
3226.0,129.04,1.0,26.356449578734175,17.253636629597352,26.356449578734175,17.253636629597352,0.9751379447415802,-0.04246959405278757,0.008201303660216661
3227.0,129.08,1.0,26.44364565932246,17.123822040958608,26.44364565932246,17.123822040958608,0.9801978379786807,-0.03668901429660583,0.009349998674736015
3228.0,129.12,1.0,26.52554759231907,16.99528878793855,26.52554759231907,16.99528878793855,0.9851979559617646,-0.03008158653128673,0.010261359852194991
3229.0,129.16,1.0,26.608845211505137,16.867183410458317,26.608845211505137,16.867183410458317,0.9901350344946696,-0.022810870980216513,0.010918008896574764
3230.0,129.2,1.0,26.68923220334567,16.74000795683231,26.68923220334567,16.74000795683231,0.9950092550660589,-0.015046776835362175,0.011310251819563882
3231.0,129.24,1.0,26.76991159619911,16.61362782992293,26.76991159619911,16.61362782992293,0.9998260530605106,-0.006970776561246128,0.011435169762318256
3232.0,129.28,1.0,26.849421816112006,16.485091462458673,26.849421816112006,16.485091462458673,1.004594083328691,0.0012150161038673724,0.011295665433738951
3233.0,129.32,1.0,26.930349403964662,16.360141238641354,26.930349403964662,16.360141238641354,1.0093259174920644,0.009304232118765965,0.010898182983423568
3234.0,129.36,1.0,27.010688806808606,16.233968914374657,27.010688806808606,16.233968914374657,1.0140364094082814,0.0171017219576447,0.010253722380626067
3235.0,129.4,1.0,27.090015726211597,16.108164161025897,27.090015726211597,16.108164161025897,1.0187418211397912,0.024435792785289547,0.009375797829609072
3236.0,129.44,1.0,27.170242847235244,15.978678720216928,27.170242847235244,15.978678720216928,1.023461792438685,0.031138719693327144,0.008279908768380456
3237.0,129.48,1.0,27.24980138369179,15.848501339918727,27.24980138369179,15.848501339918727,1.0282165781746007,0.03705563211270548,0.006981848037355555
3238.0,129.52,1.0,27.329757651351578,15.718922100558185,27.329757651351578,15.718922100558185,1.0330260081492717,0.042055791503939954,0.005498412520195032
3239.0,129.56,1.0,27.4048861984926,15.59280293437684,27.4048861984926,15.59280293437684,1.0379079388062602,0.04605947310300844,0.003846893614935859
3240.0,129.6,1.0,27.48310555375785,15.463473544179697,27.48310555375785,15.463473544179697,1.0428767415757982,0.04901396382542559,0.0020456560784556737
3241.0,129.64000000000001,1.0,27.557820101213373,15.334699761598662,27.557820101213373,15.334699761598662,1.0479431665374412,0.05089401401766306,0.00011395545712598737
3242.0,129.68,1.0,27.633190081968934,15.204025898888526,27.633190081968934,15.204025898888526,1.053111228831057,0.051711239672175835,-0.0019264236077816584
3243.0,129.72,1.0,27.70434664808168,15.07569235210813,27.70434664808168,15.07569235210813,1.0583811117941986,0.05153484734667054,-0.00404983555865279
3244.0,129.76,1.0,27.77425266406012,14.945277992958571,27.77425266406012,14.945277992958571,1.0637461435222368,0.050468078425536446,-0.006225685552901206
3245.0,129.8,1.0,27.84341330982045,14.81868035044037,27.84341330982045,14.81868035044037,1.069196309581566,0.04863991148101691,-0.008419737491861623
3246.0,129.84,1.0,27.91194735143418,14.691809259299333,27.91194735143418,14.691809259299333,1.074717662122383,0.04618797003075274,-0.010592128162612081
3247.0,129.88,1.0,27.979932896098894,14.568507632877456,27.979932896098894,14.568507632877456,1.0802923498248955,0.043286930193608596,-0.01269700799812302
3248.0,129.92000000000002,1.0,28.051183620180034,14.440532226818643,28.051183620180034,14.440532226818643,1.085898793265049,0.04013064191523893,-0.014682081186759963
3249.0,129.96,1.0,28.122318820185335,14.311617528984149,28.122318820185335,14.311617528984149,1.091514249166589,0.03692246424102434,-0.016491391586347923
3250.0,130.0,1.0,28.191637745689427,14.183458973431545,28.191637745689427,14.183458973431545,1.0971164032524623,0.03384325909062062,-0.0180654456023285
3251.0,130.04,1.0,28.261604996519146,14.055593569629886,28.261604996519146,14.055593569629886,1.1026837264580016,0.031072895627380793,-0.01934316615624188
3252.0,130.08,1.0,28.33022982675583,13.928163332326145,28.33022982675583,13.928163332326145,1.1081979281562977,0.028777515181188228,-0.020263194367618746
3253.0,130.12,1.0,28.397932663989174,13.799100960924772,28.397932663989174,13.799100960924772,1.1136454881675892,0.027103732582949625,-0.020767839099049043
3254.0,130.16,1.0,28.46342123919276,13.6700713550242,28.46342123919276,13.6700713550242,1.1190165286330138,0.02614509873196814,-0.020806723393128376
3255.0,130.2,1.0,28.528887978604764,13.540875514726983,28.528887978604764,13.540875514726983,1.12430849675436,0.025964674495606455,-0.02033952614547101
3256.0,130.24,1.0,28.591448207183646,13.411657941643265,28.591448207183646,13.411657941643265,1.1295231697587809,0.02659648374310817,-0.01933738000333949
3257.0,130.28,1.0,28.652279836167274,13.281658443877756,28.652279836167274,13.281658443877756,1.134667820221,0.028051972824689086,-0.017786925682409607
3258.0,130.32,1.0,28.71047522290338,13.147437012021689,28.71047522290338,13.147437012021689,1.1397542362432826,0.030294066506757932,-0.015693547416993782
3259.0,130.36,1.0,28.770434988245,13.01253098161217,28.770434988245,13.01253098161217,1.1447996441677508,0.03324118730113536,-0.013082348263488941
3260.0,130.4,1.0,28.828197170205392,12.87721631435978,28.828197170205392,12.87721631435978,1.1498231306761886,0.0367786815667535,-0.009997128213187184
3261.0,130.44,1.0,28.88462468245058,12.741963335123305,28.88462468245058,12.741963335123305,1.1548449092371986,0.040771388503081665,-0.006501685242075342
3262.0,130.48,1.0,28.939545788088612,12.607749273558648,28.939545788088612,12.607749273558648,1.1598842300219907,0.04504219933147239,-0.0026791099129168756
3263.0,130.52,1.0,28.994967855649133,12.472456032333593,28.994967855649133,12.472456032333593,1.1649576892170341,0.049383805827883286,0.0013695874664344104
3264.0,130.56,1.0,29.049473000305547,12.337065718236612,29.049473000305547,12.337065718236612,1.1700779271532256,0.053577628130182506,0.005529873700107347
3265.0,130.6,1.0,29.105102907228222,12.20059414007105,29.105102907228222,12.20059414007105,1.1752539774096011,0.057420403953845886,0.009677936169948238
3266.0,130.64000000000001,1.0,29.15916924151274,12.058494528026719,29.15916924151274,12.058494528026719,1.1804875659026006,0.06071599091431955,0.01368482214438524
3267.0,130.68,1.0,29.21015978889927,11.918835906093747,29.21015978889927,11.918835906093747,1.1857756782971134,0.06327410410796304,0.017419995027327502
3268.0,130.72,1.0,29.2628386967974,11.782743820881153,29.2628386967974,11.782743820881153,1.1911099570133878,0.06492255671070477,0.020757909354004074
3269.0,130.76,1.0,29.312231137458447,11.649792888755844,29.312231137458447,11.649792888755844,1.196477930784606,0.06552600676388433,0.023585290759233223
3270.0,130.8,1.0,29.3621985494883,11.516069676051368,29.3621985494883,11.516069676051368,1.2018621555760935,0.06500014235697721,0.02580502474772737
3271.0,130.84,1.0,29.411167843703815,11.385304725622134,29.411167843703815,11.385304725622134,1.2072418944087453,0.063301943386087,0.027339442454558428
3272.0,130.88,1.0,29.45993060905217,11.254224575912112,29.45993060905217,11.254224575912112,1.2125941736050838,0.06043446263322211,0.02813528874512543
3273.0,130.92000000000002,1.0,29.506767512154045,11.124559072982695,29.506767512154045,11.124559072982695,1.2178959964906477,0.056454411037448984,0.028167533546575318
3274.0,130.96,1.0,29.553415322945664,10.995217497794677,29.553415322945664,10.995217497794677,1.223124915739859,0.05148359949753738,0.027440657406020953
3275.0,131.0,1.0,29.600089584441776,10.864641278497936,29.600089584441776,10.864641278497936,1.228260650847931,0.04567373561076191,0.025988411800249595
3276.0,131.04,1.0,29.64751511230288,10.73134177080728,29.64751511230288,10.73134177080728,1.2332847080369729,0.039206473521565,0.023872762021669203
3277.0,131.08,1.0,29.695911358288335,10.598431228438432,29.695911358288335,10.598431228438432,1.238183692034692,0.03228816601872485,0.02118219403309011
3278.0,131.12,1.0,29.744226196760785,10.468525322039898,29.744226196760785,10.468525322039898,1.2429488426615098,0.02516228523382501,0.018029480447867955
3279.0,131.16,1.0,29.790907155577695,10.337648414826313,29.790907155577695,10.337648414826313,1.2475749746383482,0.01807454685192954,0.014546123506107783
3280.0,131.2,1.0,29.83739275160242,10.208460472626784,29.83739275160242,10.208460472626784,1.2520602846484472,0.01127057714287869,0.010875244444961607
3281.0,131.24,1.0,29.882432997110886,10.078901557373388,29.882432997110886,10.078901557373388,1.256407469022013,0.00497316433438042,0.007166512538592075
3282.0,131.28,1.0,29.927552264082173,9.947836028506364,29.927552264082173,9.947836028506364,1.2606250395200134,-0.000604448923644929,0.003571492010856707
3283.0,131.32,1.0,29.973010403312962,9.813577505519273,29.973010403312962,9.813577505519273,1.2647250648891832,-0.005277533205506213,0.00023634894081701885
3284.0,131.36,1.0,30.01878764366172,9.680514162127476,30.01878764366172,9.680514162127476,1.268724729835435,-0.008886921720256059,-0.002705626630419979
3285.0,131.4,1.0,30.060173837532354,9.545908037960988,30.060173837532354,9.545908037960988,1.2726432251281312,-0.011331399430588696,-0.005138608199255097
3286.0,131.44,1.0,30.102786616877204,9.417759350595826,30.102786616877204,9.417759350595826,1.276502457138666,-0.012539859486935945,-0.006969108088821135
3287.0,131.48,1.0,30.143246785566458,9.284813980686394,30.143246785566458,9.284813980686394,1.280325217449055,-0.012489290587272495,-0.008129585862896464
3288.0,131.52,1.0,30.18112029329555,9.152857326960874,30.18112029329555,9.152857326960874,1.284133872710696,-0.011194236872715712,-0.008581274815659408
3289.0,131.56,1.0,30.21865365800892,9.016025937468388,30.21865365800892,9.016025937468388,1.2879473565182393,-0.008732257537049948,-0.008315868577779833
3290.0,131.6,1.0,30.2552662536011,8.877591619334538,30.2552662536011,8.877591619334538,1.291783160899927,-0.0052029787633643635,-0.007355167232233654
3291.0,131.64000000000001,1.0,30.294013487237873,8.7344178714979,30.294013487237873,8.7344178714979,1.2956566241854925,-0.0007451389426040734,-0.005748654193171424
3292.0,131.68,1.0,30.329841931880814,8.594632920977372,30.329841931880814,8.594632920977372,1.2995795655405675,0.00448982999305837,-0.003571457705487502
3293.0,131.72,1.0,30.36686110016415,8.44772308369198,30.36686110016415,8.44772308369198,1.3035581197087247,0.010322340822249466,-0.0009224500537101422
3294.0,131.76,1.0,30.402617719734813,8.307654636874453,30.402617719734813,8.307654636874453,1.307593766937967,0.016576725041569106,0.0020812388563414136
3295.0,131.8,1.0,30.438325814285292,8.16609564951437,30.438325814285292,8.16609564951437,1.3116804166390086,0.02307327117766299,0.005310465168002788
3296.0,131.84,1.0,30.46996188665222,8.030888835544312,30.46996188665222,8.030888835544312,1.3158094305235333,0.02965579671457762,0.008629060305109853
3297.0,131.88,1.0,30.50450354419088,7.892371450576661,30.50450354419088,7.892371450576661,1.319966831377658,0.03617616373409129,0.011899105688825951
3298.0,131.92000000000002,1.0,30.536250630533658,7.7577148612714995,30.536250630533658,7.7577148612714995,1.324136937425918,0.04250615916749088,0.014987101578765044
3299.0,131.96,1.0,30.56887760468866,7.616925204898945,30.56887760468866,7.616925204898945,1.3283027914489742,0.04854301226419265,0.01776875039065803
3300.0,132.0,1.0,30.600595260545553,7.480286551610639,30.600595260545553,7.480286551610639,1.3324500019936805,0.05422548992693162,0.020133571143785393
3301.0,132.04,1.0,30.63401484880501,7.342675852964359,30.63401484880501,7.342675852964359,1.3365654267878722,0.05951144141547321,0.02198944242285676
3302.0,132.08,1.0,30.665118327513124,7.207337621830767,30.665118327513124,7.207337621830767,1.3406367641849184,0.06439383881061991,0.02326502640894538
3303.0,132.12,1.0,30.695278231377433,7.07535755531296,30.695278231377433,7.07535755531296,1.3446531811048126,0.0688832390774755,0.023911759834755672
3304.0,132.16,1.0,30.723705019247813,6.939953563036906,30.723705019247813,6.939953563036906,1.3486068090739871,0.07301752466196168,0.02390571186516004
3305.0,132.2,1.0,30.75376347890339,6.805791578791201,30.75376347890339,6.805791578791201,1.3524941664733974,0.07683245413288117,0.02324692210163714
3306.0,132.24,1.0,30.78258112749885,6.668297364682258,30.78258112749885,6.668297364682258,1.356316674804222,0.08037776336402555,0.02195824129846281
3307.0,132.28,1.0,30.813995051485513,6.531393613000158,30.813995051485513,6.531393613000158,1.3600789905025414,0.08370389023961614,0.020083814581037807
3308.0,132.32,1.0,30.843984388756574,6.391723871136242,30.843984388756574,6.391723871136242,1.363789590490565,0.08686523546419818,0.017687761060417563
3309.0,132.36,1.0,30.87581403724524,6.254377636604056,30.87581403724524,6.254377636604056,1.3674592950515874,0.08991692929292881,0.014849513991861466
3310.0,132.4,1.0,30.906658821279382,6.120253911849345,30.906658821279382,6.120253911849345,1.3710994858802972,0.09289160973057495,0.011661365025225006
3311.0,132.44,1.0,30.93436039354154,5.990188891297093,30.93436039354154,5.990188891297093,1.374719937618463,0.09580060869526456,0.00822493934025267
3312.0,132.48,1.0,30.963007469873524,5.857224588558715,30.963007469873524,5.857224588558715,1.3783288476944233,0.09863886964234286,0.004646753937663271
3313.0,132.52,1.0,30.988980438117608,5.728656402345004,30.988980438117608,5.728656402345004,1.3819345177853724,0.10138684991958935,0.0010339816831871035
3314.0,132.56,1.0,31.0153780564659,5.590914278315983,31.0153780564659,5.590914278315983,1.3855465399927025,0.10399682453103865,-0.0025079726759271053
3315.0,132.6,1.0,31.041254477357832,5.455121360577894,31.041254477357832,5.455121360577894,1.3891738429070015,0.1063983025119839,-0.005878934613164484
3316.0,132.64000000000001,1.0,31.068535493569613,5.3199559075270795,31.068535493569613,5.3199559075270795,1.3928235320596072,0.10851174959055454,-0.00898700147305646
3317.0,132.68,1.0,31.092643183756316,5.188480937443614,31.092643183756316,5.188480937443614,1.3965017743481274,0.11024340288521528,-0.011751393791284164
3318.0,132.72,1.0,31.116929080952367,5.053580523304765,31.116929080952367,5.053580523304765,1.400211042446514,0.11148946524115458,-0.014104841206639174
3319.0,132.76,1.0,31.139042669169804,4.924601996166902,31.139042669169804,4.924601996166902,1.4039525491715952,0.11214018174350851,-0.015995544823649874
3320.0,132.8,1.0,31.162664930212134,4.793224909018717,31.162664930212134,4.793224909018717,1.407724617581509,0.11209038593623877,-0.01738663374201773
3321.0,132.84,1.0,31.183505069733748,4.662381180577794,31.183505069733748,4.662381180577794,1.4115261294525816,0.11125685275736504,-0.018257946133439812
3322.0,132.88,1.0,31.204956229084367,4.531916367652447,31.204956229084367,4.531916367652447,1.4153565238978345,0.10957466448432726,-0.018606914272488805
3323.0,132.92000000000002,1.0,31.227425686449617,4.399870982815259,31.227425686449617,4.399870982815259,1.4192189142390688,0.10699919913207738,-0.0184481483735374
3324.0,132.96,1.0,31.248533569196024,4.2725642514019055,31.248533569196024,4.2725642514019055,1.423116987287509,0.10349554554695928,-0.017810744605185367
3325.0,133.0,1.0,31.26875135592802,4.1427740717821075,31.26875135592802,4.1427740717821075,1.4270544248103527,0.09907472282501464,-0.016739240445344923
3326.0,133.04,1.0,31.28602081877825,4.014457065636139,31.28602081877825,4.014457065636139,1.43103576751038,0.09377980090946342,-0.015292355984936359
3327.0,133.08,1.0,31.303381697145234,3.8904472700830772,31.303381697145234,3.8904472700830772,1.4350662520897373,0.08768243249496442,-0.013540331419206525
3328.0,133.12,1.0,31.31968448499315,3.765385729976983,31.31968448499315,3.765385729976983,1.4391511094790497,0.08087270100124512,-0.011562382058797489
3329.0,133.16,1.0,31.333287911525154,3.6403417101653353,31.333287911525154,3.6403417101653353,1.4432984645889742,0.07346457243581316,-0.009444129906371081
3330.0,133.2,1.0,31.346245031655904,3.514766460710111,31.346245031655904,3.514766460710111,1.447517358173776,0.06559858311010189,-0.007275729917436048
3331.0,133.24,1.0,31.359641330402262,3.387459250208078,31.359641330402262,3.387459250208078,1.451819321842275,0.057425194553679657,-0.005149641673280586
3332.0,133.28,1.0,31.37211183147819,3.2606383468062083,31.37211183147819,3.2606383468062083,1.4562137696261321,0.04909143797068845,-0.0031566820528190743
3333.0,133.32,1.0,31.388776100048528,3.135330256284843,31.388776100048528,3.135330256284843,1.4607103615894375,0.040744121635685936,-0.0013814501484151313
3334.0,133.36,1.0,31.399775080396893,3.0148911007055093,31.399775080396893,3.0148911007055093,1.465311131794127,0.032535227098739926,9.992517465278669e-05
3335.0,133.4,1.0,31.412510207396924,2.8926297556158915,31.412510207396924,2.8926297556158915,1.4700158916537323,0.02462420798917555,0.001220225271739208
3336.0,133.44,1.0,31.42341111159264,2.7678854680344056,31.42341111159264,2.7678854680344056,1.474818865912919,0.017144747002996775,0.0019256879558643778
3337.0,133.48,1.0,31.433458028333018,2.6413789546421182,31.433458028333018,2.6413789546421182,1.479711012274122,0.010212408391528493,0.002179448174655104
3338.0,133.52,1.0,31.44425151848508,2.517631337766526,31.44425151848508,2.517631337766526,1.4846805915969021,0.003925095498121001,0.0019620410288000434
3339.0,133.56,1.0,31.45534218084443,2.391618915398939,31.45534218084443,2.391618915398939,1.4897136347410727,-0.0016296567214580614,0.0012720091026270021
3340.0,133.6,1.0,31.46597271610255,2.264559317347616,31.46597271610255,2.264559317347616,1.4947945974351344,-0.0063901111193574445,0.00012728063905138032
3341.0,133.64000000000001,1.0,31.476199854899317,2.1375630071811904,31.476199854899317,2.1375630071811904,1.499905245672861,-0.01032883491389267,-0.0014338582707547794
3342.0,133.68,1.0,31.48788205968316,2.0104415768172763,31.48788205968316,2.0104415768172763,1.505026703234493,-0.013440607932811599,-0.0033539836848539653
3343.0,133.72,1.0,31.49581995343172,1.8826362676128283,31.49581995343172,1.8826362676128283,1.5101410069535752,-0.01572774843630299,-0.005558335904645708
3344.0,133.76,1.0,31.504970953519802,1.7542327749379574,31.504970953519802,1.7542327749379574,1.5152287160707636,-0.017206682771119374,-0.007959087468047061
3345.0,133.8,1.0,31.51450342235224,1.6249511009734914,31.51450342235224,1.6249511009734914,1.520277170769719,-0.017923271752019476,-0.01045620098385027
3346.0,133.84,1.0,31.525355104939763,1.4976667004137643,31.525355104939763,1.4976667004137643,1.525275495755094,-0.01794978780009726,-0.01293972585963182
3347.0,133.88,1.0,31.532530038800996,1.3669689276489518,31.532530038800996,1.3669689276489518,1.5302190446506776,-0.017354826303799566,-0.015295059619277037
3348.0,133.92000000000002,1.0,31.541959939816422,1.2393216004769192,31.541959939816422,1.2393216004769192,1.5351073365060517,-0.01621069203403135,-0.01740947026359605
3349.0,133.96,1.0,31.550519900333114,1.110885278076382,31.550519900333114,1.110885278076382,1.5399424824898746,-0.014596710540991598,-0.01917475711049621
3350.0,134.0,1.0,31.558124702087394,0.9825897990389858,31.558124702087394,0.9825897990389858,1.5447292929961915,-0.012607030829361742,-0.020490390217051232
3351.0,134.04,1.0,31.561160186077206,0.857644341246772,31.561160186077206,0.857644341246772,1.5494719652253686,-0.010329914978345478,-0.021269191350651803
3352.0,134.08,1.0,31.565246724636694,0.731386687909908,31.565246724636694,0.731386687909908,1.5541782907381594,-0.007843726930111306,-0.02144191129581268
3353.0,134.12,1.0,31.562902416814786,0.6029611927335441,31.562902416814786,0.6029611927335441,1.5588531792766744,-0.005222944404937457,-0.020959126027578493
3354.0,134.16,1.0,31.565095052303246,0.4740387973558522,31.565095052303246,0.4740387973558522,1.5635039224809808,-0.002552234498010242,-0.019793969036079263
3355.0,134.2,1.0,31.562233363646715,0.34555241511431545,31.562233363646715,0.34555241511431545,1.568138295447954,8.492608563595016e-05,-0.01794234999930653
3356.0,134.24,1.0,31.562124857560452,0.21637428592356905,31.562124857560452,0.21637428592356905,1.5727622870258517,0.0026148002212308175,-0.0154260750148074
3357.0,134.28,1.0,31.558642856119565,0.08764985584242,31.558642856119565,0.08764985584242,1.5773807748810005,0.0049723071033382915,-0.012292578175625022
3358.0,134.32,1.0,31.555535736652843,-0.04296673317566364,31.555535736652843,-0.04296673317566364,1.5819959792282263,0.007074553575432385,-0.008612736127345196
3359.0,134.36,1.0,31.55138321839879,-0.1721383329496597,31.55138321839879,-0.1721383329496597,1.5866069431387835,0.008835938497932294,-0.004476365209338259
3360.0,134.4,1.0,31.54635579562676,-0.301121501266039,31.54635579562676,-0.301121501266039,1.5912110839808382,0.010170120988201114,8.395091863069513e-06
3361.0,134.44,1.0,31.54269287601693,-0.43025701753977075,31.54269287601693,-0.43025701753977075,1.5958045664020497,0.0110110527004721,0.004717694410121568
3362.0,134.48,1.0,31.537114235929828,-0.5611097053487183,31.537114235929828,-0.5611097053487183,1.6003840487080498,0.011286669052964516,0.00951772724326241
3363.0,134.52,1.0,31.531135535777413,-0.6887148666104072,31.531135535777413,-0.6887148666104072,1.6049425164108957,0.010928955555153663,0.014270388850825511
3364.0,134.56,1.0,31.524406924771835,-0.8182752854979792,31.524406924771835,-0.8182752854979792,1.609476494810962,0.009873211120344016,0.018836271058900796
3365.0,134.6,1.0,31.515568115929266,-0.9417649421365073,31.515568115929266,-0.9417649421365073,1.6139782587623326,0.008080721572435612,0.023079414139222744
3366.0,134.64000000000001,1.0,31.505780836714894,-1.070308125200507,31.505780836714894,-1.070308125200507,1.6184410614711076,0.005526132561980745,0.02687211900795442
3367.0,134.68,1.0,31.49944085105212,-1.1938637203064786,31.49944085105212,-1.1938637203064786,1.622857108584985,0.0021959624893944096,0.030100909281452877
3368.0,134.72,1.0,31.487865647885418,-1.3206510266130584,31.487865647885418,-1.3206510266130584,1.6272186356574452,-0.0019102663649260166,0.03266987243198529
3369.0,134.76,1.0,31.47722045200492,-1.4443452833539474,31.47722045200492,-1.4443452833539474,1.6315199384554497,-0.006757012828089504,0.034502958207808486
3370.0,134.8,1.0,31.46536050114875,-1.5691889936039671,31.46536050114875,-1.5691889936039671,1.6357567770135226,-0.012288952265410814,0.03554474612314805
3371.0,134.84,1.0,31.456555820716623,-1.6978165069771325,31.456555820716623,-1.6978165069771325,1.6399281060379043,-0.018414927164359673,0.03576485129802497
3372.0,134.88,1.0,31.446176966637353,-1.8255668292487677,31.446176966637353,-1.8255668292487677,1.6440316427321378,-0.025031861468674345,0.03515871301475273
3373.0,134.92000000000002,1.0,31.43753322831443,-1.9547049008287227,31.43753322831443,-1.9547049008287227,1.6480674679914706,-0.03199591506017505,0.03374585651859718
3374.0,134.96,1.0,31.42732505531718,-2.0847261990688266,31.42732505531718,-2.0847261990688266,1.652037621052551,-0.03914111386900306,0.03156751770156652
3375.0,135.0,1.0,31.41920345481388,-2.2109949751595095,31.41920345481388,-2.2109949751595095,1.655944315691516,-0.046272668772446755,0.02868688332921256
3376.0,135.04,1.0,31.40889671589573,-2.335414689636849,31.40889671589573,-2.335414689636849,1.6597935827956536,-0.05319483926236668,0.02518754991493216
3377.0,135.08,1.0,31.40147844531113,-2.459766874545684,31.40147844531113,-2.459766874545684,1.6635929417417814,-0.0597033333364687,0.021169500561422756
3378.0,135.12,1.0,31.393154358728424,-2.5826352746797814,31.393154358728424,-2.5826352746797814,1.6673519122120986,-0.06558808424008797,0.01674446767909297
3379.0,135.16,1.0,31.384792702987163,-2.707697267540484,31.384792702987163,-2.707697267540484,1.6710839533192583,-0.07063507820843445,0.012033503420465736
3380.0,135.2,1.0,31.37458612817136,-2.833653662759796,31.37458612817136,-2.833653662759796,1.67480064928323,-0.07465033555597136,0.007163891776242515
3381.0,135.24,1.0,31.362073011014267,-2.962486241087567,31.362073011014267,-2.962486241087567,1.6785144785023458,-0.07745419849781773,0.002266073676186973
3382.0,135.28,1.0,31.34806961710287,-3.0897432252032986,31.34806961710287,-3.0897432252032986,1.6822338238232313,-0.07890456283478157,-0.002533075204904007
3383.0,135.32,1.0,31.334030070458493,-3.219444413079791,31.334030070458493,-3.219444413079791,1.6859708318051247,-0.07888656611611128,-0.0071132261520050356
3384.0,135.36,1.0,31.31895033655072,-3.3489652063717394,31.31895033655072,-3.3489652063717394,1.689734207238173,-0.07733750846071702,-0.01136199149264446
3385.0,135.4,1.0,31.30520845451498,-3.481098021618601,31.30520845451498,-3.481098021618601,1.69353371578192,-0.0742373458503044,-0.01517641573567501
3386.0,135.44,1.0,31.289002743857928,-3.6128145026688707,31.289002743857928,-3.6128145026688707,1.6973765099250702,-0.0696278086289685,-0.018467721011713054
3387.0,135.48,1.0,31.271755364815213,-3.743878984838124,31.271755364815213,-3.743878984838124,1.7012680814132835,-0.0635917832907508,-0.02116421041974184
3388.0,135.52,1.0,31.259065349939853,-3.8804596353176457,31.259065349939853,-3.8804596353176457,1.705211981372706,-0.056260752786305754,-0.023211550241702694
3389.0,135.56,1.0,31.243438827009392,-4.015262359224166,31.243438827009392,-4.015262359224166,1.7092082530911274,-0.047807493684267746,-0.024571658803263317
3390.0,135.6,1.0,31.22728601690638,-4.154513419942981,31.22728601690638,-4.154513419942981,1.713252135412651,-0.03844476700272975,-0.025225191997884068
3391.0,135.64000000000001,1.0,31.205679821572573,-4.287725068846618,31.205679821572573,-4.287725068846618,1.7173374157419432,-0.028418825069166376,-0.025172610971992675
3392.0,135.68,1.0,31.187694761682188,-4.423741771936397,31.187694761682188,-4.423741771936397,1.7214576532559185,-0.01800239714313756,-0.024433871880233996
3393.0,135.72,1.0,31.166147455866074,-4.555211744747345,31.166147455866074,-4.555211744747345,1.7256083761280014,-0.007489605716207171,-0.023044511776708975
3394.0,135.76,1.0,31.145543933660754,-4.687600241318929,31.145543933660754,-4.687600241318929,1.7297834046956226,0.0028087402112973114,-0.02105522048647423
3395.0,135.8,1.0,31.121671180467313,-4.821151924377673,31.121671180467313,-4.821151924377673,1.7339784002377783,0.01257760958286589,-0.01853168719348904
3396.0,135.84,1.0,31.098770293585954,-4.957040976649907,31.098770293585954,-4.957040976649907,1.7381881250920397,0.02150530644799,-0.015554009539982766
3397.0,135.88,1.0,31.071934447931703,-5.091826551734169,31.071934447931703,-5.091826551734169,1.742408398237238,0.029310872434776702,-0.012211539754781921
3398.0,135.92000000000002,1.0,31.048754966482186,-5.228363034545401,31.048754966482186,-5.228363034545401,1.7466363131802787,0.0357392521622088,-0.008599964060812355
3399.0,135.96,1.0,31.020367259710707,-5.361234598837987,31.020367259710707,-5.361234598837987,1.7508656853671194,0.04057600816768927,-0.004820349923406032
3400.0,136.0,1.0,30.994423678233517,-5.493750280411301,30.994423678233517,-5.493750280411301,1.7550941341429016,0.043645789496762934,-0.0009792384245975957
3401.0,136.04,1.0,30.967193028456165,-5.620570065525591,30.967193028456165,-5.620570065525591,1.7593188846658538,0.044819416742047494,0.0028159431233007485
3402.0,136.08,1.0,30.94228059130463,-5.7478758222648265,30.94228059130463,-5.7478758222648265,1.763542386759481,0.04402872558871655,0.006461455690708329
3403.0,136.12,1.0,30.916021960936252,-5.873653659326751,30.916021960936252,-5.873653659326751,1.76776396334484,0.041258271479659436,0.00985943882318376
3404.0,136.16,1.0,30.890678899275677,-5.999895390504464,30.890678899275677,-5.999895390504464,1.7719846367725136,0.036555312436680684,0.012917224469973652
3405.0,136.2,1.0,30.86156928964727,-6.126524326523148,30.86156928964727,-6.126524326523148,1.776203280625214,0.030017796426458652,0.015550662365325183
3406.0,136.24,1.0,30.835950409049225,-6.250623708366556,30.835950409049225,-6.250623708366556,1.7804193830554234,0.021808799256916644,0.017687381826268684
3407.0,136.28,1.0,30.807869355241046,-6.378873622881246,30.807869355241046,-6.378873622881246,1.7846315078755635,0.012139430657120687,0.01926987279783171
3408.0,136.32,1.0,30.775763433659556,-6.501996960189684,30.775763433659556,-6.501996960189684,1.7888388157135533,0.00126094277008576,0.0202540880612416
3409.0,136.36,1.0,30.74505421927541,-6.6288519068297616,30.74505421927541,-6.6288519068297616,1.793038282091734,-0.010548933400161298,0.02060976634149932
3410.0,136.4,1.0,30.715171229901507,-6.7508113113139085,30.715171229901507,-6.7508113113139085,1.7972327551862481,-0.022994257111363138,0.02032301636621952
3411.0,136.44,1.0,30.68872628449904,-6.877182623869901,30.68872628449904,-6.877182623869901,1.8014240175834875,-0.035766105830977626,0.019398683317701497
3412.0,136.48,1.0,30.658718869782454,-7.000377999435943,30.658718869782454,-7.000377999435943,1.8056179287735812,-0.048554172971016954,0.01785859409538066
3413.0,136.52,1.0,30.630067974729723,-7.126098225749914,30.630067974729723,-7.126098225749914,1.809815661285895,-0.06106352451351656,0.015738369306752386
3414.0,136.56,1.0,30.59995243233903,-7.250460716906875,30.59995243233903,-7.250460716906875,1.8140217551167521,-0.07301299695114472,0.013087693192380326
3415.0,136.6,1.0,30.571543261062402,-7.376892220200977,30.571543261062402,-7.376892220200977,1.8182387161588636,-0.08414696008341119,0.009971684448667872
3416.0,136.64000000000001,1.0,30.540726616421203,-7.501534339996809,30.540726616421203,-7.501534339996809,1.8224720869138626,-0.09422768240731107,0.0064685381185290835
3417.0,136.68,1.0,30.51211254472697,-7.627652940366201,30.51211254472697,-7.627652940366201,1.8267268212465961,-0.10306570370966708,0.0026654899283459076
3418.0,136.72,1.0,30.47806216691247,-7.752818825899027,30.47806216691247,-7.752818825899027,1.831008602015875,-0.1105078635765672,-0.0013441986945977643
3419.0,136.76,1.0,30.448926794409964,-7.879804974945628,30.448926794409964,-7.879804974945628,1.8353249505873936,-0.11645113439357346,-0.005462219902926007
3420.0,136.8,1.0,30.415481677571098,-8.006622711666306,30.415481677571098,-8.006622711666306,1.8396849129735984,-0.12082221103263487,-0.009586734271904915
3421.0,136.84,1.0,30.3831463354967,-8.136228683241072,30.3831463354967,-8.136228683241072,1.8440962308734128,-0.12359377804714926,-0.013616821800781758
3422.0,136.88,1.0,30.346861315207462,-8.267640585073629,30.346861315207462,-8.267640585073629,1.8485647770912865,-0.12478071706020097,-0.017456366393604424
3423.0,136.92000000000002,1.0,30.31170794465745,-8.401599913408694,30.31170794465745,-8.401599913408694,1.8530953844162483,-0.12443952348675662,-0.02101571100729767
3424.0,136.96,1.0,30.2738400070458,-8.535966995799953,30.2738400070458,-8.535966995799953,1.8576942623634636,-0.12264941096495378,-0.024211322966733055
3425.0,137.0,1.0,30.236865677137512,-8.671883452009943,30.236865677137512,-8.671883452009943,1.8623680747530476,-0.11951408187130066,-0.026969978168349694
3426.0,137.04,1.0,30.197066109582885,-8.80963536344748,30.197066109582885,-8.80963536344748,1.8671238033901403,-0.11515178473954477,-0.029232058765256242
3427.0,137.08,1.0,30.15683091475765,-8.94778079715459,30.15683091475765,-8.94778079715459,1.8719671675673908,-0.1096993387933169,-0.03095307427213743
3428.0,137.12,1.0,30.116052935807517,-9.083792788617904,30.116052935807517,-9.083792788617904,1.8769025546214155,-0.10329537093643035,-0.03210190585066054
3429.0,137.16,1.0,30.074523436809876,-9.218174179451118,30.074523436809876,-9.218174179451118,1.8819346271957698,-0.09608517553643363,-0.032661763433522104
3430.0,137.20000000000002,1.0,30.032002736282674,-9.352600938502423,30.032002736282674,-9.352600938502423,1.88706285798789,-0.08820450903274515,-0.032630748098890286
3431.0,137.24,1.0,29.98893794201327,-9.48440378404042,29.98893794201327,-9.48440378404042,1.892285335784645,-0.07979638830103111,-0.0320224213999029
3432.0,137.28,1.0,29.943169174022508,-9.61710479050134,29.943169174022508,-9.61710479050134,1.8975961916696193,-0.07098447131960396,-0.030863380207794767
3433.0,137.32,1.0,29.897280345384655,-9.748987878261522,29.897280345384655,-9.748987878261522,1.9029911759207827,-0.06187516640895796,-0.02919126359713307
3434.0,137.36,1.0,29.85077127839519,-9.881980842988552,29.85077127839519,-9.881980842988552,1.908462577484195,-0.05255623654243626,-0.02705296178932994
3435.0,137.4,1.0,29.802950957649152,-10.013801243922769,29.802950957649152,-10.013801243922769,1.9140015539117932,-0.04311727130253438,-0.024504802910912594
3436.0,137.44,1.0,29.75587845201776,-10.145411435064133,29.75587845201776,-10.145411435064133,1.9195943876494486,-0.033640205346488296,-0.021608634042425072
3437.0,137.48,1.0,29.70685999415765,-10.277754420192236,29.70685999415765,-10.277754420192236,1.925224769444967,-0.024205136175611496,-0.018429369390270595
3438.0,137.52,1.0,29.656485259279112,-10.412004496013132,29.656485259279112,-10.412004496013132,1.9308734899266913,-0.014886463582464916,-0.015032370209043008
3439.0,137.56,1.0,29.60206516990499,-10.549200711567577,29.60206516990499,-10.549200711567577,1.9365205479695646,-0.005758849414786793,-0.011483674828008286
3440.0,137.6,1.0,29.548063066589094,-10.685116135561568,29.548063066589094,-10.685116135561568,1.9421438313234465,0.0031067876161760878,-0.00784684791287757
3441.0,137.64000000000001,1.0,29.492796454327202,-10.82157440058531,29.492796454327202,-10.82157440058531,1.9477233626417778,0.011625981980767752,-0.004181048519424508
3442.0,137.68,1.0,29.43913873719141,-10.955609118790042,29.43913873719141,-10.955609118790042,1.9532395727217051,0.019717091134926135,-0.0005390705242692882
3443.0,137.72,1.0,29.383897214671073,-11.088354738722833,29.383897214671073,-11.088354738722833,1.958675579667553,0.027288285148533355,0.0030324220279821347
3444.0,137.76,1.0,29.330404356594283,-11.217896232452137,29.330404356594283,-11.217896232452137,1.9640135896681241,0.03423838048972795,0.006493264547638206
3445.0,137.8,1.0,29.272733566480916,-11.351155924561384,29.272733566480916,-11.351155924561384,1.9692377007382436,0.040461378407656415,0.009809776048985381
3446.0,137.84,1.0,29.21610779616976,-11.479153978108313,29.21610779616976,-11.479153978108313,1.9743325917185968,0.04585643354904288,0.012955512046055825
3447.0,137.88,1.0,29.15780292312772,-11.608362561587288,29.15780292312772,-11.608362561587288,1.979286919459783,0.05031684817883867,0.015909616596402474
3448.0,137.92000000000002,1.0,29.099815998896663,-11.735551807599958,29.099815998896663,-11.735551807599958,1.9840925887759895,0.053741546670912334,0.01865585354319645
3449.0,137.96,1.0,29.042294144687595,-11.863770475041466,29.042294144687595,-11.863770475041466,1.9887460200325227,0.05604210682840964,0.021181113326435737
3450.0,138.0,1.0,28.98387616660216,-11.990502319847822,28.98387616660216,-11.990502319847822,1.9932472385276558,0.05714811987312126,0.023475333060521013
3451.0,138.04,1.0,28.924377509176374,-12.11867871930338,28.924377509176374,-12.11867871930338,1.997600269454591,0.05700767399601088,0.02552917138746256
3452.0,138.08,1.0,28.86558202159472,-12.245961707138301,28.86558202159472,-12.245961707138301,2.001813143341788,0.05560517179840592,0.027332752985516205
3453.0,138.12,1.0,28.80663303609797,-12.370933628765195,28.80663303609797,-12.370933628765195,2.005896377974848,0.05295448616082088,0.028874517137237033
3454.0,138.16,1.0,28.74758270041236,-12.495054583284682,28.74758270041236,-12.495054583284682,2.009863014689054,0.049101802634964484,0.03014102148172463
3455.0,138.20000000000002,1.0,28.68783732498914,-12.61726202783336,28.68783732498914,-12.61726202783336,2.0137281082156924,0.044133030936681215,0.031116183993202977
3456.0,138.24,1.0,28.624954303812792,-12.742415697772723,28.624954303812792,-12.742415697772723,2.017509615790741,0.03817692851938696,0.03178055399031286
3457.0,138.28,1.0,28.563113255860564,-12.865012705053747,28.563113255860564,-12.865012705053747,2.0212282065856524,0.03139999876716153,0.03211168869825295
3458.0,138.32,1.0,28.500871864445976,-12.988505673599358,28.500871864445976,-12.988505673599358,2.0249056349784427,0.024012717624385303,0.03208562411796602
3459.0,138.36,1.0,28.440653924968313,-13.108059443659693,28.440653924968313,-13.108059443659693,2.028564440463633,0.016250746199424217,0.031678633762949875
3460.0,138.4,1.0,28.381747910808173,-13.228421257400166,28.381747910808173,-13.228421257400166,2.0322252428635794,0.008359219112775462,0.030868519402332022
3461.0,138.44,1.0,28.322137479240716,-13.348348605970468,28.322137479240716,-13.348348605970468,2.03590767368958,0.0006056485300318215,0.029636217186043083
3462.0,138.48,1.0,28.26108210816745,-13.469481556898424,28.26108210816745,-13.469481556898424,2.039627786329489,-0.006733405797586012,0.027968627195672408
3463.0,138.52,1.0,28.198159264778024,-13.591371861428097,28.198159264778024,-13.591371861428097,2.043396059820428,-0.01339145157612991,0.025860919913082
3464.0,138.56,1.0,28.13383778260441,-13.713579430826496,28.13383778260441,-13.713579430826496,2.047218084441599,-0.019125740492439192,0.023318506277962277
3465.0,138.6,1.0,28.072051205415413,-13.829572790271314,28.072051205415413,-13.829572790271314,2.0510939641727957,-0.023718439336579532,0.020358662676682338
3466.0,138.64000000000001,1.0,28.010571422518456,-13.947143009833436,28.010571422518456,-13.947143009833436,2.0550209172911718,-0.026991746118428094,0.01701246926918007
3467.0,138.68,1.0,27.94717082198859,-14.06716431207314,27.94717082198859,-14.06716431207314,2.0589909628068623,-0.02881705694542238,0.013326846671961745
3468.0,138.72,1.0,27.88310198606165,-14.188261056097241,27.88310198606165,-14.188261056097241,2.062992328449744,-0.029118008712848732,0.009364362045417985
3469.0,138.76,1.0,27.81683070927641,-14.311296458487115,27.81683070927641,-14.311296458487115,2.0670098562926658,-0.027874284519115767,0.005202486610042361
3470.0,138.8,1.0,27.75162815530832,-14.43393951971162,27.75162815530832,-14.43393951971162,2.0710259830760993,-0.02511978654350987,0.0009318114172530035
3471.0,138.84,1.0,27.68688966556701,-14.560472315577652,27.68688966556701,-14.560472315577652,2.075023306845595,-0.020934095477502267,-0.0033442700123844636
3472.0,138.88,1.0,27.622588685518718,-14.68548268394564,27.622588685518718,-14.68548268394564,2.0789818598550935,-0.015473918795243425,-0.007512254230562759
3473.0,138.92000000000002,1.0,27.557657948779642,-14.813292503603055,27.557657948779642,-14.813292503603055,2.082884347663151,-0.008952805159472476,-0.011452904446005474
3474.0,138.96,1.0,27.491045511302598,-14.941023253407328,27.491045511302598,-14.941023253407328,2.0867168819457786,-0.0016194722554799812,-0.015046128784074356
3475.0,139.0,1.0,27.424148438285265,-15.069881803502991,27.424148438285265,-15.069881803502991,2.090472066865254,0.006259949070145532,-0.018175156856436038
3476.0,139.04,1.0,27.3566267477201,-15.196326786278595,27.3566267477201,-15.196326786278595,2.094148204947486,0.014390760043613383,-0.020730721681651115
3477.0,139.08,1.0,27.2877790177457,-15.321848768862605,27.2877790177457,-15.321848768862605,2.097747627478605,0.0224722677840004,-0.02261629414185014
3478.0,139.12,1.0,27.218290749220074,-15.444192562654518,27.218290749220074,-15.444192562654518,2.101278508575105,0.03019898370786065,-0.02375366966694117
3479.0,139.16,1.0,27.146739218294954,-15.565583616573141,27.146739218294954,-15.565583616573141,2.104752385353187,0.03728432109980251,-0.024086671145219053
3480.0,139.20000000000002,1.0,27.07409334341391,-15.689610488695205,27.07409334341391,-15.689610488695205,2.108185800957558,0.04346643622960418,-0.023584141433092516
3481.0,139.24,1.0,26.99986506660403,-15.809159584400447,26.99986506660403,-15.809159584400447,2.1115967656378136,0.04852165867282121,-0.022241999724336096
3482.0,139.28,1.0,26.924869510832554,-15.92828935022971,26.924869510832554,-15.92828935022971,2.115004381890402,0.05226967645663698,-0.020087304971877766
3483.0,139.32,1.0,26.8508463838857,-16.04255634122085,26.8508463838857,-16.04255634122085,2.1184309796940815,0.05460497344232788,-0.017178543738972707
3484.0,139.36,1.0,26.776601292119256,-16.158570709992325,26.776601292119256,-16.158570709992325,2.12189766765208,0.055486191408728736,-0.013603869757131144
3485.0,139.4,1.0,26.703346260679005,-16.27339939845567,26.703346260679005,-16.27339939845567,2.1254254380469018,0.05492699167034757,-0.009477292513458477
3486.0,139.44,1.0,26.627835795533695,-16.389080196167882,26.627835795533695,-16.389080196167882,2.129029382061098,0.052990437306673174,-0.004936490851377434
3487.0,139.48,1.0,26.554821692338187,-16.500159122168643,26.554821692338187,-16.500159122168643,2.1327212770494226,0.04981478833343304,-0.00013919335690195343
3488.0,139.52,1.0,26.481934621990025,-16.61153327866854,26.481934621990025,-16.61153327866854,2.136507882816953,0.04558201291870626,0.004742983337393691
3489.0,139.56,1.0,26.410000104011676,-16.72075831324772,26.410000104011676,-16.72075831324772,2.140390750495179,0.04052634411244661,0.009532108326228906
3490.0,139.6,1.0,26.336419395006192,-16.832039992117622,26.336419395006192,-16.832039992117622,2.14436733776128,0.03490905400703167,0.014050889847445198
3491.0,139.64000000000001,1.0,26.26159899927864,-16.938547524555286,26.26159899927864,-16.938547524555286,2.1484274830129584,0.02901008493095091,0.01812849837062607
3492.0,139.68,1.0,26.183935423956278,-17.050621815581373,26.183935423956278,-17.050621815581373,2.152559245874954,0.023120139827635854,0.021607111597717325
3493.0,139.72,1.0,26.107148439749466,-17.159772398136756,26.107148439749466,-17.159772398136756,2.1567465233622634,0.017532106690064664,0.024350962074939055
3494.0,139.76,1.0,26.03118973493442,-17.27154910735127,26.03118973493442,-17.27154910735127,2.1609704536384498,0.012513759703809834,0.026252155046062636
3495.0,139.8,1.0,25.951889205522598,-17.38392924917519,25.951889205522598,-17.38392924917519,2.1652092765027624,0.008304687264838495,0.027234719992817347
3496.0,139.84,1.0,25.87385146936723,-17.496297086601718,25.87385146936723,-17.496297086601718,2.169438079869283,0.005112586452818213,0.02725607880716337
3497.0,139.88,1.0,25.796091931097372,-17.608612948580202,25.796091931097372,-17.608612948580202,2.173633657958762,0.0031018888301946545,0.026311365840301644
3498.0,139.92000000000002,1.0,25.719174791370712,-17.72009929339601,25.719174791370712,-17.72009929339601,2.1777713030992336,0.002372855140338448,0.024434596915935882
3499.0,139.96,1.0,25.644484638368688,-17.83164615766679,25.644484638368688,-17.83164615766679,2.1818297564247042,0.0029812221374345914,0.021697102303074454
3500.0,140.0,1.0,25.568849962187393,-17.94032026830962,25.568849962187393,-17.94032026830962,2.185789989738764,0.004926546295585943,0.01820284032362255
3501.0,140.04,1.0,25.49366292488572,-18.053764629105043,25.49366292488572,-18.053764629105043,2.189637694326581,0.008155317053664768,0.01408407639746415
3502.0,140.08,1.0,25.41838511082736,-18.168543246658174,25.41838511082736,-18.168543246658174,2.1933666166817933,0.012566133719591931,0.009497615528997472
3503.0,140.12,1.0,25.34190950220207,-18.284064023108094,25.34190950220207,-18.284064023108094,2.1969749381000834,0.018014883024186558,0.004618487504530826
3504.0,140.16,1.0,25.26563227536401,-18.39863234025057,25.26563227536401,-18.39863234025057,2.2004687461848755,0.02431186942373622,-0.0003695024849676012
3505.0,140.20000000000002,1.0,25.187015675722503,-18.513914230549442,25.187015675722503,-18.513914230549442,2.2038578832613647,0.031242681529294315,-0.005282278736193876
3506.0,140.24,1.0,25.109047288719566,-18.627541216345964,25.109047288719566,-18.627541216345964,2.207159873559704,0.03857577486119083,-0.009942083935719383
3507.0,140.28,1.0,25.028727211718564,-18.740876670258906,25.028727211718564,-18.740876670258906,2.2103976492400674,0.04606134808680627,-0.014183389233181094
3508.0,140.32,1.0,24.946295809580466,-18.855423481333858,24.946295809580466,-18.855423481333858,2.2135986439270185,0.053456941319920945,-0.017862261170279874
3509.0,140.36,1.0,24.86227454607937,-18.967205119712304,24.86227454607937,-18.967205119712304,2.216796291980797,0.060530185295457097,-0.02086250195450191
3510.0,140.4,1.0,24.778843402534868,-19.077244042436885,24.778843402534868,-19.077244042436885,2.2200253850970135,0.06706496314083157,-0.02310005539333387
3511.0,140.44,1.0,24.69513392896352,-19.187668628286932,24.69513392896352,-19.187668628286932,2.223323427892625,0.07287035109255523,-0.02452378016832691
3512.0,140.48,1.0,24.61283096424004,-19.29390070980525,24.61283096424004,-19.29390070980525,2.2267257535056713,0.07779996855074502,-0.02511766385725934
3513.0,140.52,1.0,24.529414419974103,-19.400376533505245,24.529414419974103,-19.400376533505245,2.230262361854028,0.08174308801836136,-0.024902232768875047
3514.0,140.56,1.0,24.446025420912903,-19.502722008477583,24.446025420912903,-19.502722008477583,2.23395705461573,0.08462336706936194,-0.023933140668683992
3515.0,140.6,1.0,24.36544452130549,-19.603327183824216,24.36544452130549,-19.603327183824216,2.2378248139229915,0.08640891671234649,-0.02229605833787525
3516.0,140.64000000000001,1.0,24.284645023713875,-19.703645032883912,24.284645023713875,-19.703645032883912,2.241875638003513,0.08710700814468522,-0.020100792069424854
3517.0,140.68,1.0,24.20229160363757,-19.803536000303744,24.20229160363757,-19.803536000303744,2.2461104467509143,0.08676114588737871,-0.017477402314752383
3518.0,140.72,1.0,24.119325486637187,-19.90570917198309,24.119325486637187,-19.90570917198309,2.2505253299313233,0.08546042254653308,-0.014570377940840845
3519.0,140.76,1.0,24.034898313989252,-20.008486535416843,24.034898313989252,-20.008486535416843,2.2551083717271316,0.08332024914997829,-0.011529544695684598
3520.0,140.8,1.0,23.950102970172587,-20.111920736520815,23.950102970172587,-20.111920736520815,2.2598409826193095,0.08048716207187741,-0.008502278115628512
3521.0,140.84,1.0,23.86558987991938,-20.210483177433616,23.86558987991938,-20.210483177433616,2.264698319354637,0.07712808867698022,-0.005627220645571433
3522.0,140.88,1.0,23.781161287632436,-20.307181874976003,23.781161287632436,-20.307181874976003,2.269648978715196,0.07342561774875271,-0.0030294523894752795
3523.0,140.92000000000002,1.0,23.696718027775628,-20.40387340622024,23.696718027775628,-20.40387340622024,2.2746576807795376,0.06954924676779253,-0.0008138300439569911
3524.0,140.96,1.0,23.6123035675046,-20.500016014142464,23.6123035675046,-20.500016014142464,2.2796892419640216,0.06567705612463508,0.0009403371917198656
3525.0,141.0,1.0,23.52788060682787,-20.595825685481618,23.52788060682787,-20.595825685481618,2.2847111174125816,0.06198235395296899,0.0021824649112766195
3526.0,141.04,1.0,23.44388887313981,-20.691911355304782,23.44388887313981,-20.691911355304782,2.289695682117001,0.0586266694057422,0.0028906348847931836
3527.0,141.08,1.0,23.358907888307595,-20.78935346035212,23.358907888307595,-20.78935346035212,2.2946185159460954,0.05574467892074236,0.0030710456080053255
3528.0,141.12,1.0,23.27764751594334,-20.885664794447795,23.27764751594334,-20.885664794447795,2.299461796527402,0.05344718707571069,0.0027588434954521094
3529.0,141.16,1.0,23.194677031840655,-20.982721386956133,23.194677031840655,-20.982721386956133,2.304209559781387,0.05180920913324903,0.0020156925198407368
3530.0,141.20000000000002,1.0,23.111682845914736,-21.07991360246817,23.111682845914736,-21.07991360246817,2.3088517441349077,0.05087179866764642,0.0009247051525021449
3531.0,141.24,1.0,23.02707581910311,-21.178927482600184,23.02707581910311,-21.178927482600184,2.313381741397749,0.05064080813103694,-0.00041549901954752045
3532.0,141.28,1.0,22.94265544660888,-21.274582565248743,22.94265544660888,-21.274582565248743,2.3177989824154,0.05107919196269826,-0.0018947620333798632
3533.0,141.32,1.0,22.856114765383406,-21.369807255387567,22.856114765383406,-21.369807255387567,2.3221092413082816,0.05211209648033345,-0.003397052269321564
3534.0,141.36,1.0,22.76843565396177,-21.464314292500315,22.76843565396177,-21.464314292500315,2.3263252356166393,0.05364099961213057,-0.004807109797425491
3535.0,141.4,1.0,22.679505053759335,-21.55926879299592,22.679505053759335,-21.55926879299592,2.3304634556449266,0.05552746804074361,-0.0060166742102273265
3536.0,141.44,1.0,22.590555359168743,-21.65252712461539,22.590555359168743,-21.65252712461539,2.3345420529639664,0.05760331185334476,-0.006928964830717163
3537.0,141.48,1.0,22.50255344036773,-21.745872089819425,22.50255344036773,-21.745872089819425,2.338578870964583,0.059677359470570665,-0.007462017223775999
3538.0,141.52,1.0,22.412663885297682,-21.83686932500588,22.412663885297682,-21.83686932500588,2.342590311115435,0.0615571022977349,-0.0075520614750510875
3539.0,141.56,1.0,22.32306568173373,-21.926101203960165,22.32306568173373,-21.926101203960165,2.3465883621760057,0.06304034488376216,-0.007157810835375094
3540.0,141.6,1.0,22.232318022711734,-22.01336738380929,22.232318022711734,-22.01336738380929,2.350583164897542,0.06392903066013096,-0.006261292797727092
3541.0,141.64000000000001,1.0,22.14215344945479,-22.10256474564249,22.14215344945479,-22.10256474564249,2.354581460940691,0.06403181166124863,-0.004867133308504495
3542.0,141.68,1.0,22.051667535607013,-22.188876621653943,22.051667535607013,-22.188876621653943,2.358587151974533,0.06317072678170252,-0.003000574057616973
3543.0,141.72,1.0,21.9609576437992,-22.27859942435827,21.9609576437992,-22.27859942435827,2.3626006736592897,0.0612013943839001,-0.0007073056059895121
3544.0,141.76,1.0,21.870517696383963,-22.365588738993285,21.870517696383963,-22.365588738993285,2.366616827841308,0.05800832006821942,0.0019500486907118037
3545.0,141.8,1.0,21.780833046431617,-22.45340899229108,21.780833046431617,-22.45340899229108,2.370624998660724,0.053515461658453764,0.00489556701900269
3546.0,141.84,1.0,21.690325155258783,-22.539380794793043,21.690325155258783,-22.539380794793043,2.374609450646692,0.04768699979283555,0.008044532436021639
3547.0,141.88,1.0,21.601912427862548,-22.62367221739096,21.601912427862548,-22.62367221739096,2.378551608821616,0.040544180472404365,0.011306412763291408
3548.0,141.92000000000002,1.0,21.51102115551067,-22.705177927894542,21.51102115551067,-22.705177927894542,2.3824296163183716,0.0321521050798519,0.014588922786252734
3549.0,141.96,1.0,21.42210622053037,-22.78641268930599,21.42210622053037,-22.78641268930599,2.3862221030724298,0.022615916923419854,0.01780154645835401
3550.0,142.0,1.0,21.331188729537892,-22.867746606016787,21.331188729537892,-22.867746606016787,2.3899101780007674,0.012081808235534175,0.020860031005611894
3551.0,142.04,1.0,21.242030266103487,-22.946341978371567,21.242030266103487,-22.946341978371567,2.393478422836311,0.0007350819237383899,0.02368802440390793
3552.0,142.08,1.0,21.151001111266517,-23.027856550121584,21.151001111266517,-23.027856550121584,2.396914006856603,-0.011194967713116876,0.026218545827903273
3553.0,142.12,1.0,21.06182258694199,-23.108916499804746,21.06182258694199,-23.108916499804746,2.400208939562318,-0.02344773589316638,0.028395051532305038
3554.0,142.16,1.0,20.971324098947463,-23.19053745438925,20.971324098947463,-23.19053745438925,2.4033580634424494,-0.0357453973884377,0.030173544197522894
3555.0,142.20000000000002,1.0,20.882156881539125,-23.270719947921357,20.882156881539125,-23.270719947921357,2.406362683718144,-0.04779775754204749,0.03152148468436753
3556.0,142.24,1.0,20.793628163631002,-23.349850434154355,20.793628163631002,-23.349850434154355,2.4092282827522378,-0.059314025305864104,0.03241724287048913
3557.0,142.28,1.0,20.70428967287182,-23.42814467641625,20.70428967287182,-23.42814467641625,2.4119662488467815,-0.07000740874837176,0.03284871581512385
3558.0,142.32,1.0,20.614846437295643,-23.508146155201015,20.614846437295643,-23.508146155201015,2.4145923991145635,-0.07962455121680893,0.03281279172340384
3559.0,142.36,1.0,20.52480788816781,-23.588186169570495,20.52480788816781,-23.588186169570495,2.417129711469241,-0.08793429286791629,0.03231318883601162
3560.0,142.4,1.0,20.433062516667736,-23.668840728848412,20.433062516667736,-23.668840728848412,2.4196039679837034,-0.09474819639136486,0.031359486001926076
3561.0,142.44,1.0,20.340028871328826,-23.749922908587923,20.340028871328826,-23.749922908587923,2.4220423957621833,-0.0999108125521763,0.029965290983668836
3562.0,142.48,1.0,20.2436849424,-23.834334807806588,20.2436849424,-23.834334807806588,2.424471319640685,-0.10332305306260445,0.02814788361305402
3563.0,142.52,1.0,20.14737418996669,-23.915023632263406,20.14737418996669,-23.915023632263406,2.426916422021206,-0.10494981472164633,0.02592734569336235
3564.0,142.56,1.0,20.0480619617361,-23.999023214548846,20.0480619617361,-23.999023214548846,2.4294001051230874,-0.10481798867548112,0.023326024711116427
3565.0,142.6,1.0,19.94929637035907,-24.08247354565936,19.94929637035907,-24.08247354565936,2.4319428350894965,-0.1030092968513732,0.020367833008143
3566.0,142.64000000000001,1.0,19.847909471400346,-24.16987985261087,19.847909471400346,-24.16987985261087,2.434560705259118,-0.09965334155284174,0.01707957958205968
3567.0,142.68,1.0,19.746717023703223,-24.25613186227281,19.746717023703223,-24.25613186227281,2.4372674210191088,-0.09493757278246759,0.013491192765590371
3568.0,142.72,1.0,19.644841312794718,-24.344091736118422,19.644841312794718,-24.344091736118422,2.440073737768132,-0.08909209975169317,0.009635887303372642
3569.0,142.76,1.0,19.545068962999004,-24.43088040146427,19.545068962999004,-24.43088040146427,2.44298648906632,-0.08237684427820113,0.005550676408135409
3570.0,142.8,1.0,19.44596490876898,-24.516436349215795,19.44596490876898,-24.516436349215795,2.4460066394907454,-0.07507426255327934,0.0012778179536882337
3571.0,142.84,1.0,19.344824895850564,-24.601547875710047,19.344824895850564,-24.601547875710047,2.449131582545628,-0.0674706969780815,-0.0031351812119194884
3572.0,142.88,1.0,19.245559139464365,-24.684623019230973,19.245559139464365,-24.684623019230973,2.4523567984678003,-0.05986325271132632,-0.007635441546213158
3573.0,142.92000000000002,1.0,19.14425148350482,-24.770173417939347,19.14425148350482,-24.770173417939347,2.45567676695273,-0.052534363157828945,-0.012164698343622049
3574.0,142.96,1.0,19.045026237374817,-24.855368381104988,19.045026237374817,-24.855368381104988,2.459087251337423,-0.04574286749524179,-0.016659265551178134
3575.0,143.0,1.0,18.9450151704591,-24.941304539818365,18.9450151704591,-24.941304539818365,2.4625860472731764,-0.03971023602354813,-0.02105120343094056
3576.0,143.04,1.0,18.843971620602918,-25.027862547263048,18.843971620602918,-25.027862547263048,2.466173763484458,-0.034627416893376096,-0.02527017243518962
3577.0,143.08,1.0,18.74090679316981,-25.11704078404697,18.74090679316981,-25.11704078404697,2.469853523584562,-0.03064880121784478,-0.029245889362195604
3578.0,143.12,1.0,18.638730338804997,-25.203939180878614,18.638730338804997,-25.203939180878614,2.4736305264292597,-0.02786993081640544,-0.032909423594443515
3579.0,143.16,1.0,18.5344714644665,-25.29108620292493,18.5344714644665,-25.29108620292493,2.4775099675972556,-0.02633687292488295,-0.0361948474847064
3580.0,143.20000000000002,1.0,18.430341192299423,-25.376572035426403,18.430341192299423,-25.376572035426403,2.4814990129665007,-0.026037665191745052,-0.03904224983293818
3581.0,143.24,1.0,18.326199712926474,-25.460059617273167,18.326199712926474,-25.460059617273167,2.4856068537340454,-0.02692203855104177,-0.04140107884549685
3582.0,143.28,1.0,18.225071182410012,-25.539777211114323,18.225071182410012,-25.539777211114323,2.489845477279201,-0.028895890960149884,-0.043231646663146765
3583.0,143.32,1.0,18.122529147535474,-25.6189038173695,18.122529147535474,-25.6189038173695,2.4942273968991397,-0.031825789068971176,-0.04450620474610673
3584.0,143.36,1.0,18.02071081134894,-25.695708632022434,18.02071081134894,-25.695708632022434,2.4987666126656043,-0.035544177896105825,-0.04521072138941019
3585.0,143.4,1.0,17.916222475303265,-25.772273382707425,17.916222475303265,-25.772273382707425,2.5034746152455414,-0.03987450169184722,-0.04534621549522657
3586.0,143.44,1.0,17.81523239892849,-25.846881026244194,17.81523239892849,-25.846881026244194,2.508360903633629,-0.044645054934505005,-0.04492815384079182
3587.0,143.48,1.0,17.712627614464143,-25.92198091572172,17.712627614464143,-25.92198091572172,2.513430029600714,-0.04968168586564322,-0.0439848336839204
3588.0,143.52,1.0,17.609223387621743,-25.997014487326346,17.609223387621743,-25.997014487326346,2.5186820701035595,-0.05481505514924355,-0.042556038335481564
3589.0,143.56,1.0,17.502766493962284,-26.07329481191288,17.502766493962284,-26.07329481191288,2.524112033873106,-0.0598946145409099,-0.040692652077824944
3590.0,143.6,1.0,17.392923752184572,-26.15057202716296,17.392923752184572,-26.15057202716296,2.5297115647627217,-0.06479430703135318,-0.03845436243199471
3591.0,143.64000000000001,1.0,17.284341335384834,-26.227610506097374,17.284341335384834,-26.227610506097374,2.5354677930116876,-0.06942711299867801,-0.03590576677286904
3592.0,143.68,1.0,17.17316039342586,-26.3058657357424,17.17316039342586,-26.3058657357424,2.541363484998178,-0.07373054196928311,-0.033112451264113094
3593.0,143.72,1.0,17.06304242019882,-26.38131880597148,17.06304242019882,-26.38131880597148,2.5473755963321363,-0.07767936062046268,-0.0301392587034622
3594.0,143.76,1.0,16.949611420681503,-26.457575467373015,16.949611420681503,-26.457575467373015,2.553477098672875,-0.08127856711351059,-0.027048144825661185
3595.0,143.8,1.0,16.834846117899573,-26.533802870135332,16.834846117899573,-26.533802870135332,2.559635694028368,-0.08457184295067786,-0.023894972028023244
3596.0,143.84,1.0,16.718937872688606,-26.608839679966298,16.718937872688606,-26.608839679966298,2.5658179431881276,-0.08760151973856989,-0.02072636014103986
3597.0,143.88,1.0,16.604312081592745,-26.681708410654316,16.604312081592745,-26.681708410654316,2.571988843555183,-0.09041079690968254,-0.017579061754189856
3598.0,143.92000000000002,1.0,16.48799005898382,-26.752219829658635,16.48799005898382,-26.752219829658635,2.578114713922651,-0.09304781766478695,-0.014480217247221894
3599.0,143.96,1.0,16.371599460761885,-26.82429383519182,16.371599460761885,-26.82429383519182,2.584165365232655,-0.09557394879490622,-0.011447102771868823
3600.0,144.0,1.0,16.25624361472549,-26.895480665487675,16.25624361472549,-26.895480665487675,2.5901144852775007,-0.09804864061460275,-0.00848627250756375
3601.0,144.04,1.0,16.139211761213822,-26.96713718252887,16.139211761213822,-26.96713718252887,2.5959414490378387,-0.10051636271760593,-0.0055954289007844535
3602.0,144.08,1.0,16.021062782630693,-27.037721762323265,16.021062782630693,-27.037721762323265,2.601630172707361,-0.10299537911243366,-0.00276671217257955
3603.0,144.12,1.0,15.902902519166119,-27.108798322863322,15.902902519166119,-27.108798322863322,2.6071716688471582,-0.10548854779284515,1.0173129147432805e-05
3604.0,144.16,1.0,15.785360659299982,-27.17887938550924,15.785360659299982,-27.17887938550924,2.612562611412783,-0.10798053707141789,0.0027469677798298156
3605.0,144.20000000000002,1.0,15.668794647239949,-27.24888257152428,15.668794647239949,-27.24888257152428,2.6178065529076964,-0.11043037743963016,0.005453967516495789
3606.0,144.24,1.0,15.549326281715604,-27.316635521525825,15.549326281715604,-27.316635521525825,2.6229130838368646,-0.11276032902565045,0.00813647008760396
3607.0,144.28,1.0,15.42765669995606,-27.386126485310967,15.42765669995606,-27.386126485310967,2.6278966344534522,-0.11489064909160498,0.010790844584838071
3608.0,144.32,1.0,15.305155777026533,-27.453177260466806,15.305155777026533,-27.453177260466806,2.6327764333125137,-0.116730183947837,0.013403541490714294
3609.0,144.36,1.0,15.18116438355823,-27.520311618583285,15.18116438355823,-27.520311618583285,2.637576032961958,-0.11817719511188189,0.015950782025676707
3610.0,144.4,1.0,15.058951095886394,-27.584491317052105,15.058951095886394,-27.584491317052105,2.6423197983316578,-0.1191033650685297,0.01839743731812549
3611.0,144.44,1.0,14.935006065883035,-27.648735448129408,14.935006065883035,-27.648735448129408,2.6470327943435072,-0.11938710148815748,0.02069593124796191
3612.0,144.48,1.0,14.809911774626112,-27.710709865551525,14.809911774626112,-27.710709865551525,2.6517371591905525,-0.11892350551036883,0.02278775443567589
3613.0,144.52,1.0,14.684506739866018,-27.77353833428568,14.684506739866018,-27.77353833428568,2.65645485486253,-0.11763746862856939,0.024606867012742752
3614.0,144.56,1.0,14.555349422160585,-27.833779181392487,14.555349422160585,-27.833779181392487,2.661202663800594,-0.11546147860150098,0.026082620374501923
3615.0,144.6,1.0,14.422185182389796,-27.899022041659272,14.422185182389796,-27.899022041659272,2.665996056845598,-0.11234221186339192,0.027141668783616783
3616.0,144.64000000000001,1.0,14.287579288468455,-27.96279817370882,14.287579288468455,-27.96279817370882,2.670845050057167,-0.10826079817367724,0.027712054964855837
3617.0,144.68,1.0,14.151635365811345,-28.02962220648064,14.151635365811345,-28.02962220648064,2.675757436345497,-0.10324175876347612,0.027727790697378303
3618.0,144.72,1.0,14.01817816380644,-28.096430662418577,14.01817816380644,-28.096430662418577,2.680736458009041,-0.09732924651333352,0.02713386219968548
3619.0,144.76,1.0,13.885343499103982,-28.16111957717137,13.885343499103982,-28.16111957717137,2.6857807759364074,-0.09059000954274414,0.025889042825102314
3620.0,144.8,1.0,13.75317924056364,-28.226433753666065,13.75317924056364,-28.226433753666065,2.6908842598877065,-0.0831229601148357,0.023968733982892308
3621.0,144.84,1.0,13.621006750251249,-28.290765047316597,13.621006750251249,-28.290765047316597,2.696037581641879,-0.07506983097779917,0.021368630561851138
3622.0,144.88,1.0,13.49103618364816,-28.358091750324604,13.49103618364816,-28.358091750324604,2.7012311186008424,-0.06658163607326381,0.01810841653160856
3623.0,144.92000000000002,1.0,13.35771321469536,-28.42224667134089,13.35771321469536,-28.42224667134089,2.7064553702220064,-0.057812088718485,0.014232941747162988
3624.0,144.96,1.0,13.221956673782946,-28.48961546688941,13.221956673782946,-28.48961546688941,2.7117013172316904,-0.048906039301613136,0.009810714365909513
3625.0,145.0,1.0,13.085389660200102,-28.55335745974866,13.085389660200102,-28.55335745974866,2.7169626827985645,-0.04003205141914529,0.0049334128199826285
3626.0,145.04,1.0,12.950070730138767,-28.618267469848526,12.950070730138767,-28.618267469848526,2.722233293667315,-0.031364148555612446,-0.0002855113055048344
3627.0,145.08,1.0,12.815166566473383,-28.679326445297825,12.815166566473383,-28.679326445297825,2.727508635385093,-0.02306135056754477,-0.005713598038266931
3628.0,145.12,1.0,12.68317240217971,-28.741619418791156,12.68317240217971,-28.741619418791156,2.7327832454675276,-0.015262160505097577,-0.011204059172651219
3629.0,145.16,1.0,12.544638495408597,-28.804572926257595,12.544638495408597,-28.804572926257595,2.738053179691225,-0.00810574126919803,-0.016600753558473666
3630.0,145.20000000000002,1.0,12.407763075345297,-28.86807075495729,12.407763075345297,-28.86807075495729,2.743317382569627,-0.0017298403307666522,-0.021743117578966752
3631.0,145.24,1.0,12.26912002861502,-28.930295520445203,12.26912002861502,-28.930295520445203,2.748577680468834,0.003755818764346086,-0.02647155849134744
3632.0,145.28,1.0,12.132502927511807,-28.992987467368284,12.132502927511807,-28.992987467368284,2.7538402513772566,0.008273110486019563,-0.03063350923489013
3633.0,145.32,1.0,11.992374249980138,-29.054364332864587,11.992374249980138,-29.054364332864587,2.7591101667603923,0.011760737012674572,-0.034090506221252356
3634.0,145.36,1.0,11.856374831728377,-29.115372203371038,11.856374831728377,-29.115372203371038,2.764395053542495,0.014162061805967652,-0.036723289191800214
3635.0,145.4,1.0,11.721642467697567,-29.170182871176888,11.721642467697567,-29.170182871176888,2.7697003503961524,0.01543073212155729,-0.03843490495980061
3636.0,145.44,1.0,11.58727750820529,-29.225281059227804,11.58727750820529,-29.225281059227804,2.7750304283439298,0.015552844948187882,-0.039155072862159794
3637.0,145.48,1.0,11.451078041759374,-29.276624983396935,11.451078041759374,-29.276624983396935,2.780388410395811,0.014537907503732572,-0.03884378187466179
3638.0,145.52,1.0,11.312899331962726,-29.3258635665844,11.312899331962726,-29.3258635665844,2.7857784490760022,0.012400870582925683,-0.037493818945918744
3639.0,145.56,1.0,11.17392584340222,-29.37484598733704,11.17392584340222,-29.37484598733704,2.7912063241933933,0.009169891721003276,-0.03513023072179698
3640.0,145.6,1.0,11.03526095502195,-29.422983158246428,11.03526095502195,-29.422983158246428,2.7966784705416665,0.004907881841381812,-0.03180975493687793
3641.0,145.64000000000001,1.0,10.896526224574703,-29.471354668066915,10.896526224574703,-29.471354668066915,2.8021999110775893,-0.00029362304542215336,-0.027618376401228762
3642.0,145.68,1.0,10.757666727548932,-29.51655214522407,10.757666727548932,-29.51655214522407,2.807772257269491,-0.00634068328697962,-0.022669103430893504
3643.0,145.72,1.0,10.621163131350734,-29.5633792873316,10.621163131350734,-29.5633792873316,2.813391967960184,-0.0131287723795239,-0.01709836809108662
3644.0,145.76,1.0,10.484437747816383,-29.60665174633972,10.484437747816383,-29.60665174633972,2.8190525701690157,-0.020538738874044025,-0.011060565491520945
3645.0,145.8,1.0,10.346821679985878,-29.651127472280287,10.346821679985878,-29.651127472280287,2.8247416761259023,-0.02841542446821065,-0.0047229040128886225
3646.0,145.84,1.0,10.20533816993089,-29.68882416365667,10.20533816993089,-29.68882416365667,2.8304448137141476,-0.036587859186629615,0.0017390946622151445
3647.0,145.88,1.0,10.062921977490085,-29.729657676241892,10.062921977490085,-29.729657676241892,2.8361463313490263,-0.04487326159782755,0.008147408879935513
3648.0,145.92000000000002,1.0,9.916451619638808,-29.768988539377897,9.916451619638808,-29.768988539377897,2.841830371804707,-0.05308633373878539,0.014328829917149432
3649.0,145.96,1.0,9.776418162446586,-29.80689028148504,9.776418162446586,-29.80689028148504,2.8474802962709793,-0.061019649713848614,0.02012130555024479
3650.0,146.0,1.0,9.633132961041824,-29.845980331196273,9.633132961041824,-29.845980331196273,2.8530782236516314,-0.06846233638310675,0.025378190429625712
3651.0,146.04,1.0,9.492498276575763,-29.88560503933389,9.492498276575763,-29.88560503933389,2.858605402739548,-0.07521541217526503,0.02997267938573739
3652.0,146.08,1.0,9.350217344232826,-29.923073774831938,9.350217344232826,-29.923073774831938,2.8640423491358846,-0.08108849428197969,0.033800909571585214
3653.0,146.12,1.0,9.210682898610953,-29.960937840164593,9.210682898610953,-29.960937840164593,2.8693720421109443,-0.08588519633748345,0.03678570108850662
3654.0,146.16,1.0,9.067533842142852,-29.998752080789878,9.067533842142852,-29.998752080789878,2.874578802792715,-0.08943223108187784,0.038878486006084755
3655.0,146.20000000000002,1.0,8.925651181916008,-30.035787237609263,8.925651181916008,-30.035787237609263,2.879650460769393,-0.09158487277436625,0.040059373161651396
3656.0,146.24,1.0,8.78191895433676,-30.074586463861692,8.78191895433676,-30.074586463861692,2.88457954425102,-0.0922471937680238,0.04033609451790424
3657.0,146.28,1.0,8.63975188248123,-30.11174913998996,8.63975188248123,-30.11174913998996,2.889364244087155,-0.09135524783505598,0.039743982434653255
3658.0,146.32,1.0,8.49109537001458,-30.15274044283492,8.49109537001458,-30.15274044283492,2.894005657741116,-0.08888439761108105,0.03834431856800864
3659.0,146.36,1.0,8.342320412645355,-30.19049520127346,8.342320412645355,-30.19049520127346,2.8985080325738704,-0.08484338474422577,0.036220087916180435
3660.0,146.4,1.0,8.191789178622637,-30.228097463389872,8.191789178622637,-30.228097463389872,2.9028763850341193,-0.0792994663224414,0.033471728061683914
3661.0,146.44,1.0,8.042313046288488,-30.263326483173376,8.042313046288488,-30.263326483173376,2.9071170967283395,-0.0723681950555419,0.030213559561947316
3662.0,146.48,1.0,7.889604284609698,-30.29974466442453,7.889604284609698,-30.29974466442453,2.9112377045357976,-0.06420858956564095,0.026569736022459333
3663.0,146.52,1.0,7.7377556207571505,-30.334451441891098,7.7377556207571505,-30.334451441891098,2.9152486888879334,-0.055023963458505534,0.02266939980545601
3664.0,146.56,1.0,7.585626804347816,-30.368656634540997,7.585626804347816,-30.368656634540997,2.9191621205864853,-0.04506871663235915,0.01864103108130024
3665.0,146.6,1.0,7.428479743521533,-30.40332058619041,7.428479743521533,-30.40332058619041,2.922994605090218,-0.03461774751528572,0.014607818886097681
3666.0,146.64000000000001,1.0,7.27451923544122,-30.443164594455396,7.27451923544122,-30.443164594455396,2.926766095396388,-0.02395539820295326,0.010684102059817051
3667.0,146.68,1.0,7.1205643887273835,-30.47975762460687,7.1205643887273835,-30.47975762460687,2.930498054038305,-0.013366624666219152,0.006972864060862107
3668.0,146.72,1.0,6.9684126411593805,-30.516051275993743,6.9684126411593805,-30.516051275993743,2.9342107462688554,-0.003140115544245525,0.0035612330351896607
3669.0,146.76,1.0,6.815562195251102,-30.55062561296223,6.815562195251102,-30.55062561296223,2.93792290840291,0.0064440531452559565,0.0005176088808839033
3670.0,146.8,1.0,6.664901460395572,-30.582966337482155,6.664901460395572,-30.582966337482155,2.9416513234163495,0.015120315983164457,-0.002109178836553362
3671.0,146.84,1.0,6.510697259647637,-30.614066559111972,6.510697259647637,-30.614066559111972,2.9454127004029766,0.022666587121788727,-0.00428987335255125
3672.0,146.88,1.0,6.356958819753842,-30.644770706932366,6.356958819753842,-30.644770706932366,2.949223984621748,0.0289019994383515,-0.006015576045353433
3673.0,146.92000000000002,1.0,6.201729173302857,-30.67368752508308,6.201729173302857,-30.67368752508308,2.9531023943918755,0.0336890638622966,-0.0072976035093298575
3674.0,146.96,1.0,6.049891620210724,-30.700812992532327,6.049891620210724,-30.700812992532327,2.957064298746039,0.036947654263125865,-0.00816584359613933
3675.0,147.0,1.0,5.899178551585214,-30.727669993482692,5.899178551585214,-30.727669993482692,2.961125105685445,0.038664244043350615,-0.008665425799251922
3676.0,147.04,1.0,5.747848653268299,-30.753072324919042,5.747848653268299,-30.753072324919042,2.9652967007737328,0.03888280867933834,-0.008853638011025372
3677.0,147.08,1.0,5.595841070108621,-30.779151851577183,5.595841070108621,-30.779151851577183,2.9695846835635407,0.03769259693278511,-0.008796970961153287
3678.0,147.12,1.0,5.449301968463381,-30.80307211055013,5.449301968463381,-30.80307211055013,2.973990559331414,0.03522950892811873,-0.008568429907516665
3679.0,147.16,1.0,5.303390573028741,-30.826539942976655,5.303390573028741,-30.826539942976655,2.978511813508381,0.03166993872832321,-0.008242947264499128
3680.0,147.20000000000002,1.0,5.15734847988541,-30.8493562929755,5.15734847988541,-30.8493562929755,2.983145255940597,0.0272261468552219,-0.007893702669538585
3681.0,147.24,1.0,5.00979694963819,-30.873241885022104,5.00979694963819,-30.873241885022104,2.987886545403909,0.02214033480832297,-0.007589298342373143
3682.0,147.28,1.0,4.861649344965345,-30.89502443813463,4.861649344965345,-30.89502443813463,2.992729900899141,0.016660989149868764,-0.007391661892957336
3683.0,147.32,1.0,4.712023625884079,-30.918052098907445,4.712023625884079,-30.918052098907445,2.9976674590802928,0.01103650149965607,-0.007352313823427682
3684.0,147.36,1.0,4.563718549907932,-30.941613719051684,4.563718549907932,-30.941613719051684,3.002689758997038,0.005517397002555435,-0.00750967238222635
3685.0,147.4,1.0,4.41872993215218,-30.963042500530456,4.41872993215218,-30.963042500530456,3.0077854014939156,0.0003334326389217268,-0.007887133578734405
3686.0,147.44,1.0,4.270979721898334,-30.983911238088673,4.270979721898334,-30.983911238088673,3.012940589452528,-0.004325471618585664,-0.008493132408079734
3687.0,147.48,1.0,4.120496375344539,-31.00363576587131,4.120496375344539,-31.00363576587131,3.018140724948945,-0.00830851896248187,-0.009321239277839103
3688.0,147.52,1.0,3.969838409706848,-31.023075033956225,3.969838409706848,-31.023075033956225,3.0233739090886624,-0.011498878204495622,-0.010350443307601227
3689.0,147.56,1.0,3.817570348459749,-31.041132703526745,3.817570348459749,-31.041132703526745,3.02862987030396,-0.013824216341196271,-0.011545809640428204
3690.0,147.6,1.0,3.663883753166001,-31.060161215782273,3.663883753166001,-31.060161215782273,3.0339021411230744,-0.015256294084660938,-0.012860516508789091
3691.0,147.64000000000001,1.0,3.5124219488498825,-31.077472594174537,3.5124219488498825,-31.077472594174537,3.039184861356472,-0.015818504233400133,-0.01423802181296165
3692.0,147.68,1.0,3.3588828719410935,-31.0959589945037,3.3588828719410935,-31.0959589945037,3.044473825007855,-0.015581235679785166,-0.015614622121945743
3693.0,147.72,1.0,3.2053480759848663,-31.112492358404086,3.2053480759848663,-31.112492358404086,3.0497660293736346,-0.014648459774555245,-0.016921730621823027
3694.0,147.76,1.0,3.0505246653478126,-31.12951343191913,3.0505246653478126,-31.12951343191913,3.0550604339069354,-0.013141001496205274,-0.018089545596777244
3695.0,147.8,1.0,2.8953696393292825,-31.14401451542583,2.8953696393292825,-31.14401451542583,3.0603559596751477,-0.011208660767343259,-0.019050261165724534
3696.0,147.84,1.0,2.742493353418987,-31.15694725100825,2.742493353418987,-31.15694725100825,3.065652324336567,-0.009021877449616555,-0.019741310993286836
3697.0,147.88,1.0,2.59133544477163,-31.168814075839936,2.59133544477163,-31.168814075839936,3.0709510416770285,-0.006750389649885858,-0.02010758959285921
3698.0,147.92000000000002,1.0,2.439744604521329,-31.179324943961745,2.439744604521329,-31.179324943961745,3.07625504148721,-0.004559223771674859,-0.02010377530500628
3699.0,147.96,1.0,2.288349506077217,-31.19092370353181,2.288349506077217,-31.19092370353181,3.0815673103885786,-0.0026133766162998564,-0.019696553294773954
3700.0,148.0,1.0,2.1351272252718028,-31.20011530515154,2.1351272252718028,-31.20011530515154,3.0868906785134973,-0.0010621516393700347,-0.018866307800136144
3701.0,148.04,1.0,1.983461781046487,-31.207739083970402,1.983461781046487,-31.207739083970402,3.092225999650655,-2.7911052573614815e-05,-0.017608124773315057
3702.0,148.08,1.0,1.8310585241371946,-31.21461207877209,1.8310585241371946,-31.21461207877209,3.097573933056003,0.0004035189975587272,-0.01593198910529385
3703.0,148.12,1.0,1.6770244128067227,-31.220039162518923,1.6770244128067227,-31.220039162518923,3.102933428443164,0.0001826215771066453,-0.01386221443340507
3704.0,148.16,1.0,1.5222490465858685,-31.224034953099938,1.5222490465858685,-31.224034953099938,3.108301757696837,-0.0007132053402896466,-0.011436338040687683
3705.0,148.20000000000002,1.0,1.368163565928596,-31.227807940248802,1.368163565928596,-31.227807940248802,3.113673589551521,-0.002284786388082094,-0.008704268808203328
3706.0,148.24,1.0,1.2140983397042722,-31.230150059621355,1.2140983397042722,-31.230150059621355,3.119043781245838,-0.004496358279183188,-0.0057266893090542085
3707.0,148.28,1.0,1.0620414006148793,-31.23157976496023,1.0620414006148793,-31.23157976496023,3.124407400846737,-0.007269054296619515,-0.002572785039209516
3708.0,148.32,1.0,0.9103353995658008,-31.231989831788802,0.9103353995658008,-31.231989831788802,3.1297593169854125,-0.010492944227201772,0.0006822110363450616
3709.0,148.36,1.0,0.7591167564214325,-31.231784615768778,0.7591167564214325,-31.231784615768778,3.135093429755438,-0.014041602866457748,0.003959682113601608
3710.0,148.4,1.0,0.6088764619694941,-31.22935080796399,0.6088764619694941,-31.22935080796399,3.1404023883388805,-0.017761416034222356,0.0071802017566304195
3711.0,148.44,1.0,0.458173402040047,-31.226968156766425,0.458173402040047,-31.226968156766425,3.145678290917543,-0.0214801351778529,0.010266210538210231
3712.0,148.48,1.0,0.3101330331301831,-31.222994351881795,0.3101330331301831,-31.222994351881795,3.1509133403156575,-0.02501983742663776,0.013144914495062587
3713.0,148.52,1.0,0.157509838237952,-31.2196062257084,0.157509838237952,-31.2196062257084,3.1560995076763683,-0.028204702156805584,0.01575084666545396
3714.0,148.56,1.0,0.007774099893274744,-31.21328358551289,0.007774099893274744,-31.21328358551289,3.1612291607439027,-0.030865921670288777,0.018027665252565727
3715.0,148.6,1.0,-0.14370502957793282,-31.208000416871414,-0.14370502957793282,-31.208000416871414,3.166297206885697,-0.032835010251745365,0.019928783280009476
3716.0,148.64000000000001,1.0,-0.2954335020098654,-31.202742524360264,-0.2954335020098654,-31.202742524360264,3.1713003595774385,-0.033955132485939434,0.021419613164939243
3717.0,148.68,1.0,-0.45058901041015653,-31.19798951843564,-0.45058901041015653,-31.19798951843564,3.1762363151197897,-0.0340971338507521,0.02247868640235155
3718.0,148.72,1.0,-0.6044149099935547,-31.192281418953336,-0.6044149099935547,-31.192281418953336,3.18110126539706,-0.033174739354500306,0.023097993399164775
3719.0,148.76,1.0,-0.7598014900904586,-31.18558098201172,-0.7598014900904586,-31.18558098201172,3.1858910325299017,-0.0311333629388153,0.023282133452839346
3720.0,148.8,1.0,-0.9153649635034542,-31.178301405135404,-0.9153649635034542,-31.178301405135404,3.190601629357411,-0.02794563000422733,0.023048278722432557
3721.0,148.84,1.0,-1.0729544552967072,-31.170707482420408,-1.0729544552967072,-31.170707482420408,3.1952308975918595,-0.023619583643233667,0.022425748564680454
3722.0,148.88,1.0,-1.2295575983664262,-31.16268321236651,-1.2295575983664262,-31.16268321236651,3.1997782513358186,-0.018204702443705433,0.02145496227025457
3723.0,148.92000000000002,1.0,-1.3850001300025605,-31.153167497137,-1.3850001300025605,-31.153167497137,3.204243813674341,-0.011789220756034524,0.020185188696929226
3724.0,148.96,1.0,-1.5416676531618623,-31.142120901504786,-1.5416676531618623,-31.142120901504786,3.2086288596403447,-0.004495036825843434,0.01867175687554242
3725.0,149.0,1.0,-1.696711440137196,-31.13057135062214,-1.696711440137196,-31.13057135062214,3.2129362490805407,0.003518099818846332,0.01697473783221488
3726.0,149.04,1.0,-1.8525275858080263,-31.11910494099697,-1.8525275858080263,-31.11910494099697,3.2171679579456374,0.012055241076628875,0.015157966022899242
3727.0,149.08,1.0,-2.0070129455292767,-31.106797755333396,-2.0070129455292767,-31.106797755333396,3.221326540132798,0.02089251724566048,0.013286444201718466
3728.0,149.12,1.0,-2.1631747452784893,-31.093653114841874,-2.1631747452784893,-31.093653114841874,3.225413658792585,0.02978875542600664,0.011423130878697497
3729.0,149.16,1.0,-2.3191058728927105,-31.082194415020012,-2.3191058728927105,-31.082194415020012,3.229434815112326,0.038507358742167944,0.009626609867399178
3730.0,149.20000000000002,1.0,-2.4762340800023166,-31.069344587997183,-2.4762340800023166,-31.069344587997183,3.2333963668508687,0.046801151185088805,0.007950332271823075
3731.0,149.24,1.0,-2.6328481987440013,-31.056366280258384,-2.6328481987440013,-31.056366280258384,3.237307157051822,0.0544253148164285,0.006440089154670249
3732.0,149.28,1.0,-2.7900808574567724,-31.04133286685692,-2.7900808574567724,-31.04133286685692,3.2411758718479478,0.06114504813683095,0.005132208087078943
3733.0,149.32,1.0,-2.943014158109902,-31.025852372058814,-2.943014158109902,-31.025852372058814,3.2450108505987245,0.06675322356238679,0.0040517396052332025
3734.0,149.36,1.0,-3.1008742190338894,-31.01208283536665,-3.1008742190338894,-31.01208283536665,3.248822161338736,0.07107469208106534,0.0032126291920279867
3735.0,149.4,1.0,-3.2565982660459434,-30.995849997442956,-3.2565982660459434,-30.995849997442956,3.2526194150967576,0.07397070227567737,0.0026180703045629835
3736.0,149.44,1.0,-3.4111797213947703,-30.979627249667097,-3.4111797213947703,-30.979627249667097,3.2564135722370073,0.07535539986241262,0.0022593109711090036
3737.0,149.48,1.0,-3.5598144563615493,-30.957933136610222,-3.5598144563615493,-30.957933136610222,3.260214953473869,0.07519024965522078,0.0021149952920828602
3738.0,149.52,1.0,-3.7094905008929446,-30.93704049936693,-3.7094905008929446,-30.93704049936693,3.2640356866706974,0.07349480648678564,0.0021521347182510177
3739.0,149.56,1.0,-3.8565494776940583,-30.915518964525923,-3.8565494776940583,-30.915518964525923,3.2678896228497423,0.07034489113134156,0.0023294681665588664
3740.0,149.6,1.0,-4.005650897383641,-30.896005027231887,-4.005650897383641,-30.896005027231887,3.2717886344396208,0.06586926390867433,0.0025990034401926327
3741.0,149.64000000000001,1.0,-4.1545637913175595,-30.876122778677086,-4.1545637913175595,-30.876122778677086,3.2757447398620867,0.06024511613491505,0.0029069738615603693
3742.0,149.68,1.0,-4.301088412105146,-30.85519314076426,-4.301088412105146,-30.85519314076426,3.279766586542479,0.053694476157751435,0.00319594288527386
3743.0,149.72,1.0,-4.444804596700559,-30.83439611205305,-4.444804596700559,-30.83439611205305,3.2838626386487006,0.046480453202597284,0.0034076687611934693
3744.0,149.76,1.0,-4.586821657803337,-30.813437467327226,-4.586821657803337,-30.813437467327226,3.288040032468809,0.03889241681098049,0.003486709187616612
3745.0,149.8,1.0,-4.732059198656742,-30.79123783672255,-4.732059198656742,-30.79123783672255,3.292302453203296,0.03124556401023154,0.0033821544324097383
3746.0,149.84,1.0,-4.876939348044069,-30.768772988117224,-4.876939348044069,-30.768772988117224,3.2966520617597346,0.02386154920897876,0.003050160625457505
3747.0,149.88,1.0,-5.022812655373875,-30.746973057439362,-5.022812655373875,-30.746973057439362,3.30108556066869,0.01705134144842063,0.002456661641522741
3748.0,149.92000000000002,1.0,-5.1692730796911475,-30.72505380594788,-5.1692730796911475,-30.72505380594788,3.3056005962475856,0.011116128323398766,0.0015807770683064683
3749.0,149.96,1.0,-5.314858214408394,-30.700284201097833,-5.314858214408394,-30.700284201097833,3.3101893469412205,0.006326938145888639,0.00041590348980861567
3750.0,150.0,1.0,-5.461774698241393,-30.67559931428401,-5.461774698241393,-30.67559931428401,3.3148422058678606,0.0029250651343923463,-0.0010310180748368445
3751.0,150.04,1.0,-5.608924426032104,-30.64899419583809,-5.608924426032104,-30.64899419583809,3.319546309435625,0.0010896468352166288,-0.0027382496952270243
3752.0,150.08,1.0,-5.755697800188461,-30.62279704677838,-5.755697800188461,-30.62279704677838,3.324286601225153,0.000962712895400597,-0.004668650214670696
3753.0,150.12,1.0,-5.904241436424888,-30.596307817491883,-5.904241436424888,-30.596307817491883,3.3290488338618696,0.002629239384996296,-0.006769582574308713
3754.0,150.16,1.0,-6.047418569376285,-30.56843621567512,-6.047418569376285,-30.56843621567512,3.3338167400274776,0.006108723154028306,-0.008975482507133736
3755.0,150.20000000000002,1.0,-6.198406309477127,-30.541382217756478,-6.198406309477127,-30.541382217756478,3.3385752864137657,0.011348395974181769,-0.011210651226806447
3756.0,150.24,1.0,-6.345833635280836,-30.512137056521436,-6.345833635280836,-30.512137056521436,3.3433109163187558,0.0182295876736391,-0.013391556470193688
3757.0,150.28,1.0,-6.498627423321592,-30.48670573246871,-6.498627423321592,-30.48670573246871,3.34801384421865,0.026587096606431593,-0.015430052157256171
3758.0,150.32,1.0,-6.649506762874841,-30.458840230810278,-6.649506762874841,-30.458840230810278,3.352678171979347,0.036210348172737605,-0.017236321137150262
3759.0,150.36,1.0,-6.8021696882004905,-30.43010942806085,-6.8021696882004905,-30.43010942806085,3.357298038889926,0.04683826938888723,-0.018724194961162097
3760.0,150.4,1.0,-6.950358649837784,-30.39967908752623,-6.950358649837784,-30.39967908752623,3.3618720924550898,0.05816707493924926,-0.019814238699232038
3761.0,150.44,1.0,-7.097167467601119,-30.368067678006696,-7.097167467601119,-30.368067678006696,3.3663996837830923,0.06986477195867571,-0.020436976495832017
3762.0,150.48,1.0,-7.246271587442346,-30.33535844335259,-7.246271587442346,-30.33535844335259,3.370885875862167,0.08160735903130303,-0.020536352131991974
3763.0,150.52,1.0,-7.39880724573803,-30.301108542791233,-7.39880724573803,-30.301108542791233,3.375338962501091,0.09306106248865667,-0.02007331394473463
3764.0,150.56,1.0,-7.550211379538874,-30.265416583748777,-7.550211379538874,-30.265416583748777,3.379768950452344,0.10390335430435824,-0.01902865839361465
3765.0,150.6,1.0,-7.697955836259851,-30.228211262419485,-7.697955836259851,-30.228211262419485,3.384188694497918,0.11383062729322693,-0.01740341051949092
3766.0,150.64000000000001,1.0,-7.841486175182423,-30.18965196805964,-7.841486175182423,-30.18965196805964,3.388609967707165,0.12258667728232023,-0.015219720561292843
3767.0,150.68,1.0,-7.983192101952862,-30.150880728175697,-7.983192101952862,-30.150880728175697,3.393045295268343,0.129940802262849,-0.012520408635951333
3768.0,150.72,1.0,-8.122186235199987,-30.110826971313106,-8.122186235199987,-30.110826971313106,3.3975012021691713,0.1356907247157238,-0.009368388531197954
3769.0,150.76,1.0,-8.261966882682831,-30.071212585127604,-8.261966882682831,-30.071212585127604,3.401983882519116,0.1396809547661632,-0.00584489601949036
3770.0,150.8,1.0,-8.398350042900374,-30.031455811267307,-8.398350042900374,-30.031455811267307,3.4064954555231117,0.1418116393627952,-0.0020460862240039295
3771.0,150.84,1.0,-8.539095937381758,-29.990990042562856,-8.539095937381758,-29.990990042562856,3.4110361337657737,0.142055936571161,0.001919782367316916
3772.0,150.88,1.0,-8.676866792983867,-29.950904474181716,-8.676866792983867,-29.950904474181716,3.415603762997,0.1404211210593476,0.005936573704772306
3773.0,150.92000000000002,1.0,-8.812491619932107,-29.910054392462417,-8.812491619932107,-29.910054392462417,3.420191570256533,0.13694751959981485,0.00988356258655947
3774.0,150.96,1.0,-8.948677453364796,-29.869397878640065,-8.948677453364796,-29.869397878640065,3.424789220463488,0.13171331817559603,0.013640697068204219
3775.0,151.0,1.0,-9.077531429853657,-29.82824881224952,-9.077531429853657,-29.82824881224952,3.4293837835628493,0.12484087548008065,0.017093141543418643
3776.0,151.04,1.0,-9.210308068529292,-29.786928467972892,-9.210308068529292,-29.786928467972892,3.4339603607936384,0.1164833832881477,0.020135232630312278
3777.0,151.08,1.0,-9.340734138190424,-29.74410799764944,-9.340734138190424,-29.74410799764944,3.4385047833770828,0.10680580639449033,0.02267453754987465
3778.0,151.12,1.0,-9.470794034541404,-29.70140813818447,-9.470794034541404,-29.70140813818447,3.443003080671686,0.09600758640878418,0.024634170128939988
3779.0,151.16,1.0,-9.600907092307299,-29.657372434171453,-9.600907092307299,-29.657372434171453,3.4474460963676323,0.08431125013419266,0.02595623761496322
3780.0,151.20000000000002,1.0,-9.732220636089687,-29.61327953627474,-9.732220636089687,-29.61327953627474,3.451824801858204,0.07194640154064418,0.026602698979789063
3781.0,151.24,1.0,-9.86343595722906,-29.569974749352845,-9.86343595722906,-29.569974749352845,3.456136467001592,0.05914867516148632,0.026557097998359418
3782.0,151.28,1.0,-9.993788185660454,-29.527884663820068,-9.993788185660454,-29.527884663820068,3.460378866390567,0.04614074341177948,0.025824465204029402
3783.0,151.32,1.0,-10.120867972046753,-29.486345683465224,-10.120867972046753,-29.486345683465224,3.4645541842675187,0.03316115935016045,0.0244305810792697
3784.0,151.36,1.0,-10.248376630417644,-29.444891270519584,-10.248376630417644,-29.444891270519584,3.4686675044332453,0.020443401947451867,0.022420986395417807
3785.0,151.4,1.0,-10.376179329521253,-29.405796851787493,-10.376179329521253,-29.405796851787493,3.472728340201447,0.008219280942275475,0.019858448484108088
3786.0,151.44,1.0,-10.50519708850082,-29.364243963854783,-10.50519708850082,-29.364243963854783,3.476749346482156,-0.003311694482477223,0.016820317540683735
3787.0,151.48,1.0,-10.632877378047507,-29.321120900391026,-10.632877378047507,-29.321120900391026,3.4807448827815533,-0.013945851469603343,0.01339522752301663
3788.0,151.52,1.0,-10.765797687050428,-29.278625111891557,-10.765797687050428,-29.278625111891557,3.4847307698502825,-0.02348899750178344,0.009680233305861426
3789.0,151.56,1.0,-10.893347509055687,-29.231539598050283,-10.893347509055687,-29.231539598050283,3.488720577479318,-0.0317666886306318,0.005778076797493743
3790.0,151.6,1.0,-11.026887924279519,-29.18502234386337,-11.026887924279519,-29.18502234386337,3.4927281878976237,-0.03862546039486582,0.0017928387119291154
3791.0,151.64000000000001,1.0,-11.152527299166355,-29.137909133849632,-11.152527299166355,-29.137909133849632,3.4967660287539184,-0.043930327027020176,-0.0021721787243433495
3792.0,151.68,1.0,-11.281454468675772,-29.090322621655424,-11.281454468675772,-29.090322621655424,3.500844133956389,-0.047573970817116874,-0.006018665931067185
3793.0,151.72,1.0,-11.408549906938159,-29.04167105223484,-11.408549906938159,-29.04167105223484,3.504972507385488,-0.04948553665904783,-0.009654668292454819
3794.0,151.76,1.0,-11.538365127407568,-28.993354946993655,-11.538365127407568,-28.993354946993655,3.5091588414915393,-0.04963196459565302,-0.012997304061152178
3795.0,151.8,1.0,-11.667803241122817,-28.943871924599943,-11.667803241122817,-28.943871924599943,3.5134094707865877,-0.04801697247699775,-0.015973540806354283
3796.0,151.84,1.0,-11.8022124381136,-28.895315435106056,-11.8022124381136,-28.895315435106056,3.5177262094371704,-0.04468788479984208,-0.018522264530627067
3797.0,151.88,1.0,-11.936928584785313,-28.845739274868624,-11.936928584785313,-28.845739274868624,3.522108017480268,-0.039717267981711914,-0.020594753522533035
3798.0,151.92000000000002,1.0,-12.068802617932272,-28.79412911760853,-12.068802617932272,-28.79412911760853,3.5265513885234716,-0.033236720655521544,-0.022155307922647145
3799.0,151.96,1.0,-12.201726616080096,-28.741962251273083,-12.201726616080096,-28.741962251273083,3.53104916361668,-0.02541444771027317,-0.023181921931205537
3800.0,152.0,1.0,-12.333990329522674,-28.68888665367022,-12.333990329522674,-28.68888665367022,3.5355967608376866,-0.01645611197598388,-0.02366579998123731
3801.0,152.04,1.0,-12.465769552422634,-28.634123048330235,-12.465769552422634,-28.634123048330235,3.5401859329517493,-0.00660970883861115,-0.023610361819874425
3802.0,152.08,1.0,-12.597639406433888,-28.579086155434293,-12.597639406433888,-28.579086155434293,3.544810937206416,0.003832375312553149,-0.023031216616159055
3803.0,152.12,1.0,-12.729704918978467,-28.5228300879358,-12.729704918978467,-28.5228300879358,3.5494641385078722,0.014546268693962739,-0.021954857843820293
3804.0,152.16,1.0,-12.862743640796632,-28.465674758626484,-12.862743640796632,-28.465674758626484,3.554138844143908,0.02520529541220403,-0.02041863260910654
3805.0,152.20000000000002,1.0,-12.995650102826406,-28.405183605731498,-12.995650102826406,-28.405183605731498,3.5588271833603664,0.03546713566138664,-0.018469070577787804
3806.0,152.24,1.0,-13.129699358299302,-28.345320214242463,-13.129699358299302,-28.345320214242463,3.5635229372321353,0.044999917627066136,-0.0161621451850552
3807.0,152.28,1.0,-13.263499942656543,-28.283646582555527,-13.263499942656543,-28.283646582555527,3.568222617815644,0.05347982866090426,-0.013560790705530268
3808.0,152.32,1.0,-13.391679359766092,-28.221627811706117,-13.391679359766092,-28.221627811706117,3.572924171984454,0.06061003718555843,-0.010734661758293674
3809.0,152.36,1.0,-13.521610146007891,-28.16112950525927,-13.521610146007891,-28.16112950525927,3.5776285948036644,0.06612416416584227,-0.0077585188562605285
3810.0,152.4,1.0,-13.645367536069813,-28.099908996169223,-13.645367536069813,-28.099908996169223,3.582340258050678,0.06978945123786404,-0.004710588031940672
3811.0,152.44,1.0,-13.770977088312511,-28.039219867162426,-13.770977088312511,-28.039219867162426,3.5870623075571877,0.07140462266421346,-0.0016716038112287944
3812.0,152.48,1.0,-13.894573485201866,-27.97872725454705,-13.894573485201866,-27.97872725454705,3.591801377332671,0.0708336437735274,0.0012769151890892505
3813.0,152.52,1.0,-14.018899778998668,-27.917293092997518,-14.018899778998668,-27.917293092997518,3.5965613948328268,0.06801190070096617,0.004055028620157925
3814.0,152.56,1.0,-14.141502067527265,-27.855488322386822,-14.141502067527265,-27.855488322386822,3.6013483897748655,0.06294209228821565,0.006586531556994757
3815.0,152.6,1.0,-14.26489264053941,-27.79332563733586,-14.26489264053941,-27.79332563733586,3.606165586116087,0.055676190622804954,0.008800350283969891
3816.0,152.64000000000001,1.0,-14.383391909594271,-27.732241522557235,-14.383391909594271,-27.732241522557235,3.6110182128622568,0.04634357482320299,0.010632711691297822
3817.0,152.68,1.0,-14.500961885816135,-27.670491226024588,-14.500961885816135,-27.670491226024588,3.615907809329562,0.035127451364224106,0.012030047579658466
3818.0,152.72,1.0,-14.62092153690811,-27.608881891741998,-14.62092153690811,-27.608881891741998,3.620834279253475,0.02227959097390899,0.012950456729981814
3819.0,152.76,1.0,-14.738039486484364,-27.54781825514413,-14.738039486484364,-27.54781825514413,3.625796594757768,0.008080464929003672,0.01336613571160265
3820.0,152.8,1.0,-14.851833050181117,-27.48676830138774,-14.851833050181117,-27.48676830138774,3.630789341643113,-0.007146431114588225,0.013265097291264604
3821.0,152.84,1.0,-14.968109621752003,-27.42493691922354,-14.968109621752003,-27.42493691922354,3.635804974701494,-0.023057124611522484,0.012651979395780347
3822.0,152.88,1.0,-15.081344929362995,-27.361805420678017,-15.081344929362995,-27.361805420678017,3.640832976256889,-0.039270940250290085,0.011549122589722646
3823.0,152.92000000000002,1.0,-15.19958989093277,-27.294052158916827,-15.19958989093277,-27.294052158916827,3.6458597334872573,-0.05541427793048156,0.009996511786170809
3824.0,152.96,1.0,-15.316212496228314,-27.226786602966076,-15.316212496228314,-27.226786602966076,3.650871508683852,-0.07112350061314357,0.008050990692837112
3825.0,153.0,1.0,-15.435111802240096,-27.159656920213934,-15.435111802240096,-27.159656920213934,3.6558528414969644,-0.08605147192102261,0.0057846208983225195
3826.0,153.04,1.0,-15.551730045517028,-27.095375895171962,-15.551730045517028,-27.095375895171962,3.6607898582676413,-0.09986397858273607,0.0032846282642968226
3827.0,153.08,1.0,-15.671862183091614,-27.031354470183572,-15.671862183091614,-27.031354470183572,3.665667113843161,-0.11227861456885042,0.0006497220990566682
3828.0,153.12,1.0,-15.790187261236081,-26.967068139228843,-15.790187261236081,-26.967068139228843,3.670472891254878,-0.1230610421912686,-0.0020135891900812095
3829.0,153.16,1.0,-15.911766702880968,-26.902779880296368,-15.911766702880968,-26.902779880296368,3.675197528296992,-0.13204650605255144,-0.004594601385799573
3830.0,153.20000000000002,1.0,-16.03054728346672,-26.835357096676056,-16.03054728346672,-26.835357096676056,3.6798327369543733,-0.13911290900666315,-0.006981821223280215
3831.0,153.24,1.0,-16.154561222605647,-26.767114531655004,-16.154561222605647,-26.767114531655004,3.6843758291022226,-0.14419169490209197,-0.009067497883656375
3832.0,153.28,1.0,-16.27612029510437,-26.696203784653427,-16.27612029510437,-26.696203784653427,3.688824848802618,-0.14725772752341004,-0.010751571160836828
3833.0,153.32,1.0,-16.400536552236712,-26.624139486128154,-16.400536552236712,-26.624139486128154,3.6931847124879953,-0.14835003749397846,-0.011946100305279803
3834.0,153.36,1.0,-16.52092701497565,-26.54947649830324,-16.52092701497565,-26.54947649830324,3.697462881655716,-0.14754958465084386,-0.012578895019149999
3835.0,153.4,1.0,-16.64362197574449,-26.473367450779865,-16.64362197574449,-26.473367450779865,3.701671604994111,-0.14497770206153696,-0.012596954267256716
3836.0,153.44,1.0,-16.76357464459648,-26.391915282890665,-16.76357464459648,-26.391915282890665,3.705824170294408,-0.14079264196669747,-0.011968214814858298
3837.0,153.48,1.0,-16.88530564098306,-26.30991292262828,-16.88530564098306,-26.30991292262828,3.7099352120356484,-0.13519300185566768,-0.010685454165744101
3838.0,153.52,1.0,-17.00911179840287,-26.22718206318178,-17.00911179840287,-26.22718206318178,3.7140196382321404,-0.12839442778755408,-0.008765652481263913
3839.0,153.56,1.0,-17.133261893215597,-26.143120924142323,-17.133261893215597,-26.143120924142323,3.7180896674807604,-0.12062035581200778,-0.006249525886834437
3840.0,153.6,1.0,-17.26063931247179,-26.058617705133496,-17.26063931247179,-26.058617705133496,3.7221547782404336,-0.11208159977266256,-0.003200681349612316
3841.0,153.64000000000001,1.0,-17.38651020656315,-25.97158515485205,-17.38651020656315,-25.97158515485205,3.7262220823415992,-0.10297708623303112,0.0002949590460068666
3842.0,153.68,1.0,-17.515846048643976,-25.88660049595284,-17.515846048643976,-25.88660049595284,3.730295113833338,-0.09349577613621171,0.004132293097375911
3843.0,153.72,1.0,-17.639348927436664,-25.802300861359726,-17.639348927436664,-25.802300861359726,3.7343770051362553,-0.08381286391911845,0.008191328549297114
3844.0,153.76,1.0,-17.761595757129,-25.718083936539735,-17.761595757129,-25.718083936539735,3.738465224430614,-0.07407104234346443,0.012341582702154422
3845.0,153.8,1.0,-17.880963297877965,-25.63314732018423,-17.880963297877965,-25.63314732018423,3.742556370296775,-0.0643819105651778,0.0164467006230635
3846.0,153.84,1.0,-18.001998158352812,-25.544156915592243,-18.001998158352812,-25.544156915592243,3.7466409535817924,-0.054837860322145736,0.02036905690648457
3847.0,153.88,1.0,-18.119868892565222,-25.455738168566576,-18.119868892565222,-25.455738168566576,3.750710906986852,-0.04550910818699357,0.023974258423964244
3848.0,153.92000000000002,1.0,-18.23831524137472,-25.367264393742737,-18.23831524137472,-25.367264393742737,3.7547553455593685,-0.03644696110707565,0.027137611532718837
3849.0,153.96,1.0,-18.35570354448994,-25.279089151604218,-18.35570354448994,-25.279089151604218,3.758763789311922,-0.027677735146043093,0.02974759214854903
3850.0,154.0,1.0,-18.477533376136016,-25.188608479703973,-18.477533376136016,-25.188608479703973,3.7627274595769444,-0.01921790883837905,0.03170935734396735
3851.0,154.04,1.0,-18.597666008518384,-25.097163382067585,-18.597666008518384,-25.097163382067585,3.7666400029352713,-0.011081957793776465,0.03294805785700413
3852.0,154.08,1.0,-18.723146786409394,-25.00683084663074,-18.723146786409394,-25.00683084663074,3.7704991557273893,-0.003297551906681351,0.03341327104506427
3853.0,154.12,1.0,-18.846115204182034,-24.916610999450874,-18.846115204182034,-24.916610999450874,3.7743026289591093,0.004108313121349938,0.03308021311473723
3854.0,154.16,1.0,-18.97149506159792,-24.827936007854156,-18.97149506159792,-24.827936007854156,3.7780510125895526,0.011109304311269053,0.031949210413679846
3855.0,154.20000000000002,1.0,-19.092786779163415,-24.73898786945621,-19.092786779163415,-24.73898786945621,3.7817459236916404,0.017654454240480354,0.030045383812773434
3856.0,154.24,1.0,-19.216520876378933,-24.651521674066238,-19.216520876378933,-24.651521674066238,3.785389090885823,0.02366027528092336,0.027417545118131187
3857.0,154.28,1.0,-19.33823531087653,-24.56282555759372,-19.33823531087653,-24.56282555759372,3.788984985503401,0.029031537996564903,0.024137607918865062
3858.0,154.32,1.0,-19.45614004899921,-24.475232153765575,-19.45614004899921,-24.475232153765575,3.7925365072612904,0.03366513734148221,0.020297042392241643
3859.0,154.36,1.0,-19.574377631425666,-24.383866117426958,-19.574377631425666,-24.383866117426958,3.7960509731616305,0.03745873845491389,0.016002683975486716
3860.0,154.4,1.0,-19.692608437994956,-24.293075916404142,-19.692608437994956,-24.293075916404142,3.7995375023858755,0.04029335036078117,0.011373233245374979
3861.0,154.44,1.0,-19.81221656917513,-24.2029885031766,-19.81221656917513,-24.2029885031766,3.803006924328911,0.0420546967119137,0.006536330195776154
3862.0,154.48,1.0,-19.93003943278186,-24.112087505001924,-19.93003943278186,-24.112087505001924,3.8064709611840017,0.04263180889170483,0.001624206909740495
3863.0,154.52,1.0,-20.049902831338397,-24.02375922721489,-20.049902831338397,-24.02375922721489,3.809938290202196,0.04195101816878638,-0.0032330076960840753
3864.0,154.56,1.0,-20.17054434057888,-23.93205806539863,-20.17054434057888,-23.93205806539863,3.813420327224411,0.03995164926062382,-0.007911024982384248
3865.0,154.6,1.0,-20.29048998262861,-23.840525050396785,-20.29048998262861,-23.840525050396785,3.816924335883029,0.036591694859206304,-0.012294331687107687
3866.0,154.64000000000001,1.0,-20.408609929580788,-23.750249096344966,-20.408609929580788,-23.750249096344966,3.820461180534548,0.03187545403231867,-0.016279702052598655
3867.0,154.68,1.0,-20.52523237823406,-23.658926610287754,-20.52523237823406,-23.658926610287754,3.8240415232337845,0.02587169066771139,-0.019780223302030144
3868.0,154.72,1.0,-20.641730831546326,-23.567159292489826,-20.641730831546326,-23.567159292489826,3.8276787304433655,0.01869528032758556,-0.02272952155822519
3869.0,154.76,1.0,-20.756361903322937,-23.475658743733003,-20.756361903322937,-23.475658743733003,3.831388369447999,0.010498421387166335,-0.025082199565222858
3870.0,154.8,1.0,-20.86774151496001,-23.38706919748274,-20.86774151496001,-23.38706919748274,3.8351848979901972,0.0014758117108616409,-0.026814127312787546
3871.0,154.84,1.0,-20.975840366718508,-23.29911563175839,-20.975840366718508,-23.29911563175839,3.839083012296938,-0.008125785212427595,-0.027922961492705324
3872.0,154.88,1.0,-21.080503911729966,-23.2084762081917,-21.080503911729966,-23.2084762081917,3.8430948595097147,-0.018032431771266722,-0.02842990305555824
3873.0,154.92000000000002,1.0,-21.190191257361572,-23.11605891845385,-21.190191257361572,-23.11605891845385,3.8472314342198493,-0.02794359283848824,-0.028378304608158367
3874.0,154.96,1.0,-21.297293651267758,-23.024608682273215,-21.297293651267758,-23.024608682273215,3.8515045983477734,-0.037581715636896086,-0.027829842062089844
3875.0,155.0,1.0,-21.40559690380284,-22.929427127957364,-21.40559690380284,-22.929427127957364,3.855924546409389,-0.0466520037893127,-0.02686288963107658
3876.0,155.04,1.0,-21.513549989238033,-22.832622012086983,-21.513549989238033,-22.832622012086983,3.8605059919294455,-0.054864167209028855,-0.02557072794845089
3877.0,155.08,1.0,-21.620866467847225,-22.73450419704032,-21.620866467847225,-22.73450419704032,3.8652610454829377,-0.06195317368137143,-0.024057971624279553
3878.0,155.12,1.0,-21.733471547842534,-22.638835123983018,-21.733471547842534,-22.638835123983018,3.870203380634654,-0.06771544928581355,-0.022434573503349015
3879.0,155.16,1.0,-21.846238281964986,-22.541589387645462,-21.846238281964986,-22.541589387645462,3.8753418723505875,-0.07198669809428815,-0.020810866675043553
3880.0,155.20000000000002,1.0,-21.9578298277308,-22.442118214591915,-21.9578298277308,-22.442118214591915,3.880681291945583,-0.074643921026881,-0.01929461417978179
3881.0,155.24,1.0,-22.065625102960944,-22.341370926713967,-22.065625102960944,-22.341370926713967,3.886221911994885,-0.07563186326577388,-0.017987836518663407
3882.0,155.28,1.0,-22.17438641969946,-22.237522663830042,-22.17438641969946,-22.237522663830042,3.8919574449882974,-0.07496937084598504,-0.016981963295786457
3883.0,155.32,1.0,-22.27916673490347,-22.133168859809473,-22.27916673490347,-22.133168859809473,3.8978813107246104,-0.07273502768580489,-0.016351721743303307
3884.0,155.36,1.0,-22.387314966303798,-22.024120759392915,-22.387314966303798,-22.024120759392915,3.9039823118947767,-0.06906510504266003,-0.01615240583708898
3885.0,155.4,1.0,-22.499419745324733,-21.918857439485606,-22.499419745324733,-21.918857439485606,3.910248631650178,-0.06412203353565521,-0.01641900851452316
3886.0,155.44,1.0,-22.611555366628817,-21.811543837664104,-22.611555366628817,-21.811543837664104,3.916665197347796,-0.05814078687834033,-0.017163102472096726
3887.0,155.48,1.0,-22.72475077065395,-21.705727675016398,-22.72475077065395,-21.705727675016398,3.9232121405819123,-0.05139732889856911,-0.018370003393353436
3888.0,155.52,1.0,-22.837968288358226,-21.59675815681856,-22.837968288358226,-21.59675815681856,3.929867061053347,-0.04419260865406606,-0.019998579905389217
3889.0,155.56,1.0,-22.950857514513796,-21.48785857460247,-22.950857514513796,-21.48785857460247,3.936603134901927,-0.036798310179618286,-0.021984092889015518
3890.0,155.6,1.0,-23.0647129483741,-21.377847089292302,-23.0647129483741,-21.377847089292302,3.9433931592302747,-0.029506369169860602,-0.024239436523287316
3891.0,155.64000000000001,1.0,-23.176718344658195,-21.267929367964335,-23.176718344658195,-21.267929367964335,3.9502102576594575,-0.022617268553112822,-0.026656597255636728
3892.0,155.68,1.0,-23.286032177694043,-21.15790333177899,-23.286032177694043,-21.15790333177899,3.9570296611945155,-0.0163934437243352,-0.029109898512854594
3893.0,155.72,1.0,-23.38691952993161,-21.0585722711997,-23.38691952993161,-21.0585722711997,3.96383277063696,-0.011046592449482051,-0.0314618704145969
3894.0,155.76,1.0,-23.491167205717534,-20.946486584400763,-23.491167205717534,-20.946486584400763,3.9706001418549386,-0.006733476939199156,-0.03357011242364926
3895.0,155.8,1.0,-23.596357402233647,-20.83901313513058,-23.596357402233647,-20.83901313513058,3.977319233840815,-0.0035789071623467785,-0.03529149441320897
3896.0,155.84,1.0,-23.700789329668257,-20.72935100646268,-23.700789329668257,-20.72935100646268,3.983976107998584,-0.0016590792946543198,-0.03648640761808401
3897.0,155.88,1.0,-23.806200265111343,-20.618197386019144,-23.806200265111343,-20.618197386019144,3.990560800238329,-0.0009747790064674078,-0.03702582759585194
3898.0,155.92000000000002,1.0,-23.90731610175929,-20.502642466177658,-23.90731610175929,-20.502642466177658,3.9970644866386342,-0.0014697664486470253,-0.03679922983530338
3899.0,155.96,1.0,-24.007398491718774,-20.388022153918236,-24.007398491718774,-20.388022153918236,4.003482328419641,-0.0030443603833881228,-0.03571957288652995
3900.0,156.0,1.0,-24.107221020598338,-20.273165837921482,-24.107221020598338,-20.273165837921482,4.009814482644971,-0.005603518583277822,-0.03372628338475035
3901.0,156.04,1.0,-24.2036143666686,-20.158515418407102,-24.2036143666686,-20.158515418407102,4.016065550790057,-0.008984059406486888,-0.030789925977876904
3902.0,156.08,1.0,-24.302068071327692,-20.040888623964282,-24.302068071327692,-20.040888623964282,4.022244548819253,-0.012972899141762284,-0.026916028923237516
3903.0,156.12,1.0,-24.39956625131301,-19.92118635948632,-24.39956625131301,-19.92118635948632,4.028362933738861,-0.017353094636931344,-0.022146121111928974
3904.0,156.16,1.0,-24.49466012668302,-19.80390066354338,-24.49466012668302,-19.80390066354338,4.0344317908727145,-0.02193177291260978,-0.01655691407814176
3905.0,156.20000000000002,1.0,-24.575608713352004,-19.69001284032461,-24.575608713352004,-19.69001284032461,4.040464606795849,-0.026535457586271783,-0.010257844463798533
3906.0,156.24,1.0,-24.662710642236583,-19.56828125987657,-24.662710642236583,-19.56828125987657,4.046470366015099,-0.030958735481017373,-0.0033903412066488134
3907.0,156.28,1.0,-24.74652730230508,-19.444107088501877,-24.74652730230508,-19.444107088501877,4.0524596666721155,-0.03502501218833827,0.003875958674930992
3908.0,156.32,1.0,-24.83435952131824,-19.32196759111903,-24.83435952131824,-19.32196759111903,4.058440683242217,-0.038589644687691306,0.011349324163099521
3909.0,156.36,1.0,-24.922232033307218,-19.19547981109032,-24.922232033307218,-19.19547981109032,4.064422788953476,-0.04156024425494097,0.01882480402801587
3910.0,156.4,1.0,-25.002538888448942,-19.080276236433075,-25.002538888448942,-19.080276236433075,4.0704113987566535,-0.043853647709932796,0.026089923868404724
3911.0,156.44,1.0,-25.091613744863366,-18.950399379925347,-25.091613744863366,-18.950399379925347,4.076407433183908,-0.0453878786798238,0.03293114020320653
3912.0,156.48,1.0,-25.18072685568141,-18.824778561635267,-25.18072685568141,-18.824778561635267,4.082406912131474,-0.04612738087539884,0.03914229469541049
3913.0,156.52,1.0,-25.274194866297414,-18.684348434955833,-25.274194866297414,-18.684348434955833,4.088399223313774,-0.04607750833594032,0.04453401699351919
3914.0,156.56,1.0,-25.36389769436416,-18.556984129161982,-25.36389769436416,-18.556984129161982,4.094368704503934,-0.045262500572644096,0.048940461801971355
3915.0,156.6,1.0,-25.452214545213288,-18.425008166642108,-25.452214545213288,-18.425008166642108,4.100294097889856,-0.04367984117195491,0.05222612691261819
3916.0,156.64000000000001,1.0,-25.532811365972485,-18.30095222035814,-25.532811365972485,-18.30095222035814,4.106151724059945,-0.04134193597753359,0.05429039058926198
3917.0,156.68,1.0,-25.618204173356514,-18.1719830912867,-25.618204173356514,-18.1719830912867,4.111919130400601,-0.03830740787162621,0.05507331984179866
3918.0,156.72,1.0,-25.70650724807951,-18.04049444648819,-25.70650724807951,-18.04049444648819,4.117575230657353,-0.03463026424649677,0.05455763614011553
3919.0,156.76,1.0,-25.792840621873875,-17.91120084168521,-25.792840621873875,-17.91120084168521,4.123100732870921,-0.03035706745014801,0.052769998193859816
3920.0,156.8,1.0,-25.879274690061937,-17.77907424563387,-25.879274690061937,-17.77907424563387,4.12847559711865,-0.02549691520708348,0.04977764578360704
3921.0,156.84,1.0,-25.966665048542968,-17.64836444311524,-25.966665048542968,-17.64836444311524,4.133683919023076,-0.020096140278214446,0.0456882076136954
3922.0,156.88,1.0,-26.05231275690233,-17.519263040679185,-26.05231275690233,-17.519263040679185,4.138713897892787,-0.014203994410113663,0.04064581096159553
3923.0,156.92000000000002,1.0,-26.137270264232633,-17.39308772537804,-26.137270264232633,-17.39308772537804,4.1435594081888345,-0.00787903962651847,0.03482563457077948
3924.0,156.96,1.0,-26.221992809261717,-17.26826646549074,-26.221992809261717,-17.26826646549074,4.148222579588393,-0.0011599418095346147,0.028425075646554433
3925.0,157.0,1.0,-26.31289136119811,-17.136589624369712,-26.31289136119811,-17.136589624369712,4.152713603169728,0.005914069305684766,0.02165693449146222
3926.0,157.04,1.0,-26.39944928633664,-17.010384109381114,-26.39944928633664,-17.010384109381114,4.157053709682157,0.013261260225400329,0.01474070333784078
3927.0,157.08,1.0,-26.485346052118295,-16.884261822039857,-26.485346052118295,-16.884261822039857,4.161270139060506,0.020804966019339434,0.007895085320459856
3928.0,157.12,1.0,-26.57181250135158,-16.753167912945546,-26.57181250135158,-16.753167912945546,4.165395166874459,0.028474183631299554,0.0013288284100330071
3929.0,157.16,1.0,-26.654264438017254,-16.62295172648577,-26.654264438017254,-16.62295172648577,4.1694604087142295,0.03619183567038573,-0.004766575301941272
3930.0,157.20000000000002,1.0,-26.74512743403458,-16.481666030531265,-26.74512743403458,-16.481666030531265,4.173500524107819,0.04385366098177836,-0.010225489215566675
3931.0,157.24,1.0,-26.82395485374473,-16.349498149678833,-26.82395485374473,-16.349498149678833,4.177551963729732,0.05133406012382248,-0.014911463717016665
3932.0,157.28,1.0,-26.9057856103466,-16.214494296606695,-26.9057856103466,-16.214494296606695,4.181651251350124,0.05852139483373657,-0.018723378074542302
3933.0,157.32,1.0,-26.982204711068192,-16.080553738557732,-26.982204711068192,-16.080553738557732,4.18583438524433,0.06528636177840322,-0.021597820830608495
3934.0,157.36,1.0,-27.06049261667631,-15.942778437618443,-27.06049261667631,-15.942778437618443,4.190135153492271,0.07150905698323165,-0.023511090966726007
3935.0,157.4,1.0,-27.13562660367805,-15.807095386224551,-27.13562660367805,-15.807095386224551,4.194582162020914,0.07704437756229583,-0.024476948243353155
3936.0,157.44,1.0,-27.218227669239162,-15.665018585358842,-27.218227669239162,-15.665018585358842,4.1991980355268925,0.08175172824644011,-0.024545296837020912
3937.0,157.48,1.0,-27.293981544140745,-15.527785221071033,-27.293981544140745,-15.527785221071033,4.2039947291475785,0.08551344047256249,-0.02379832445515881
3938.0,157.52,1.0,-27.364804741186692,-15.396349757712482,-27.364804741186692,-15.396349757712482,4.208976299358648,0.08822648713478964,-0.02234638427036916
3939.0,157.56,1.0,-27.43187977116317,-15.261590836952697,-27.43187977116317,-15.261590836952697,4.214137136883328,0.08979938238214455,-0.020321933011847027
3940.0,157.6,1.0,-27.50046282141261,-15.131487348466454,-27.50046282141261,-15.131487348466454,4.219470953125902,0.09015730042338957,-0.017872702269932185
3941.0,157.64000000000001,1.0,-27.567966142969276,-14.998176046571206,-27.567966142969276,-14.998176046571206,4.2249640723521935,0.08926809845041263,-0.015153007422707272
3942.0,157.68,1.0,-27.63585682766804,-14.867512432009892,-27.63585682766804,-14.867512432009892,4.2306013506715185,0.08711323885546701,-0.012318341294099321
3943.0,157.72,1.0,-27.703611009451503,-14.73465401490517,-27.703611009451503,-14.73465401490517,4.236362016750385,0.08370513501431631,-0.00951840926737929
3944.0,157.76,1.0,-27.77093496856221,-14.603496449104014,-27.77093496856221,-14.603496449104014,4.242222913169777,0.07909491982380257,-0.006890952301828582
3945.0,157.8,1.0,-27.839735571587163,-14.470061210293505,-27.839735571587163,-14.470061210293505,4.248157667788159,0.07335296323885876,-0.0045550759636415515
3946.0,157.84,1.0,-27.90455394578896,-14.339339502301073,-27.90455394578896,-14.339339502301073,4.254139305591715,0.06658222649533688,-0.002608005993489149
3947.0,157.88,1.0,-27.97266799711174,-14.203297133289002,-27.97266799711174,-14.203297133289002,4.260140655391832,0.05891250046804508,-0.001121968631924213
3948.0,157.92000000000002,1.0,-28.034940096665366,-14.0715561594289,-28.034940096665366,-14.0715561594289,4.266138825932217,0.05049722299331838,-0.00014281569134496388
3949.0,157.96,1.0,-28.099999075463636,-13.939555165322346,-28.099999075463636,-13.939555165322346,4.2721157325586345,0.041493574796801734,0.00031068515586590953
3950.0,158.0,1.0,-28.161474183022943,-13.805274082883093,-28.161474183022943,-13.805274082883093,4.278061329710058,0.032070244987250585,0.0002467351372025677
3951.0,158.04,1.0,-28.2248203683155,-13.673473507322843,-28.2248203683155,-13.673473507322843,4.283966451357564,0.022399693522677032,-0.0003024778438185119
3952.0,158.08,1.0,-28.285980762709727,-13.53897108569431,-28.285980762709727,-13.53897108569431,4.289829850567611,0.012649867136005355,-0.0012843521824503958
3953.0,158.12,1.0,-28.348103673929955,-13.40528609119814,-28.348103673929955,-13.40528609119814,4.29565091153844,0.003003278893630057,-0.0026294482332834667
3954.0,158.16,1.0,-28.4083657092007,-13.27172287834328,-28.4083657092007,-13.27172287834328,4.301435153057131,-0.006368643165359689,-0.004254560226792764
3955.0,158.20000000000002,1.0,-28.467086494154312,-13.140042213901893,-28.467086494154312,-13.140042213901893,4.307190194737188,-0.015303188220572039,-0.0060682250542298906
3956.0,158.24,1.0,-28.523715377343233,-13.007740074861081,-28.523715377343233,-13.007740074861081,4.312928006463586,-0.02363407999217678,-0.007976371186809739
3957.0,158.28,1.0,-28.578767061187893,-12.878016067806499,-28.578767061187893,-12.878016067806499,4.318664610685973,-0.031192742040091714,-0.009886690316604427
3958.0,158.32,1.0,-28.635731386484878,-12.741661082653502,-28.635731386484878,-12.741661082653502,4.324419101296725,-0.03783313197070977,-0.01171148990074222
3959.0,158.36,1.0,-28.696488568592894,-12.608209285479216,-28.696488568592894,-12.608209285479216,4.3302122337982585,-0.043429616438205844,-0.013371035465481868
3960.0,158.4,1.0,-28.754265427156167,-12.47258045305441,-28.754265427156167,-12.47258045305441,4.336061851877963,-0.04786358826033734,-0.014796433462718287
3961.0,158.44,1.0,-28.81161798487978,-12.337055757183276,-28.81161798487978,-12.337055757183276,4.341981445461304,-0.05102401645016717,-0.01593318780963087
3962.0,158.48,1.0,-28.864049196684817,-12.198104403440988,-28.864049196684817,-12.198104403440988,4.347980857136719,-0.05281192661560835,-0.016740683558895512
3963.0,158.52,1.0,-28.91660568905137,-12.05573273026538,-28.91660568905137,-12.05573273026538,4.354062615071594,-0.05314622358349673,-0.017192231854018972
3964.0,158.56,1.0,-28.966723974503434,-11.911590152386362,-28.966723974503434,-11.911590152386362,4.3602257260291895,-0.051968499272823064,-0.01727359789503085
3965.0,158.6,1.0,-29.01753539965739,-11.76560632176806,-29.01753539965739,-11.76560632176806,4.366464505886862,-0.04922646005917265,-0.01698393735329309
3966.0,158.64000000000001,1.0,-29.067507833102418,-11.61892930111755,-29.067507833102418,-11.61892930111755,4.372769662701267,-0.04488723644574111,-0.01633288094249727
3967.0,158.68,1.0,-29.11836636976965,-11.474553678327684,-29.11836636976965,-11.474553678327684,4.379127994303784,-0.03895464575706209,-0.015338602886790226
3968.0,158.72,1.0,-29.165332892264285,-11.332787639836237,-29.165332892264285,-11.332787639836237,4.385519982647971,-0.03147445944726773,-0.014024679821026648
3969.0,158.76,1.0,-29.212051459785336,-11.189964017048975,-29.212051459785336,-11.189964017048975,4.391922747725285,-0.022502655594031674,-0.012420032874893704
3970.0,158.8,1.0,-29.257243292333754,-11.047687299146034,-29.257243292333754,-11.047687299146034,4.398307768482991,-0.01211915184043324,-0.010556480124904233
3971.0,158.84,1.0,-29.305556374859254,-10.902695575601198,-29.305556374859254,-10.902695575601198,4.404648130540765,-0.00043083504089130864,-0.008466736923738453
3972.0,158.88,1.0,-29.35201659810418,-10.758113009418025,-29.35201659810418,-10.758113009418025,4.410916634104153,0.012412195965300798,-0.006181225417710482
3973.0,158.92000000000002,1.0,-29.396666560067207,-10.614946038420467,-29.396666560067207,-10.614946038420467,4.417090619809286,0.026237581932175614,-0.0037296474557960875
3974.0,158.96,1.0,-29.441814280163577,-10.466440382656632,-29.441814280163577,-10.466440382656632,4.423152755002491,0.04085056493784398,-0.001141187723083101
3975.0,159.0,1.0,-29.487529726955238,-10.315634616319697,-29.487529726955238,-10.315634616319697,4.429091960026541,0.05603952572921911,0.0015545055975370234
3976.0,159.04,1.0,-29.53226500334108,-10.165254515034883,-29.53226500334108,-10.165254515034883,4.434901359073796,0.0715565269309065,0.004329279211163432
3977.0,159.08,1.0,-29.574784943101843,-10.014229969517796,-29.574784943101843,-10.014229969517796,4.440578628088348,0.08714152196371036,0.007154531015272594
3978.0,159.12,1.0,-29.615349059967297,-9.863790600140543,-29.615349059967297,-9.863790600140543,4.446124649065761,0.10254459797076802,0.010000267700995227
3979.0,159.16,1.0,-29.651035486198253,-9.716735556764153,-29.651035486198253,-9.716735556764153,4.451546606178517,0.11752363485364956,0.012832408361946837
3980.0,159.20000000000002,1.0,-29.68674373612709,-9.564652319291515,-29.68674373612709,-9.564652319291515,4.456855431292647,0.13182975152571058,0.01561392143710239
3981.0,159.24,1.0,-29.722118948822242,-9.413865071536177,-29.722118948822242,-9.413865071536177,4.462069333314924,0.14522502910787455,0.018303879647906883
3982.0,159.28,1.0,-29.7547071162304,-9.263799718129565,-29.7547071162304,-9.263799718129565,4.467207231491864,0.1574933957457775,0.02085674951438236
3983.0,159.32,1.0,-29.789018441388578,-9.118305215144947,-29.789018441388578,-9.118305215144947,4.472291746871844,0.16846083652739105,0.023220750686095262
3984.0,159.36,1.0,-29.821481652385604,-8.975647900132097,-29.821481652385604,-8.975647900132097,4.4773434816623325,0.17797447914359288,0.025341074003926718
3985.0,159.4,1.0,-29.85185508257275,-8.835374266430225,-29.85185508257275,-8.835374266430225,4.4823799845159975,0.18591737362409264,0.02716174769670286
3986.0,159.44,1.0,-29.882180968176005,-8.693761371840083,-29.882180968176005,-8.693761371840083,4.487413840112259,0.19219762231508203,0.02862713703299245
3987.0,159.48,1.0,-29.908465332626577,-8.556348904126768,-29.908465332626577,-8.556348904126768,4.4924542300493835,0.1967837345204084,0.029682122557206925
3988.0,159.52,1.0,-29.937765167349863,-8.412842841540064,-29.937765167349863,-8.412842841540064,4.4975073882816465,0.19967437531408755,0.030276203427307875
3989.0,159.56,1.0,-29.967341975738027,-8.273478880046742,-29.967341975738027,-8.273478880046742,4.502577272590553,0.2008823506057204,0.03036719608816541
3990.0,159.6,1.0,-29.99852452004591,-8.13262809040297,-29.99852452004591,-8.13262809040297,4.507664161548474,0.20045910319450516,0.029925634554894654
3991.0,159.64000000000001,1.0,-30.02535300486523,-8.000083275376214,-30.02535300486523,-8.000083275376214,4.512764472915663,0.19849484838480264,0.028935689052738096
3992.0,159.68,1.0,-30.05300213188924,-7.861803110924467,-30.05300213188924,-7.861803110924467,4.517867673726303,0.19511199314323846,0.0273973833313191
3993.0,159.72,1.0,-30.079927379108263,-7.72537096645357,-30.079927379108263,-7.72537096645357,4.522960593447152,0.19044000382337048,0.02532960785231314
3994.0,159.76,1.0,-30.105937856910344,-7.593840712773141,-30.105937856910344,-7.593840712773141,4.52802581966278,0.1846264639461321,0.022773217686180538
3995.0,159.8,1.0,-30.12856090415147,-7.462569546163573,-30.12856090415147,-7.462569546163573,4.533043645526313,0.1778192551137571,0.01978984236674483
3996.0,159.84,1.0,-30.15125970042097,-7.331009812316419,-30.15125970042097,-7.331009812316419,4.537994538536248,0.17016654534790013,0.016460555401053123
3997.0,159.88,1.0,-30.175091490989292,-7.19655953307832,-30.175091490989292,-7.19655953307832,4.542859197615988,0.16180756334911922,0.012885628535781212
3998.0,159.92000000000002,1.0,-30.19893917874553,-7.0667073207743485,-30.19893917874553,-7.0667073207743485,4.547620481342801,0.15285418658437716,0.00918338207393003
3999.0,159.96,1.0,-30.224862657039743,-6.933832108992372,-30.224862657039743,-6.933832108992372,4.552262445295109,0.1434048228541757,0.005485239944621081
4000.0,160.0,1.0,-30.24678802408177,-6.805758378815351,-30.24678802408177,-6.805758378815351,4.556770586722787,0.13355597232259736,0.0019306379250539868
4001.0,160.04,1.0,-30.269275172599272,-6.678057341543401,-30.269275172599272,-6.678057341543401,4.561131195021497,0.12337612251164454,-0.0013382457693577876
4002.0,160.08,1.0,-30.29145278542262,-6.554618740417077,-30.29145278542262,-6.554618740417077,4.56533386839394,0.1128992805424092,-0.004180478221455373
4003.0,160.12,1.0,-30.313281847430147,-6.425957849645843,-30.313281847430147,-6.425957849645843,4.569374313873764,0.10213798300662262,-0.006461944266343269
4004.0,160.16,1.0,-30.334297443894037,-6.294988500743598,-30.334297443894037,-6.294988500743598,4.573251940670695,0.09110446745888737,-0.008062592972763991
4005.0,160.20000000000002,1.0,-30.35489767562084,-6.165221371535301,-30.35489767562084,-6.165221371535301,4.576970641784551,0.07976860862342984,-0.0088834943294599
4006.0,160.24,1.0,-30.37441809390709,-6.035407487785818,-30.37441809390709,-6.035407487785818,4.580540148118794,0.06811244456100486,-0.008850290604206303
4007.0,160.28,1.0,-30.39191961660548,-5.909651809670986,-30.39191961660548,-5.909651809670986,4.58397294332966,0.0561020673432576,-0.007916478941240618
4008.0,160.32,1.0,-30.40736679501997,-5.786155225873375,-30.40736679501997,-5.786155225873375,4.58728590544144,0.04372936767408777,-0.0060680017305412125
4009.0,160.36,1.0,-30.421460163030183,-5.656431610332456,-30.421460163030183,-5.656431610332456,4.59049598340618,0.03098921156721145,-0.0033261383665533417
4010.0,160.4,1.0,-30.43377176874709,-5.5309530298478835,-30.43377176874709,-5.5309530298478835,4.593620915053348,0.017905549785463482,0.00025281739180956495
4011.0,160.44,1.0,-30.443066513792786,-5.397828761043268,-30.443066513792786,-5.397828761043268,4.596678424998855,0.004505752648554873,0.004578764050908966
4012.0,160.48,1.0,-30.452299771915467,-5.271133923357029,-30.452299771915467,-5.271133923357029,4.599687545206367,-0.00915294313779379,0.009529209320494862
4013.0,160.52,1.0,-30.461916685846063,-5.13989106182842,-30.461916685846063,-5.13989106182842,4.602665493204844,-0.022981182115849864,0.014952393803551487
4014.0,160.56,1.0,-30.47075827074795,-5.0156287739366965,-30.47075827074795,-5.0156287739366965,4.605624970459712,-0.03687178821590621,0.020672139790584597
4015.0,160.6,1.0,-30.48109208172057,-4.8892242417176845,-30.48109208172057,-4.8892242417176845,4.6085764757222805,-0.05070421502315434,0.02649446862139863
4016.0,160.64000000000001,1.0,-30.488539789170932,-4.766695795057966,-30.488539789170932,-4.766695795057966,4.611526494288463,-0.0643115145019433,0.03221511630604305
4017.0,160.68,1.0,-30.496464638553526,-4.642845328980735,-30.496464638553526,-4.642845328980735,4.6144774367332575,-0.07752269619559717,0.037625208007574365
4018.0,160.72,1.0,-30.502687948593753,-4.517875059786411,-30.502687948593753,-4.517875059786411,4.617428520477556,-0.09015046795855045,0.042518728811505244
4019.0,160.76,1.0,-30.510226503751976,-4.387837732973848,-30.510226503751976,-4.387837732973848,4.620374934281227,-0.10201745267635458,0.046701309180515335
4020.0,160.8,1.0,-30.518784345786962,-4.258256985228842,-30.518784345786962,-4.258256985228842,4.623310410539284,-0.11292930375374217,0.049998193534812024
4021.0,160.84,1.0,-30.528048222940022,-4.125259781552996,-30.528048222940022,-4.125259781552996,4.6262269544221875,-0.12271594334343386,0.05225972979314937
4022.0,160.88,1.0,-30.538423272321193,-3.9939429795844736,-30.538423272321193,-3.9939429795844736,4.629116747020957,-0.13120118025027966,0.05336711489892833
4023.0,160.92000000000002,1.0,-30.546730877313582,-3.865309657014457,-30.546730877313582,-3.865309657014457,4.631970337675073,-0.1382406537981879,0.05323765057175922
4024.0,160.96,1.0,-30.55505362225881,-3.738455776896038,-30.55505362225881,-3.738455776896038,4.634779952550337,-0.14371596594642017,0.05182775658445228
4025.0,161.0,1.0,-30.564679637562257,-3.6061817897110955,-30.564679637562257,-3.6061817897110955,4.637540562216483,-0.14753574096131264,0.04913475324618281
4026.0,161.04,1.0,-30.573918261167545,-3.475421066783374,-30.573918261167545,-3.475421066783374,4.64024842047042,-0.14964307493028722,0.04519736429762038
4027.0,161.08,1.0,-30.587212459060844,-3.3344495996673813,-30.587212459060844,-3.3344495996673813,4.64290392338591,-0.1500252830362634,0.040094628614822936
4028.0,161.12,1.0,-30.600985470759003,-3.192179418713998,-30.600985470759003,-3.192179418713998,4.6455097671337295,-0.14870615741797333,0.03394383283407695
4029.0,161.16,1.0,-30.614123634847537,-3.0511972540949914,-30.614123634847537,-3.0511972540949914,4.648072176483358,-0.14572555940205278,0.026896138950799408
4030.0,161.20000000000002,1.0,-30.626616484895436,-2.9117298450942997,-30.626616484895436,-2.9117298450942997,4.650599742266834,-0.14116741656006493,0.019130487454997118
4031.0,161.24,1.0,-30.641632899480175,-2.774068926534855,-30.641632899480175,-2.774068926534855,4.653104402597036,-0.13515527288808965,0.01084702055277027
4032.0,161.28,1.0,-30.654119917879786,-2.6361669657045455,-30.654119917879786,-2.6361669657045455,4.655601192090355,-0.12784021615486105,0.0022616452105869217
4033.0,161.32,1.0,-30.665878361759507,-2.4973177800333146,-30.665878361759507,-2.4973177800333146,4.658106772178874,-0.11939962180895666,-0.00640214241004136
4034.0,161.36,1.0,-30.678046244374872,-2.351118059120956,-30.678046244374872,-2.351118059120956,4.660641746089576,-0.11003182958445046,-0.014920788397033192
4035.0,161.4,1.0,-30.690373610228978,-2.2061952823774296,-30.690373610228978,-2.2061952823774296,4.663227759821666,-0.0999464433712189,-0.023077870836653365
4036.0,161.44,1.0,-30.70362881286391,-2.0577809285648425,-30.70362881286391,-2.0577809285648425,4.665888094478896,-0.0893672663420224,-0.030670785980032932
4037.0,161.48,1.0,-30.71534224246981,-1.9154316122013397,-30.71534224246981,-1.9154316122013397,4.668647334427943,-0.07851315637562119,-0.03751765290915503
4038.0,161.52,1.0,-30.72650167020073,-1.7723898180608768,-30.72650167020073,-1.7723898180608768,4.671527655454954,-0.06759987276002258,-0.04346307461855781
4039.0,161.56,1.0,-30.73471130600164,-1.631974694974628,-30.73471130600164,-1.631974694974628,4.674549395063273,-0.05682598044244501,-0.04838213195285243
4040.0,161.6,1.0,-30.741838754725723,-1.489233927857281,-30.741838754725723,-1.489233927857281,4.677730121658211,-0.04640784075448553,-0.05218348806451362
4041.0,161.64000000000001,1.0,-30.747497794054205,-1.3476578284529122,-30.747497794054205,-1.3476578284529122,4.681086657857881,-0.0365235269211585,-0.054810684744986723
4042.0,161.68,1.0,-30.753909118143902,-1.200971586435325,-30.753909118143902,-1.200971586435325,4.684631369681778,-0.027339881744624928,-0.05624287540135544
4043.0,161.72,1.0,-30.75994954808582,-1.0541156918137946,-30.75994954808582,-1.0541156918137946,4.688373744733325,-0.01899498380800988,-0.05649478013116026
4044.0,161.76,1.0,-30.765122765529735,-0.9042963600031817,-30.765122765529735,-0.9042963600031817,4.692318568006356,-0.01163140886635634,-0.05561397621659368
4045.0,161.8,1.0,-30.768549848254015,-0.7616604798817496,-30.768549848254015,-0.7616604798817496,4.696465024824165,-0.0053521691073737275,-0.05367803235128669
4046.0,161.84,1.0,-30.770855363807748,-0.6165503990950905,-30.770855363807748,-0.6165503990950905,4.700806124367808,-0.0002450636071791745,-0.05079075696408808
4047.0,161.88,1.0,-30.770315923033415,-0.4759801553108821,-30.770315923033415,-0.4759801553108821,4.7053287590413095,0.003638540675732238,-0.04707788071581594
4048.0,161.92000000000002,1.0,-30.768149944646098,-0.33127356356124354,-30.768149944646098,-0.33127356356124354,4.710013292259204,0.006256816435603852,-0.04268127062770129
4049.0,161.96,1.0,-30.765089198485448,-0.19079475974721619,-30.765089198485448,-0.19079475974721619,4.7148383103814355,0.007594669706107915,-0.03775380169238759
4050.0,162.0,1.0,-30.76251299399267,-0.044307876561255656,-30.76251299399267,-0.044307876561255656,4.719781459534971,0.007644682374009182,-0.032454186768687145
4051.0,162.04,1.0,-30.758600558307727,0.1004823361525939,-30.758600558307727,0.1004823361525939,4.724819955289106,0.006443059219375669,-0.026941269856953488
4052.0,162.08,1.0,-30.75485464641728,0.24724757199641173,-30.75485464641728,0.24724757199641173,4.729929140184047,0.004027550818412362,-0.021369331583136576
4053.0,162.12,1.0,-30.75110247310618,0.38432460574579097,-30.75110247310618,0.38432460574579097,4.735085279649526,0.00045629022532645003,-0.015883054638174698
4054.0,162.16,1.0,-30.74489928236189,0.524332128133922,-30.74489928236189,0.524332128133922,4.740263534973115,-0.004203016919338121,-0.010614130324284474
4055.0,162.20000000000002,1.0,-30.73933995348305,0.6595535455064375,-30.73933995348305,0.6595535455064375,4.7454409535496005,-0.009833257156715059,-0.005678048625518751
4056.0,162.24,1.0,-30.732692129227974,0.8004319606290233,-30.732692129227974,0.8004319606290233,4.7505957005652455,-0.016313372581587084,-0.0011720716413175143
4057.0,162.28,1.0,-30.72658246135132,0.9416668644461808,-30.72658246135132,0.9416668644461808,4.755710220899351,-0.023498057924450734,0.0028266274716160205
4058.0,162.32,1.0,-30.718770478511647,1.0867250230087062,-30.718770478511647,1.0867250230087062,4.760771285388827,-0.031244795340699218,0.0062609583485704525
4059.0,162.36,1.0,-30.712787265926334,1.227112743079858,-30.712787265926334,1.227112743079858,4.765772342227392,-0.039390233968936594,0.009093654816124985
4060.0,162.4,1.0,-30.706251011168227,1.367462940050685,-30.706251011168227,1.367462940050685,4.770709541121194,-0.047768483535997275,0.011307177703782745
4061.0,162.44,1.0,-30.698496565373897,1.505718670388307,-30.698496565373897,1.505718670388307,4.775581321580129,-0.05620282447746283,0.012902397344018277
4062.0,162.48,1.0,-30.68887645400064,1.6466775035233698,-30.68887645400064,1.6466775035233698,4.780387970666757,-0.06452367085915132,0.013895782034058035
4063.0,162.52,1.0,-30.677283951092186,1.7876956653021725,-30.677283951092186,1.7876956653021725,4.785131750417811,-0.07255959396859213,0.01431721373335144
4064.0,162.56,1.0,-30.66531857449513,1.9301906759029268,-30.66531857449513,1.9301906759029268,4.789817337660541,-0.08012978081414586,0.014207341600484072
4065.0,162.6,1.0,-30.65171976967695,2.076954307976572,-30.65171976967695,2.076954307976572,4.794452765373991,-0.08705723764597084,0.013615649421456016
4066.0,162.64000000000001,1.0,-30.63923175079274,2.2223446338209243,-30.63923175079274,2.2223446338209243,4.7990495870367615,-0.09319312516524914,0.012596983445516765
4067.0,162.68,1.0,-30.624236967017673,2.370566806150714,-30.624236967017673,2.370566806150714,4.803622501839653,-0.09840529438579379,0.011209438042296549
4068.0,162.72,1.0,-30.61335617272282,2.509703550351155,-30.61335617272282,2.509703550351155,4.808188425315042,-0.1025836067738936,0.00951148032107493
4069.0,162.76,1.0,-30.599925015645,2.6515682154589517,-30.599925015645,2.6515682154589517,4.812764292913801,-0.10563346053375973,0.007561709762873864
4070.0,162.8,1.0,-30.58700942481671,2.7924577426646886,-30.58700942481671,2.7924577426646886,4.817365145482387,-0.10748758669190137,0.0054165547270837
4071.0,162.84,1.0,-30.572141245414763,2.935168936467985,-30.572141245414763,2.935168936467985,4.822004922721173,-0.1081092412064784,0.003128634974412588
4072.0,162.88,1.0,-30.558083309506724,3.076737292343682,-30.558083309506724,3.076737292343682,4.826696696702418,-0.1074955476835667,0.0007457184501265486
4073.0,162.92000000000002,1.0,-30.542089163325233,3.2277441444109343,-30.542089163325233,3.2277441444109343,4.83145256249402,-0.10567299425675566,-0.0016880721730151674
4074.0,162.96,1.0,-30.526565358824406,3.3781659600040945,-30.526565358824406,3.3781659600040945,4.836283887311881,-0.10269153787951554,-0.004132733395452945
4075.0,163.0,1.0,-30.508358759970548,3.5335408242326816,-30.508358759970548,3.5335408242326816,4.841199880345037,-0.09864851526803539,-0.006552862222350425
4076.0,163.04,1.0,-30.48974785603526,3.6847307655307295,-30.48974785603526,3.6847307655307295,4.84620771126697,-0.09366519846675063,-0.008917734471409224
4077.0,163.08,1.0,-30.469468151579587,3.835353622406307,-30.469468151579587,3.835353622406307,4.851309902209716,-0.08789185239519978,-0.011199466205868747
4078.0,163.12,1.0,-30.450069407601838,3.9843421060367357,-30.450069407601838,3.9843421060367357,4.856506432299197,-0.08148713613481219,-0.013372251608583107
4079.0,163.16,1.0,-30.42702663573578,4.136111890878881,-30.42702663573578,4.136111890878881,4.861792891505445,-0.07463282617780757,-0.015411401007185677
4080.0,163.20000000000002,1.0,-30.404484620575396,4.2879558673489,-30.404484620575396,4.2879558673489,4.867164312845371,-0.06751533050127634,-0.017294503166390977
4081.0,163.24,1.0,-30.379754601672108,4.444497394882908,-30.379754601672108,4.444497394882908,4.872614447351133,-0.06033775697905412,-0.018999991772153633
4082.0,163.28,1.0,-30.35645618440575,4.595010556640479,-30.35645618440575,4.595010556640479,4.878137537778338,-0.053303025721386024,-0.02050660222032485
4083.0,163.32,1.0,-30.332414393196323,4.744899117642302,-30.332414393196323,4.744899117642302,4.883727406739182,-0.046600625998120315,-0.021793040394685263
4084.0,163.36,1.0,-30.307029432431897,4.892465297748399,-30.307029432431897,4.892465297748399,4.8893777406251715,-0.04040941460002388,-0.02284035538044416
4085.0,163.4,1.0,-30.282124110143286,5.043731479043954,-30.282124110143286,5.043731479043954,4.895082556063862,-0.034897618391827014,-0.023631279285375718
4086.0,163.44,1.0,-30.25658308758521,5.195891576927763,-30.25658308758521,5.195891576927763,4.900836525966289,-0.030206005057137587,-0.024149723848249243
4087.0,163.48,1.0,-30.231389985074202,5.344479983133008,-30.231389985074202,5.344479983133008,4.906635020093034,-0.026452366616832645,-0.024380985827653155
4088.0,163.52,1.0,-30.202562095658333,5.498167998015981,-30.202562095658333,5.498167998015981,4.912475583753097,-0.023719101374084707,-0.024313995467891453
4089.0,163.56,1.0,-30.17445785912608,5.650675675018954,-30.17445785912608,5.650675675018954,4.918356851677849,-0.022069666478169082,-0.023942243776980607
4090.0,163.6,1.0,-30.143834274668666,5.802390837218221,-30.143834274668666,5.802390837218221,4.9242792164093885,-0.021530375132232937,-0.02326394126958655
4091.0,163.64000000000001,1.0,-30.113043761821608,5.951720395429927,-30.113043761821608,5.951720395429927,4.930241290638579,-0.022107265786289777,-0.02228144341892542
4092.0,163.68,1.0,-30.078447142999835,6.101582867636758,-30.078447142999835,6.101582867636758,4.936241261052969,-0.023749970192193416,-0.021002539193005754
4093.0,163.72,1.0,-30.044036836837325,6.245200239132687,-30.044036836837325,6.245200239132687,4.942275426593745,-0.026372396483210204,-0.019441443334134452
4094.0,163.76,1.0,-30.00832108825805,6.388513049076412,-30.00832108825805,6.388513049076412,4.948339398198972,-0.02986135269450262,-0.01761882643796929
4095.0,163.8,1.0,-29.970094171139852,6.533794049770319,-29.970094171139852,6.533794049770319,4.9544286748540225,-0.03408419053219379,-0.015559256251138829
4096.0,163.84,1.0,-29.931609205751982,6.678701009821434,-29.931609205751982,6.678701009821434,4.960537506375326,-0.03888198633827041,-0.013291569938392677
4097.0,163.88,1.0,-29.891251595484754,6.829085647543893,-29.891251595484754,6.829085647543893,4.966659515141513,-0.04407090813948972,-0.010849185083156439
4098.0,163.92000000000002,1.0,-29.850832789241544,6.976550034585176,-29.850832789241544,6.976550034585176,4.9727862248673445,-0.04946280556411958,-0.008269284402050398
4099.0,163.96,1.0,-29.810295064266864,7.1246371027920405,-29.810295064266864,7.1246371027920405,4.978907231409549,-0.05486385919659027,-0.005589808432005421
4100.0,164.0,1.0,-29.769648933779838,7.2718225662564935,-29.769648933779838,7.2718225662564935,4.985008754212137,-0.0600786871565148,-0.002848550955784868
4101.0,164.04,1.0,-29.729001460669934,7.4142724240983595,-29.729001460669934,7.4142724240983595,4.991075132171535,-0.06490989754828803,-8.302995385363297e-05
4102.0,164.08,1.0,-29.68482152035524,7.562720700358655,-29.68482152035524,7.562720700358655,4.997090779921895,-0.0691626274929158,0.0026700283214303906
4103.0,164.12,1.0,-29.63966070683731,7.711270556074879,-29.63966070683731,7.711270556074879,5.00304085400194,-0.07267640385135633,0.005376855244701681
4104.0,164.16,1.0,-29.596206277132175,7.86027861942712,-29.596206277132175,7.86027861942712,5.0089121364542315,-0.07531470750780424,0.008008641407522884
4105.0,164.20000000000002,1.0,-29.551041664238046,8.004198702066992,-29.551041664238046,8.004198702066992,5.014691638628851,-0.07696689840994198,0.010541980725311623
4106.0,164.24,1.0,-29.50242125818055,8.150136334356581,-29.50242125818055,8.150136334356581,5.02036554333799,-0.07753797797696198,0.012957402142150099
4107.0,164.28,1.0,-29.454093272243817,8.298138653798558,-29.454093272243817,8.298138653798558,5.025920415902101,-0.07697203013225248,0.01523988635935428
4108.0,164.32,1.0,-29.40513885097414,8.448430640994522,-29.40513885097414,8.448430640994522,5.031342917246893,-0.07525214736540776,0.01738001086487121
4109.0,164.36,1.0,-29.35218356446821,8.595024950013032,-29.35218356446821,8.595024950013032,5.036621158842591,-0.07238793720444815,0.019373375959088945
4110.0,164.4,1.0,-29.29757537860585,8.742668071406833,-29.29757537860585,8.742668071406833,5.041745604545475,-0.06841687450031989,0.021217637387028056
4111.0,164.44,1.0,-29.242654296562563,8.892368429122879,-29.242654296562563,8.892368429122879,5.046712017134601,-0.06340548421697698,0.022911879588982956
4112.0,164.48,1.0,-29.188454772628596,9.043144048861215,-29.188454772628596,9.043144048861215,5.051520607085396,-0.05746317568468064,0.02445675973925788
4113.0,164.52,1.0,-29.13218683015698,9.196833007404859,-29.13218683015698,9.196833007404859,5.056175629964759,-0.050725751152119455,0.025853557090169337
4114.0,164.56,1.0,-29.076375645917032,9.349107910212602,-29.076375645917032,9.349107910212602,5.060684225283217,-0.0433488510285574,0.02710173281037707
4115.0,164.6,1.0,-29.021454347593988,9.498681901289432,-29.021454347593988,9.498681901289432,5.065054317207497,-0.03550006892860959,0.028196999089535345
4116.0,164.64000000000001,1.0,-28.966427455805835,9.646865634798413,-28.966427455805835,9.646865634798413,5.069297019118369,-0.027362293932790292,0.02913094272302228
4117.0,164.68,1.0,-28.909357745106576,9.794521433195284,-28.909357745106576,9.794521433195284,5.073426425735122,-0.019132938867158278,0.029891780603425844
4118.0,164.72,1.0,-28.85165606267278,9.945768204597965,-28.85165606267278,9.945768204597965,5.077460100855233,-0.011001569217437713,0.030463594042065584
4119.0,164.76,1.0,-28.79062958576182,10.098895634205643,-28.79062958576182,10.098895634205643,5.081417139218123,-0.0031547639726336894,0.0308248324234018
4120.0,164.8,1.0,-28.729939020110134,10.248548932195106,-28.729939020110134,10.248548932195106,5.085319793848266,0.004226845709895899,0.030948829379061026
4121.0,164.84,1.0,-28.668970480946502,10.399823617176192,-28.668970480946502,10.399823617176192,5.089190567648871,0.010969489853140845,0.030806917448507297
4122.0,164.88,1.0,-28.609702959581046,10.547072121341568,-28.609702959581046,10.547072121341568,5.093050026619551,0.016922777865293292,0.03036977366081515
4123.0,164.92000000000002,1.0,-28.549518160212138,10.69502186657447,-28.549518160212138,10.69502186657447,5.096915504378574,0.02197148570256745,0.029607668420628293
4124.0,164.96,1.0,-28.487056677666697,10.840655479162638,-28.487056677666697,10.840655479162638,5.1008007983146,0.026027488729658342,0.028492461589073287
4125.0,165.0,1.0,-28.42229314057484,10.987510035187379,-28.42229314057484,10.987510035187379,5.10471608442396,0.02903997327975314,0.027000754837875517
4126.0,165.04,1.0,-28.360796769581974,11.130058090734474,-28.360796769581974,11.130058090734474,5.108670353671691,0.030983628010954778,0.025116804631662902
4127.0,165.08,1.0,-28.296834623611954,11.272898807326795,-28.296834623611954,11.272898807326795,5.112669030472555,0.031870741063217155,0.022833896324197224
4128.0,165.12,1.0,-28.23328392442493,11.415301744908366,-28.23328392442493,11.415301744908366,5.116715696683216,0.031745236320285405,0.020155614633524468
4129.0,165.16,1.0,-28.17161400178491,11.560844493086826,-28.17161400178491,11.560844493086826,5.120809069830445,0.030681625574444104,0.01709767140604238
4130.0,165.20000000000002,1.0,-28.111861011900764,11.706790644289734,-28.111861011900764,11.706790644289734,5.124946752195941,0.028780035053079377,0.013690692415315753
4131.0,165.24,1.0,-28.051746004906327,11.851531878894539,-28.051746004906327,11.851531878894539,5.1291211428303445,0.026175716913096447,0.009980372957776876
4132.0,165.28,1.0,-27.991552476758226,11.995550908824303,-27.991552476758226,11.995550908824303,5.133323138301217,0.023026090245685915,0.006025511023542517
4133.0,165.32,1.0,-27.93168621800685,12.139608094130129,-27.93168621800685,12.139608094130129,5.137541657895106,0.019499242087841373,0.0018971758826352165
4134.0,165.36,1.0,-27.869891292967758,12.284654221729243,-27.869891292967758,12.284654221729243,5.14176653267985,0.015768051697600705,-0.0023211013241078394
4135.0,165.4,1.0,-27.80850044184171,12.429430543384838,-27.80850044184171,12.429430543384838,5.145989936576792,0.012009472385299823,-0.006535545911569794
4136.0,165.44,1.0,-27.745519741107767,12.575455511075196,-27.745519741107767,12.575455511075196,5.150207091434843,0.008387875082979734,-0.010645910782474495
4137.0,165.48,1.0,-27.684372772181224,12.717585271676473,-27.684372772181224,12.717585271676473,5.1544154000224065,0.005062999246436562,-0.014549658388454503
4138.0,165.52,1.0,-27.620196632247872,12.85701880772945,-27.620196632247872,12.85701880772945,5.158614453756291,0.002174207329805722,-0.018144804437576687
4139.0,165.56,1.0,-27.558581045723514,12.993366361693791,-27.558581045723514,12.993366361693791,5.162805561303099,-0.0001554428150699394,-0.02133431845833557
4140.0,165.6,1.0,-27.489554240085823,13.133505383266348,-27.489554240085823,13.133505383266348,5.166993457012989,-0.0018367519632464635,-0.024029695503716086
4141.0,165.64000000000001,1.0,-27.420140746997696,13.271869167578718,-27.420140746997696,13.271869167578718,5.171184419588598,-0.0027966812981605306,-0.026156544550734802
4142.0,165.68,1.0,-27.34890603415372,13.413033956618506,-27.34890603415372,13.413033956618506,5.1753897443546695,-0.0030099526039559787,-0.02765709557038712
4143.0,165.72,1.0,-27.278847125977062,13.554431820593745,-27.278847125977062,13.554431820593745,5.179623263673039,-0.0024838400309276087,-0.028492355742672764
4144.0,165.76,1.0,-27.208431163126033,13.698360211340688,-27.208431163126033,13.698360211340688,5.1839034053075395,-0.001268392111594596,-0.028644379768834455
4145.0,165.8,1.0,-27.139744488716172,13.837785874762584,-27.139744488716172,13.837785874762584,5.188250081934202,0.0005514595199323403,-0.028119789975793653
4146.0,165.84,1.0,-27.06824470080777,13.98126424414996,-27.06824470080777,13.98126424414996,5.192682252110545,0.002851818225996161,-0.026949924557252324
4147.0,165.88,1.0,-26.997709451775506,14.121830549441032,-26.997709451775506,14.121830549441032,5.197216515602795,0.0054874794950507625,-0.025189319448041664
4148.0,165.92000000000002,1.0,-26.9219777672404,14.261906069558602,-26.9219777672404,14.261906069558602,5.201865696396945,0.008280735376672455,-0.02291364009006937
4149.0,165.96,1.0,-26.846860179801855,14.4010388519087,-26.846860179801855,14.4010388519087,5.206641123869315,0.011032407865089489,-0.02021836473733662
4150.0,166.0,1.0,-26.76768095382393,14.54024821526672,-26.76768095382393,14.54024821526672,5.211549625814196,0.013527072175952925,-0.017214645155694777
4151.0,166.04,1.0,-26.688781449870806,14.680257722937176,-26.688781449870806,14.680257722937176,5.216596697395213,0.015545496715857888,-0.014025514372680339
4152.0,166.08,1.0,-26.60634636875841,14.817792387576972,-26.60634636875841,14.817792387576972,5.221784541493515,0.016854818735400057,-0.010779731366372216
4153.0,166.12,1.0,-26.52627337927866,14.953075678138429,-26.52627337927866,14.953075678138429,5.227111550624308,0.017240155372990774,-0.007607710698196535
4154.0,166.16,1.0,-26.445772755280565,15.085892532439129,-26.445772755280565,15.085892532439129,5.232570837372454,0.016504693976872032,-0.004635641023506075
4155.0,166.20000000000002,1.0,-26.36645117572358,15.218833234774753,-26.36645117572358,15.218833234774753,5.238148978787372,0.01449004581261859,-0.0019806467858873395
4156.0,166.24,1.0,-26.285597837377384,15.350962512991288,-26.285597837377384,15.350962512991288,5.243827116225613,0.011064329727145472,0.00025601181222590085
4157.0,166.28,1.0,-26.20399192772411,15.48384590735057,-26.20399192772411,15.48384590735057,5.249582665154036,0.006139353150919824,0.0019919828144510845
4158.0,166.32,1.0,-26.12227439568996,15.61738852798111,-26.12227439568996,15.61738852798111,5.255391093104005,-0.0003351081194600147,0.0031667048339820156
4159.0,166.36,1.0,-26.041472988532394,15.750786823757213,-26.041472988532394,15.750786823757213,5.261229694868419,-0.008349503946235026,0.003743889114221984
4160.0,166.4,1.0,-25.962696724268476,15.885012870885323,-25.962696724268476,15.885012870885323,5.267075628728663,-0.017836779092360245,0.0037143054643251723
4161.0,166.44,1.0,-25.886444651013466,16.016101572293948,-25.886444651013466,16.016101572293948,5.272910576380999,-0.02868705656075271,0.0030956619102333926
4162.0,166.48,1.0,-25.807311989358755,16.14904908552223,-25.807311989358755,16.14904908552223,5.278715596697091,-0.04073584848349293,0.0019314771043396025
4163.0,166.52,1.0,-25.729414943051957,16.278134427537424,-25.729414943051957,16.278134427537424,5.284475063199635,-0.0537663128766081,0.0002886001999038195
4164.0,166.56,1.0,-25.649640880991917,16.406328436623575,-25.649640880991917,16.406328436623575,5.290174882313399,-0.06751823990488601,-0.0017450233470536075
4165.0,166.6,1.0,-25.565360135723676,16.53948392004345,-25.565360135723676,16.53948392004345,5.295806690099355,-0.0817044679946508,-0.004065179603565093
4166.0,166.64000000000001,1.0,-25.480359232493516,16.669363974586016,-25.480359232493516,16.669363974586016,5.301367471515122,-0.09601189879757589,-0.006555767004936469
4167.0,166.68,1.0,-25.394787638543313,16.79980766171751,-25.394787638543313,16.79980766171751,5.306860295617114,-0.11010463004944877,-0.009095156954639942
4168.0,166.72,1.0,-25.31053617854719,16.928272957867534,-25.31053617854719,16.928272957867534,5.312294173667203,-0.12363620541442613,-0.011560435509538902
4169.0,166.76,1.0,-25.226338859476726,17.056012802688677,-25.226338859476726,17.056012802688677,5.317683499226253,-0.13626736363122238,-0.01383299223006736
4170.0,166.8,1.0,-25.14209996571494,17.181453410293994,-25.14209996571494,17.181453410293994,5.323045051521655,-0.1476855921546204,-0.015803681224766122
4171.0,166.84,1.0,-25.05531166298984,17.30767438964083,-25.05531166298984,17.30767438964083,5.32839700484516,-0.15760693176180834,-0.017378139403537364
4172.0,166.88,1.0,-24.967655373669125,17.433756377368788,-24.967655373669125,17.433756377368788,5.333756144475059,-0.16577192762107112,-0.018479968392517254
4173.0,166.92000000000002,1.0,-24.872525601198056,17.56584420228704,-24.872525601198056,17.56584420228704,5.339140314964275,-0.17197278623492335,-0.019053502041664512
4174.0,166.96,1.0,-24.77544622162847,17.698575391144445,-24.77544622162847,17.698575391144445,5.344565703889929,-0.1760599952635,-0.01906623755311026
4175.0,167.0,1.0,-24.677130894322154,17.829631287927214,-24.677130894322154,17.829631287927214,5.350046700696362,-0.17794618460407088,-0.01851025603371128
4176.0,167.04,1.0,-24.577165497840245,17.96097757330478,-24.577165497840245,17.96097757330478,5.355593490574572,-0.17758912318383677,-0.01740178782106263
4177.0,167.08,1.0,-24.474865645037617,18.09282773016889,-24.474865645037617,18.09282773016889,5.361212649881461,-0.1750229018554778,-0.01577992388420649
4178.0,167.12,1.0,-24.373570798591555,18.223189472526194,-24.373570798591555,18.223189472526194,5.366908061411574,-0.17034088757687077,-0.013704171886175584
4179.0,167.16,1.0,-24.268670209510848,18.35467571712635,-24.268670209510848,18.35467571712635,5.372679035345415,-0.16370632946379593,-0.01125137378725454
4180.0,167.20000000000002,1.0,-24.165463553298242,18.48675125318325,-24.165463553298242,18.48675125318325,5.3785206050598555,-0.15532449982639332,-0.008511308241260162
4181.0,167.24,1.0,-24.055084983080825,18.622978821284935,-24.055084983080825,18.622978821284935,5.384423247020637,-0.1454445564410048,-0.005582569686138235
4182.0,167.28,1.0,-23.946916940194114,18.755633526854943,-23.946916940194114,18.755633526854943,5.390375910053095,-0.13435228092030047,-0.0025681457362751207
4183.0,167.32,1.0,-23.834524190309924,18.89004076580966,-23.834524190309924,18.89004076580966,5.396365297980061,-0.12236511707197872,0.0004284808464847491
4184.0,167.36,1.0,-23.7228431400087,19.02338663477485,-23.7228431400087,19.02338663477485,5.402375298231339,-0.10980597708442041,0.0033082429462088585
4185.0,167.4,1.0,-23.609941219157637,19.155324492826455,-23.609941219157637,19.155324492826455,5.408387570730143,-0.0969904436106148,0.005981025592859323
4186.0,167.44,1.0,-23.497522312214468,19.285456846744108,-23.497522312214468,19.285456846744108,5.41438471748255,-0.08423082136374625,0.008368763398393039
4187.0,167.48,1.0,-23.383009582132228,19.415924590691564,-23.383009582132228,19.415924590691564,5.420350866817792,-0.07183476017349663,0.010408013720504478
4188.0,167.52,1.0,-23.269172547085624,19.54743398589674,-23.269172547085624,19.54743398589674,5.4262727168300895,-0.060067873884140845,0.012052521211920736
4189.0,167.56,1.0,-23.153195929670883,19.67975353160559,-23.153195929670883,19.67975353160559,5.4321369014487155,-0.04915287823504505,0.013275254422942948
4190.0,167.6,1.0,-23.037114402503576,19.81182117570994,-23.037114402503576,19.81182117570994,5.437932373611086,-0.039262597337989,0.01406805958384312
4191.0,167.64000000000001,1.0,-22.922037420796176,19.94273464756987,-22.922037420796176,19.94273464756987,5.443649392853212,-0.03053301375457318,0.014440598669963198
4192.0,167.68,1.0,-22.807744634429664,20.073095746735042,-22.807744634429664,20.073095746735042,5.449280265127552,-0.02304383731649904,0.01441957646006276
4193.0,167.72,1.0,-22.696487946745027,20.198389149322807,-22.696487946745027,20.198389149322807,5.454817595052632,-0.01682901312662859,0.01404726294816103
4194.0,167.76,1.0,-22.58039912643434,20.323341895580736,-22.58039912643434,20.323341895580736,5.460255931601874,-0.011869504787138751,0.013378336596411305
4195.0,167.8,1.0,-22.462368875608544,20.448425808245297,-22.462368875608544,20.448425808245297,5.465594181606098,-0.008117008844497198,0.012475669807330943
4196.0,167.84,1.0,-22.343527848127977,20.573293830918722,-22.343527848127977,20.573293830918722,5.470835240322224,-0.005494388637675374,0.011407190513607458
4197.0,167.88,1.0,-22.22679830320853,20.699591835009652,-22.22679830320853,20.699591835009652,5.475985347049809,-0.003888304707778367,0.010244133303138746
4198.0,167.92000000000002,1.0,-22.107883862772006,20.824781482525445,-22.107883862772006,20.824781482525445,5.481052480699337,-0.003159865473490142,0.009058372177262256
4199.0,167.96,1.0,-21.990247849557715,20.948380258175693,-21.990247849557715,20.948380258175693,5.486045227175007,-0.0031681980989594514,0.007917769014726272
4200.0,168.0,1.0,-21.87016239073895,21.068577516873454,-21.87016239073895,21.068577516873454,5.490973060012965,-0.0037877093819264963,0.006882305596944685
4201.0,168.04,1.0,-21.753012528661067,21.189033787615795,-21.753012528661067,21.189033787615795,5.4958455589697675,-0.004889954524657236,0.00600287793096727
4202.0,168.08,1.0,-21.63239555453299,21.308404188095246,-21.63239555453299,21.308404188095246,5.500671576596983,-0.0063525970544252575,0.005319994537184188
4203.0,168.12,1.0,-21.51050580072234,21.426959208197722,-21.51050580072234,21.426959208197722,5.505460446642681,-0.008075937002336886,0.00486121601697685
4204.0,168.16,1.0,-21.38603179386053,21.545489654755833,-21.38603179386053,21.545489654755833,5.51022200788682,-0.009985804682798194,0.004639520225686577
4205.0,168.20000000000002,1.0,-21.26537303639905,21.66315289696454,-21.26537303639905,21.66315289696454,5.514967554863108,-0.012043606316488108,0.0046550186965175246
4206.0,168.24,1.0,-21.140433377958555,21.782968887942655,-21.140433377958555,21.782968887942655,5.519706651376622,-0.014228511101113228,0.004896964052777281
4207.0,168.28,1.0,-21.017150294375384,21.903417648045387,-21.017150294375384,21.903417648045387,5.524448296785641,-0.01654193585620407,0.005344237388919998
4208.0,168.32,1.0,-20.888228397331964,22.022362751832254,-20.888228397331964,22.022362751832254,5.5291968555150754,-0.019002630620370664,0.0059648850902488575
4209.0,168.36,1.0,-20.759502384316708,22.140788905508202,-20.759502384316708,22.140788905508202,5.533953877494834,-0.021652348819468183,0.006717908045455845
4210.0,168.4,1.0,-20.630592019554587,22.257669420292242,-20.630592019554587,22.257669420292242,5.5387171586650705,-0.024531456483733914,0.007557366873555435
4211.0,168.44,1.0,-20.499251926881765,22.373052219604425,-20.499251926881765,22.373052219604425,5.54348272748807,-0.027670175211070624,0.008435117770513173
4212.0,168.48,1.0,-20.36954141414295,22.48568857420511,-20.36954141414295,22.48568857420511,5.548244634681952,-0.031109146600086568,0.009300864681673635
4213.0,168.52,1.0,-20.23837866141213,22.59922591783267,-20.23837866141213,22.59922591783267,5.552997910594332,-0.03488698272104414,0.010103690837113164
4214.0,168.56,1.0,-20.11334263819909,22.71301596201452,-20.11334263819909,22.71301596201452,5.557738711677502,-0.03903070442942232,0.010796112739027783
4215.0,168.6,1.0,-19.986739496000553,22.824726670598203,-19.986739496000553,22.824726670598203,5.56246448434714,-0.0435377492792496,0.011337175651979914
4216.0,168.64000000000001,1.0,-19.858871953198143,22.938629239931196,-19.858871953198143,22.938629239931196,5.567172490232893,-0.04837272910837145,0.011692018480250227
4217.0,168.68,1.0,-19.727514585856902,23.049842303547702,-19.727514585856902,23.049842303547702,5.571859867241725,-0.05346795040421228,0.011831857419520992
4218.0,168.72,1.0,-19.59795920660459,23.162519324912815,-19.59795920660459,23.162519324912815,5.576522513353713,-0.058734458702755954,0.011735654729969767
4219.0,168.76,1.0,-19.466672103778773,23.2742718052228,-19.466672103778773,23.2742718052228,5.581158121867966,-0.06407012318796938,0.011392052154239614
4220.0,168.8,1.0,-19.336179371266383,23.38640196130259,-19.336179371266383,23.38640196130259,5.585766581401752,-0.06934355560738374,0.010798200537922808
4221.0,168.84,1.0,-19.202946338175014,23.493746175538995,-19.202946338175014,23.493746175538995,5.590351266323806,-0.07441871431840144,0.00995759060617787
4222.0,168.88,1.0,-19.07111498907335,23.604162812555295,-19.07111498907335,23.604162812555295,5.594919864549695,-0.07915593490798889,0.008879252617723448
4223.0,168.92000000000002,1.0,-18.93645840331957,23.714101217965315,-18.93645840331957,23.714101217965315,5.5994836747486385,-0.08341497783957838,0.007579790218354625
4224.0,168.96,1.0,-18.804359026792877,23.824030432028017,-18.804359026792877,23.824030432028017,5.604056673509001,-0.08704700886620706,0.006082916714127651
4225.0,169.0,1.0,-18.667452979739593,23.936097526655093,-18.667452979739593,23.936097526655093,5.6086513645828,-0.08990924520132706,0.0044163132247222155
4226.0,169.04,1.0,-18.53187512434781,24.04763816217825,-18.53187512434781,24.04763816217825,5.613278993895573,-0.09188169221529852,0.002609683150433407
4227.0,169.08,1.0,-18.391000990425987,24.158910140493752,-18.391000990425987,24.158910140493752,5.6179480077066275,-0.09287573555741564,0.000695780390273425
4228.0,169.12,1.0,-18.253500183053177,24.265531815503266,-18.253500183053177,24.265531815503266,5.622666038129545,-0.09284679719990278,-0.0012899391682212411
4229.0,169.16,1.0,-18.11330474258273,24.372671093846677,-18.11330474258273,24.372671093846677,5.627439833769994,-0.09176732800794314,-0.003311731327520115
4230.0,169.20000000000002,1.0,-17.97331577376581,24.479727213449248,-17.97331577376581,24.479727213449248,5.63227605185867,-0.08963427501626149,-0.005335620406814697
4231.0,169.24,1.0,-17.831641104646977,24.588207451519743,-17.831641104646977,24.588207451519743,5.637179836076799,-0.08648762789303302,-0.007328424312367535
4232.0,169.28,1.0,-17.6888227224783,24.698969286987584,-17.6888227224783,24.698969286987584,5.642155742203446,-0.08240830688281194,-0.009256759155518764
4233.0,169.32,1.0,-17.545705491362753,24.80746912833599,-17.545705491362753,24.80746912833599,5.647204301092844,-0.07750651932978089,-0.011087155378284572
4234.0,169.36,1.0,-17.399502653465614,24.915597274388936,-17.399502653465614,24.915597274388936,5.652323302377936,-0.07190737620590493,-0.012788221163433516
4235.0,169.4,1.0,-17.252979157434716,25.025836024549108,-17.252979157434716,25.025836024549108,5.6575057746303,-0.06576573406912886,-0.014330681842846357
4236.0,169.44,1.0,-17.105100030417752,25.13481542681089,-17.105100030417752,25.13481542681089,5.66274355249425,-0.059256211323539684,-0.015685735952328264
4237.0,169.48,1.0,-16.958979522306983,25.242414294691937,-16.958979522306983,25.242414294691937,5.668026628735701,-0.052567166792439224,-0.016824960549356387
4238.0,169.52,1.0,-16.809118647779453,25.345956918824836,-16.809118647779453,25.345956918824836,5.673345359911409,-0.04588133772270062,-0.01772309224632091
4239.0,169.56,1.0,-16.660340247705726,25.44849378721826,-16.660340247705726,25.44849378721826,5.678690926398923,-0.039367017637512894,-0.018358583215340764
4240.0,169.6,1.0,-16.509036574599012,25.553009326182654,-16.509036574599012,25.553009326182654,5.684055964765625,-0.033201375359059246,-0.01871215072255334
4241.0,169.64000000000001,1.0,-16.36007824308961,25.659413854692264,-16.36007824308961,25.659413854692264,5.689433922024702,-0.02755690474237902,-0.018766238447941945
4242.0,169.68,1.0,-16.208584332647423,25.763845624883412,-16.208584332647423,25.763845624883412,5.694818673175393,-0.022575545298526213,-0.018507060062532422
4243.0,169.72,1.0,-16.05939515206409,25.868976970604677,-16.05939515206409,25.868976970604677,5.700203262596694,-0.018347257349330313,-0.017926328534385104
4244.0,169.76,1.0,-15.904873619273948,25.971515413394677,-15.904873619273948,25.971515413394677,5.705580435077549,-0.014945387110535724,-0.017021665462267323
4245.0,169.8,1.0,-15.754338464614088,26.06971676293058,-15.754338464614088,26.06971676293058,5.710943779164504,-0.012424810377475892,-0.015796479418042332
4246.0,169.84,1.0,-15.6038859755643,26.162781898342153,-15.6038859755643,26.162781898342153,5.716288142821024,-0.010817378813805557,-0.014261145266048384
4247.0,169.88,1.0,-15.454558487354467,26.254636493812985,-15.454558487354467,26.254636493812985,5.721610513388829,-0.010117253157642425,-0.01243526018048065
4248.0,169.92000000000002,1.0,-15.301774630438661,26.34861468116434,-15.301774630438661,26.34861468116434,5.726910329763196,-0.010286282500747146,-0.010348416620958685
4249.0,169.96,1.0,-15.147431411956934,26.442448973565025,-15.147431411956934,26.442448973565025,5.732190893396355,-0.011272820603378997,-0.00803832171777758
4250.0,170.0,1.0,-14.989539405371442,26.53674250690287,-14.989539405371442,26.53674250690287,5.737456852351313,-0.013021222035749647,-0.005550737615606547
4251.0,170.04,1.0,-14.832926663009417,26.627453689771166,-14.832926663009417,26.627453689771166,5.742714244186368,-0.015455178074577414,-0.0029406470387685524
4252.0,170.08,1.0,-14.67680707542606,26.71739507572722,-14.67680707542606,26.71739507572722,5.747969241110375,-0.01847126244057289,-0.00027186384704987047
4253.0,170.12,1.0,-14.519240073986998,26.80965190003401,-14.519240073986998,26.80965190003401,5.753229150531746,-0.021961444423264132,0.002385890788454783
4254.0,170.16,1.0,-14.361967166547284,26.89996722915431,-14.361967166547284,26.89996722915431,5.758500785593228,-0.02583862965009327,0.004958754606058022
4255.0,170.20000000000002,1.0,-14.203513762945335,26.990595720306693,-14.203513762945335,26.990595720306693,5.763793062931116,-0.029996575355745424,0.007369701408560088
4256.0,170.24,1.0,-14.04667879438919,27.077879830195222,-14.04667879438919,27.077879830195222,5.769114231176957,-0.03432019842724576,0.00953972502433499
4257.0,170.28,1.0,-13.88877709248261,27.16198155182956,-13.88877709248261,27.16198155182956,5.774474770477684,-0.03869119856602878,0.011390899282071097
4258.0,170.32,1.0,-13.731621512994323,27.24922693221425,-13.731621512994323,27.24922693221425,5.779884231916053,-0.04302183316877319,0.01285032156294692
4259.0,170.36,1.0,-13.574531776852776,27.334331689606508,-13.574531776852776,27.334331689606508,5.785352145506396,-0.04722858226703117,0.013853259703687457
4260.0,170.4,1.0,-13.418042206908918,27.41663999649753,-13.418042206908918,27.41663999649753,5.790883524661637,-0.051231682656674195,0.014344483718456045
4261.0,170.44,1.0,-13.256747178542753,27.500291713711796,-13.256747178542753,27.500291713711796,5.796480481832842,-0.05493134092779348,0.014280545242337872
4262.0,170.48,1.0,-13.093169176582515,27.5842451065832,-13.093169176582515,27.5842451065832,5.802141731432366,-0.05823631371064606,0.013633386597463507
4263.0,170.52,1.0,-12.929931980653333,27.663884549399,-12.929931980653333,27.663884549399,5.807863740645109,-0.06108120707530525,0.012392181008750813
4264.0,170.56,1.0,-12.764247238964078,27.748693258677303,-12.764247238964078,27.748693258677303,5.813641940024967,-0.06340998861446707,0.010562518036983905
4265.0,170.6,1.0,-12.59783149045005,27.831762017884113,-12.59783149045005,27.831762017884113,5.81947258520755,-0.06515082672919517,0.008167547173810439
4266.0,170.64000000000001,1.0,-12.43212405311369,27.91848562807197,-12.43212405311369,27.91848562807197,5.825352257121243,-0.06623420885120423,0.005248501576607631
4267.0,170.68,1.0,-12.263934541681781,28.005095758435147,-12.263934541681781,28.005095758435147,5.83127825390735,-0.06660747924265556,0.0018651433167476412
4268.0,170.72,1.0,-12.099348265450613,28.09022347528479,-12.099348265450613,28.09022347528479,5.837247591317504,-0.06622800664704351,-0.0019068375843516612
4269.0,170.76,1.0,-11.9364827772474,28.171313992648987,-11.9364827772474,28.171313992648987,5.843258098227205,-0.0650380700619693,-0.0059779760049661875
4270.0,170.8,1.0,-11.776022943883481,28.2516341314423,-11.776022943883481,28.2516341314423,5.849307475281833,-0.06299756751246974,-0.01024785998691748
4271.0,170.84,1.0,-11.61331504313872,28.333295978356194,-11.61331504313872,28.333295978356194,5.85539718263707,-0.06007517822023123,-0.014606713291658285
4272.0,170.88,1.0,-11.448492838505022,28.41376377947022,-11.448492838505022,28.41376377947022,5.8615305538061495,-0.056277737354819224,-0.018938671878659386
4273.0,170.92000000000002,1.0,-11.281461975575086,28.493172692542185,-11.281461975575086,28.493172692542185,5.867714384465829,-0.051615842698822,-0.023126935603426813
4274.0,170.96,1.0,-11.111046695449637,28.57304941963941,-11.111046695449637,28.57304941963941,5.873958470108717,-0.04610674359713578,-0.027057844861726455
4275.0,171.0,1.0,-10.939721250775575,28.649498418966363,-10.939721250775575,28.649498418966363,5.880272746495728,-0.039785790157189485,-0.030622563831344252
4276.0,171.04,1.0,-10.76516056679871,28.726797641093697,-10.76516056679871,28.726797641093697,5.886667895092368,-0.0327433601741296,-0.03372060905871903
4277.0,171.08,1.0,-10.594425384568428,28.80015560894426,-10.594425384568428,28.80015560894426,5.893151157846779,-0.02511141040497198,-0.03626346325455836
4278.0,171.12,1.0,-10.419439719180613,28.876663184545396,-10.419439719180613,28.876663184545396,5.89972934768158,-0.017028613167491335,-0.038177905853461994
4279.0,171.16,1.0,-10.24377969351325,28.9487289601176,-10.24377969351325,28.9487289601176,5.906404387175118,-0.008648781443972431,-0.03940663048631367
4280.0,171.20000000000002,1.0,-10.062465074294959,29.02263457880817,-10.062465074294959,29.02263457880817,5.913176978331231,-0.0001490367522101188,-0.039910654246273894
4281.0,171.24,1.0,-9.88506808562968,29.089434456876923,-9.88506808562968,29.089434456876923,5.920044913192454,0.008269149371979667,-0.039669866623936914
4282.0,171.28,1.0,-9.70828710610811,29.153297032808524,-9.70828710610811,29.153297032808524,5.927002241192222,0.01639148078121495,-0.03868500538590679
4283.0,171.32,1.0,-9.532883411428031,29.217783371569492,-9.532883411428031,29.217783371569492,5.934041734515702,0.024008556405994353,-0.036976530308964986
4284.0,171.36,1.0,-9.35757271313946,29.281186530939106,-9.35757271313946,29.281186530939106,5.941152393112023,0.030904782976508182,-0.03458291121663776
4285.0,171.4,1.0,-9.18103481405249,29.34461286532163,-9.18103481405249,29.34461286532163,5.948320386921088,0.03686689329195205,-0.03155873069728536
4286.0,171.44,1.0,-9.002750564601229,29.404473715325103,-9.002750564601229,29.404473715325103,5.955530400547974,0.04168489701706755,-0.027974513190132
4287.0,171.48,1.0,-8.825547099376891,29.462043367572853,-8.825547099376891,29.462043367572853,5.962765663843084,0.045198693591926874,-0.023915004817692674
4288.0,171.52,1.0,-8.646503900352828,29.51885596561278,-8.646503900352828,29.51885596561278,5.970011806547409,0.04727904409354104,-0.019474971541158462
4289.0,171.56,1.0,-8.467911482227514,29.575786672376786,-8.467911482227514,29.575786672376786,5.977253836403652,0.04780741422478638,-0.01475638497668994
4290.0,171.6,1.0,-8.286550978336361,29.631354777546715,-8.286550978336361,29.631354777546715,5.984480983849007,0.04669663276374501,-0.009866499184047448
4291.0,171.64000000000001,1.0,-8.108314797471682,29.68367065751152,-8.108314797471682,29.68367065751152,5.9916821906535995,0.04390608593118235,-0.004914943092793886
4292.0,171.68,1.0,-7.928940970216836,29.735922360204274,-7.928940970216836,29.735922360204274,5.998848692763107,0.039464952701770084,-1.0726931892797442e-05
4293.0,171.72,1.0,-7.751180035435621,29.78132526837252,-7.751180035435621,29.78132526837252,6.005974554083364,0.033447616870390794,0.00474126437318319
4294.0,171.76,1.0,-7.57617480416872,29.825612002440216,-7.57617480416872,29.825612002440216,6.013051161361578,0.025969213769884612,0.009242274998514825
4295.0,171.8,1.0,-7.4017646340560574,29.868935293540694,-7.4017646340560574,29.868935293540694,6.020074389054783,0.017175566710381163,0.013401177654220966
4296.0,171.84,1.0,-7.232547872712928,29.908250846282755,-7.232547872712928,29.908250846282755,6.027032896101763,0.007258875045450708,0.017137224344270355
4297.0,171.88,1.0,-7.055809602463832,29.953399810819906,-7.055809602463832,29.953399810819906,6.033923607614689,-0.0035433353780564003,0.020381420611940204
4298.0,171.92000000000002,1.0,-6.879810029991775,29.991424318693003,-6.879810029991775,29.991424318693003,6.0407290813901025,-0.01497859467027467,0.023080379932676545
4299.0,171.96,1.0,-6.700517368259183,30.033681999571762,-6.700517368259183,30.033681999571762,6.047445557951017,-0.026778840694869067,0.02519202336393269
4300.0,172.0,1.0,-6.525409378456426,30.071594978404715,-6.525409378456426,30.071594978404715,6.054042122341018,-0.03865017375895774,0.026691131755360954
4301.0,172.04,1.0,-6.348052987321355,30.112473767533004,-6.348052987321355,30.112473767533004,6.060514434613817,-0.05029192405652325,0.027563104191881786
4302.0,172.08,1.0,-6.17166443428749,30.152512611323537,-6.17166443428749,30.152512611323537,6.0668044447466745,-0.06142550981255486,0.027814288463210872
4303.0,172.12,1.0,-5.98839187186724,30.19254961209169,-5.98839187186724,30.19254961209169,6.072907565907302,-0.07180187035024639,0.027455972948081685
4304.0,172.16,1.0,-5.809792570153238,30.22663096783507,-5.809792570153238,30.22663096783507,6.078709183463194,-0.08119143951514027,0.0265225355690931
4305.0,172.20000000000002,1.0,-5.629096884959945,30.260620860113903,-5.629096884959945,30.260620860113903,6.084207798516184,-0.08939068405483278,0.02504159459863023
4306.0,172.24,1.0,-5.446979721678067,30.294736443054603,-5.446979721678067,30.294736443054603,6.08917999229722,-0.09621623866515386,0.02307130522512391
4307.0,172.28,1.0,-5.265881749815053,30.328598099627225,-5.265881749815053,30.328598099627225,6.093632848570443,-0.10153476274045334,0.02064092963394445
4308.0,172.32,1.0,-5.082291266309695,30.362508269719193,-5.082291266309695,30.362508269719193,6.097124280089508,-0.1052602592616682,0.01782481257320027
4309.0,172.36,1.0,-4.895270242266002,30.394776226762247,-4.895270242266002,30.394776226762247,6.099672343204902,-0.107344856832245,0.014624787122370886
4310.0,172.4,1.0,-4.7092797232132,30.425125690191145,-4.7092797232132,30.425125690191145,6.100392951590339,-0.10777071054385709,0.011122914719386081
4311.0,172.44,1.0,-4.52066538997233,30.454577921635813,-4.52066538997233,30.454577921635813,6.099324021098651,-0.10656257606732862,0.007247730575393757
4312.0,172.48,1.0,-4.329316090820642,30.482479650687587,-4.329316090820642,30.482479650687587,6.094692855851988,-0.10378974821090989,0.0030798171749770384
4313.0,172.52,1.0,-4.137096397215803,30.512165593933265,-4.137096397215803,30.512165593933265,6.086565540481455,-0.09954796645127659,-0.0013082072630322627
4314.0,172.56,1.0,-3.9378460723684108,30.540887113314103,-3.9378460723684108,30.540887113314103,6.071388581655851,-0.09396163071877586,-0.005838424169045141
4315.0,172.6,1.0,-3.741208203229302,30.56756194144436,-3.741208203229302,30.56756194144436,6.049285025357561,-0.08719116921965428,-0.010448346292977946
4316.0,172.64000000000001,1.0,-3.539639363918576,30.594431085655422,-3.539639363918576,30.594431085655422,6.013136146119884,-0.0794158858551864,-0.015064903769255547
4317.0,172.68,1.0,-3.3418989848708582,30.619830661204293,-3.3418989848708582,30.619830661204293,5.963176582564061,-0.07083601813109228,-0.01964317630164742
4318.0,172.72,1.0,-3.1432497136064046,30.647784089386754,-3.1432497136064046,30.647784089386754,5.899433386734586,-0.061655153174232445,-0.02411237508316846
4319.0,172.76,1.0,-2.9461072049270234,30.674539637515977,-2.9461072049270234,30.674539637515977,5.822362400545075,-0.05207628443785937,-0.028448796038425574
4320.0,172.8,1.0,-2.7505521602827,30.700456964893725,-2.7505521602827,30.700456964893725,5.7320013369951734,-0.04231026632687531,-0.03256643540557207
4321.0,172.84,1.0,-2.556833238145235,30.722357826075477,-2.556833238145235,30.722357826075477,5.629248334735914,-0.032573917446174286,-0.03646238456179514
4322.0,172.88,1.0,-2.3624570985276656,30.741518677917362,-2.3624570985276656,30.741518677917362,5.514162148434329,-0.023081082204529046,-0.03999731365174425
4323.0,172.92000000000002,1.0,-2.1729873510483726,30.758686060475583,-2.1729873510483726,30.758686060475583,5.388530150269215,-0.014029082455881813,-0.043183654195918755
4324.0,172.96,1.0,-1.9783132708866458,30.776556976456977,-1.9783132708866458,30.776556976456977,5.252465733453476,-0.005602732910568053,-0.04605146921485022
4325.0,173.0,1.0,-1.7859975809378092,30.792665490818923,-1.7859975809378092,30.792665490818923,5.109537811738664,0.002024815860628104,-0.04862381983554163
4326.0,173.04,1.0,-1.5920956416726308,30.808759681297328,-1.5920956416726308,30.808759681297328,4.959969073842251,0.008706473225260192,-0.050792001544134366
4327.0,173.08,1.0,-1.4002390046878725,30.820962772792587,-1.4002390046878725,30.820962772792587,4.8108919154152785,0.01431179183085034,-0.05256710500906302
4328.0,173.12,1.0,-1.2093849232322529,30.832201135574877,-1.2093849232322529,30.832201135574877,4.662751690125288,0.018739414335345518,-0.053914505254072764
4329.0,173.16,1.0,-1.0189691863503303,30.843035673504033,-1.0189691863503303,30.843035673504033,4.515529167443478,0.02191417319859188,-0.054807282506474674
4330.0,173.20000000000002,1.0,-0.8274701767619815,30.85485526168265,-0.8274701767619815,30.85485526168265,4.370113009965955,0.02379188001609116,-0.05523558970419716
4331.0,173.24,1.0,-0.6361026219952682,30.864119556522706,-0.6361026219952682,30.864119556522706,4.219325070628222,0.024361233665951842,-0.05508917730233901
4332.0,173.28,1.0,-0.4476247367187738,30.872827715659163,-0.4476247367187738,30.872827715659163,4.064946236098587,0.02365352766409421,-0.054347685308887894
4333.0,173.32,1.0,-0.25897762908863553,30.879468323371658,-0.25897762908863553,30.879468323371658,3.903341189428352,0.02173376958800839,-0.05303973062074596
4334.0,173.36,1.0,-0.07824265713471615,30.884822059445817,-0.07824265713471615,30.884822059445817,3.738074761158805,0.01869431723861128,-0.05110852216033514
4335.0,173.4,1.0,0.10492710870389925,30.890859404626593,0.10492710870389925,30.890859404626593,3.5672413487009313,0.014668504838918305,-0.04857156896528309
4336.0,173.44,1.0,0.28439254707138223,30.89684423345917,0.28439254707138223,30.89684423345917,3.3979728745841102,0.009829154907934012,-0.04529465765855782
4337.0,173.48,1.0,0.4667793025956272,30.900871725900043,0.4667793025956272,30.900871725900043,3.229146019272524,0.004385109695168787,-0.04143693344742504
4338.0,173.52,1.0,0.645792237145892,30.9000539085377,0.645792237145892,30.9000539085377,3.06075356939348,-0.0014286587919858818,-0.03703380540759177
4339.0,173.56,1.0,0.8230503032739099,30.896813617209112,0.8230503032739099,30.896813617209112,2.8918953563685736,-0.007362315777323625,-0.032165719054158916
4340.0,173.6,1.0,1.000473740483972,30.8910828272167,1.000473740483972,30.8910828272167,2.722569409265515,-0.013147911992981199,-0.026898510695209966
4341.0,173.64000000000001,1.0,1.1801409321420546,30.88526427577613,1.1801409321420546,30.88526427577613,2.551657007016508,-0.018514926786096432,-0.021276573523306953
4342.0,173.68,1.0,1.3607269716507522,30.877887732209263,1.3607269716507522,30.877887732209263,2.3863033806809115,-0.023182922955769025,-0.015435395998086784
4343.0,173.72,1.0,1.5446965327814524,30.869562223335844,1.5446965327814524,30.869562223335844,2.2246112949853005,-0.026895217926151925,-0.009415179863277645
4344.0,173.76,1.0,1.7275609644063987,30.857985307916714,1.7275609644063987,30.857985307916714,2.070156304071781,-0.029410926779954893,-0.003196488546005604
4345.0,173.8,1.0,1.9149447831038384,30.84635842160994,1.9149447831038384,30.84635842160994,1.919312644201139,-0.030513073817230518,0.003156965065944154
4346.0,173.84,1.0,2.101366898162161,30.832760871601312,2.101366898162161,30.832760871601312,1.773869164762069,-0.030026997906530274,0.00951268372203898
4347.0,173.88,1.0,2.295131500512548,30.817993258428693,2.295131500512548,30.817993258428693,1.6266593389345598,-0.027827440414831782,0.015729807344125945
4348.0,173.92000000000002,1.0,2.4888223604694746,30.80105921375404,2.4888223604694746,30.80105921375404,1.478573452320336,-0.02384932472920933,0.021741189437392606
4349.0,173.96,1.0,2.6822478897236377,30.78429371321264,2.6822478897236377,30.78429371321264,1.329598269510154,-0.018076160718943357,0.027559782692561596
4350.0,174.0,1.0,2.8747947357361285,30.76553115301589,2.8747947357361285,30.76553115301589,1.1801743132354199,-0.010549887060788743,0.03314101137656489
4351.0,174.04,1.0,3.0684246606304337,30.750010482093575,3.0684246606304337,30.750010482093575,1.0374323249906943,-0.001378440291912275,0.03833656205560004
4352.0,174.08,1.0,3.2628896254536324,30.72907120785145,3.2628896254536324,30.72907120785145,0.9015856544355751,0.00926154650087827,0.043093224082023505
4353.0,174.12,1.0,3.4551149014094924,30.710590955511343,3.4551149014094924,30.710590955511343,0.7761924353232594,0.02112502605500428,0.047333204495588456
4354.0,174.16,1.0,3.6521718084091175,30.686479759759646,3.6521718084091175,30.686479759759646,0.6613530266506993,0.03392947178369436,0.05096472156925151
4355.0,174.20000000000002,1.0,3.8494628557950166,30.663002876176176,3.8494628557950166,30.663002876176176,0.5588421599312645,0.04734996914222862,0.053942545390549344
4356.0,174.24,1.0,4.04873759239705,30.634760830525646,4.04873759239705,30.634760830525646,0.4687093605196906,0.06102872517942417,0.05609382221996164
4357.0,174.28,1.0,4.246396253651522,30.607579026741156,4.246396253651522,30.607579026741156,0.391841533410577,0.07458151289479639,0.057541388531451056
4358.0,174.32,1.0,4.445071860350881,30.57919512138709,4.445071860350881,30.57919512138709,0.32826580227528035,0.08762039125663612,0.05826962893759703
4359.0,174.36,1.0,4.645421075501799,30.55276939251046,4.645421075501799,30.55276939251046,0.27843323696231387,0.09976596580335444,0.05833880822401013
4360.0,174.4,1.0,4.84611445840686,30.524465327351088,4.84611445840686,30.524465327351088,0.24236152044551837,0.11065409392736006,0.05773118168984398
4361.0,174.44,1.0,5.044786295972608,30.49753774571501,5.044786295972608,30.49753774571501,0.22028449475803608,0.11995088376787502,0.05647950205213759
4362.0,174.48,1.0,5.242832730033159,30.469040285878727,5.242832730033159,30.469040285878727,0.20507572691167536,0.12736478632688247,0.05471815391322764
4363.0,174.52,1.0,5.436283570020587,30.44034902991806,5.436283570020587,30.44034902991806,0.19686134207884592,0.13267478996782048,0.05247956147800793
4364.0,174.56,1.0,5.628391896648567,30.411184548298515,5.628391896648567,30.411184548298515,0.19208790697277733,0.1357284820054881,0.0498177296106989
4365.0,174.6,1.0,5.816839530247496,30.380479757213532,5.816839530247496,30.380479757213532,0.19082837369482347,0.13643526476047513,0.04679378619696146
4366.0,174.64000000000001,1.0,6.004741609291393,30.34867516491723,6.004741609291393,30.34867516491723,0.19131430396953258,0.1347712217042763,0.04342105017942451
4367.0,174.68,1.0,6.1862124065301005,30.317736845283605,6.1862124065301005,30.317736845283605,0.1935878510780254,0.13079026140679811,0.03983528129131958
4368.0,174.72,1.0,6.367471814376214,30.285619448051186,6.367471814376214,30.285619448051186,0.19677126219363505,0.12463003344185256,0.036034169190641216
4369.0,174.76,1.0,6.546835412226796,30.251637145465757,6.546835412226796,30.251637145465757,0.20088857958375583,0.11648760944924678,0.032001173250966096
4370.0,174.8,1.0,6.7277894136841425,30.215993919968536,6.7277894136841425,30.215993919968536,0.20550197908211842,0.10661795600242197,0.027732229898630993
4371.0,174.84,1.0,6.904390846558888,30.179643135409158,6.904390846558888,30.179643135409158,0.21062254881003875,0.09531416825896888,0.02337708487740381
4372.0,174.88,1.0,7.079733325859266,30.145160665028236,7.079733325859266,30.145160665028236,0.21602920336862316,0.08291252908146604,0.018940860636844102
4373.0,174.92000000000002,1.0,7.254961722909714,30.10570174700411,7.254961722909714,30.10570174700411,0.22172849442658898,0.06977979155331729,0.014510805514724256
4374.0,174.96,1.0,7.427356918274914,30.068756416162365,7.427356918274914,30.068756416162365,0.22760686509749717,0.056286852303783386,0.010106312703130024
4375.0,175.0,1.0,7.602005798367154,30.029215956586604,7.602005798367154,30.029215956586604,0.2336653406947784,0.042795047633770865,0.005792366567592375
4376.0,175.04,1.0,7.775674421491496,29.991371585703046,7.775674421491496,29.991371585703046,0.23984204373218693,0.029660998353863065,0.001605385246957501
4377.0,175.08,1.0,7.950409449320036,29.95113723894778,7.950409449320036,29.95113723894778,0.24613382954688742,0.017221358024085198,-0.0023905619840471058
4378.0,175.12,1.0,8.125644796620955,29.909819194782745,8.125644796620955,29.909819194782745,0.2525035496582474,0.00577301064732072,-0.006142561620514492
4379.0,175.16,1.0,8.302113601296423,29.865692887197845,8.302113601296423,29.865692887197845,0.25894310133668785,-0.004450027773408349,-0.009582356839752695
4380.0,175.20000000000002,1.0,8.475561693193884,29.820965463368093,8.475561693193884,29.820965463368093,0.2654283930297813,-0.013261012656669346,-0.012645813535088696
4381.0,175.24,1.0,8.652853962445574,29.774268737281083,8.652853962445574,29.774268737281083,0.27195153997852145,-0.02052742255800306,-0.015260456790789731
4382.0,175.28,1.0,8.82827586738622,29.728310523713752,8.82827586738622,29.728310523713752,0.27849821302622335,-0.026159276200463988,-0.017513814151055608
4383.0,175.32,1.0,9.008327468223987,29.680060910261982,9.008327468223987,29.680060910261982,0.28506319104559696,-0.03013449414917859,-0.019336162633348208
4384.0,175.36,1.0,9.184846532881886,29.62893116052648,9.184846532881886,29.62893116052648,0.29163540793473386,-0.03249118932486868,-0.02074171977907561
4385.0,175.4,1.0,9.362011881203781,29.577362287220883,9.362011881203781,29.577362287220883,0.29821161311389827,-0.03332302269797845,-0.02167081322045216
4386.0,175.44,1.0,9.539084015352778,29.524566051186802,9.539084015352778,29.524566051186802,0.3047843320224642,-0.0327475972769611,-0.02211161874761887
4387.0,175.48,1.0,9.716921530811677,29.470659314788257,9.716921530811677,29.470659314788257,0.31135149739108503,-0.030937531801241147,-0.022022906908384255
4388.0,175.52,1.0,9.894009564643424,29.414200888869384,9.894009564643424,29.414200888869384,0.31790695243507194,-0.028093814460307474,-0.021396130801408952
4389.0,175.56,1.0,10.072254561950512,29.3573588260952,10.072254561950512,29.3573588260952,0.32444965332310616,-0.024442137883070238,-0.02021664262838032
4390.0,175.6,1.0,10.246002785282112,29.29729042944185,10.246002785282112,29.29729042944185,0.33097726222875756,-0.020199720705765145,-0.018494778154028054
4391.0,175.64000000000001,1.0,10.422406525689748,29.23330058079274,10.422406525689748,29.23330058079274,0.3374900724346949,-0.015589611143287274,-0.016247072021625262
4392.0,175.68,1.0,10.59742597040989,29.168559552464945,10.59742597040989,29.168559552464945,0.34398739422713737,-0.010824047446837537,-0.013511741214369441
4393.0,175.72,1.0,10.773091819592247,29.104217662445926,10.773091819592247,29.104217662445926,0.35046875160450447,-0.00611344670745344,-0.010337519166318757
4394.0,175.76,1.0,10.9469794822488,29.03655999073819,10.9469794822488,29.03655999073819,0.3569323639722214,-0.0016252803734922994,-0.006790033963029662
4395.0,175.8,1.0,11.11884928130119,28.96698606608852,11.11884928130119,28.96698606608852,0.3633759912670368,0.0025079136780692844,-0.0029453912112252963
4396.0,175.84,1.0,11.2891859867953,28.897120955029425,11.2891859867953,28.897120955029425,0.36979614631471136,0.006193025404227037,0.0011079957596987807
4397.0,175.88,1.0,11.459828695255123,28.825686193860314,11.459828695255123,28.825686193860314,0.3761886152568742,0.009344132157534157,0.0052744902896056265
4398.0,175.92000000000002,1.0,11.627850517472112,28.755506973833143,11.627850517472112,28.755506973833143,0.38254896631100216,0.01192690864627204,0.009452048332506433
4399.0,175.96,1.0,11.796037679971263,28.684763308566534,11.796037679971263,28.684763308566534,0.3888739858568078,0.013940563684413964,0.013537079178003186
4400.0,176.0,1.0,11.966786082293241,28.61322297477627,11.966786082293241,28.61322297477627,0.39515841051800626,0.015423241249843133,0.017426596584421517
4401.0,176.04,1.0,12.137542926615655,28.5391768285621,12.137542926615655,28.5391768285621,0.4013974415062636,0.01642242045887734,0.021021977215840114
4402.0,176.08,1.0,12.30693203514302,28.463954488389287,12.30693203514302,28.463954488389287,0.4075854085829773,0.017024438275769428,0.024231813085806755
4403.0,176.12,1.0,12.47463746093319,28.38716642776459,12.47463746093319,28.38716642776459,0.4137159128515365,0.01732326448561856,0.02697538706655439
4404.0,176.16,1.0,12.642428881735785,28.31158360719,12.642428881735785,28.31158360719,0.4197828750859113,0.017437094980357393,0.029184380383426346
4405.0,176.20000000000002,1.0,12.809870097213311,28.23217523282123,12.809870097213311,28.23217523282123,0.4257803826655766,0.017465997166733603,0.030805532730257556
4406.0,176.24,1.0,12.97343416108004,28.153473132514204,12.97343416108004,28.153473132514204,0.4317036737565424,0.017498706493429928,0.03180189740148416
4407.0,176.28,1.0,13.137819376078493,28.070538294415336,13.137819376078493,28.070538294415336,0.4375487835616503,0.017613811662689004,0.03215415560862257
4408.0,176.32,1.0,13.300180006751228,27.992294342632903,13.300180006751228,27.992294342632903,0.4433141627300613,0.017894627003035058,0.03186044789385297
4409.0,176.36,1.0,13.464089327604066,27.91160532813757,13.464089327604066,27.91160532813757,0.4489998115076429,0.018392225565587485,0.030936775560406533
4410.0,176.4,1.0,13.627341568824766,27.832310658660077,13.627341568824766,27.832310658660077,0.45460613261061616,0.019127564308119592,0.029415384497266266
4411.0,176.44,1.0,13.793257205047045,27.753617655396795,13.793257205047045,27.753617655396795,0.4601373389313458,0.020096965105206976,0.027343518297704945
4412.0,176.48,1.0,13.957915926225642,27.673911362767807,13.957915926225642,27.673911362767807,0.4655977843999718,0.02128972446521833,0.024781548068189517
4413.0,176.52,1.0,14.125169308812477,27.59231238322234,14.125169308812477,27.59231238322234,0.4709949561186041,0.022654219039674663,0.021800964111969263
4414.0,176.56,1.0,14.290933129542296,27.511524142467145,14.290933129542296,27.511524142467145,0.4763388148951443,0.024120101393567194,0.01848139687017623
4415.0,176.6,1.0,14.457711655801598,27.429423958174947,14.457711655801598,27.429423958174947,0.48164172065608674,0.025594629645739754,0.014908304775311349
4416.0,176.64000000000001,1.0,14.621296542795486,27.347078429841257,14.621296542795486,27.347078429841257,0.48691873518009265,0.026985825723455027,0.01116958559347577
4417.0,176.68,1.0,14.787816536254903,27.26181463253293,14.787816536254903,27.26181463253293,0.49218594600766713,0.028198243049832962,0.00735311587715295
4418.0,176.72,1.0,14.950326803132072,27.17523710423024,14.950326803132072,27.17523710423024,0.49746121216140676,0.029129833465473577,0.003544113233247046
4419.0,176.76,1.0,15.112109220618876,27.086486649765583,15.112109220618876,27.086486649765583,0.5027613296576151,0.02967514976705381,-0.0001767394756399414
4420.0,176.8,1.0,15.272812398020028,26.999016622502843,15.272812398020028,26.999016622502843,0.5081023270894365,0.029749245385777855,-0.0037359411077795245
4421.0,176.84,1.0,15.433628706772533,26.90842392804517,15.433628706772533,26.90842392804517,0.5135001912604134,0.029300546606969503,-0.00706769159843792
4422.0,176.88,1.0,15.592652619956064,26.81921956218447,15.592652619956064,26.81921956218447,0.5189674805564487,0.02827887182963349,-0.010115487741578711
4423.0,176.92000000000002,1.0,15.75135651232301,26.72931671154894,15.75135651232301,26.72931671154894,0.524516861631632,0.02664982922609247,-0.012832503931399985
4424.0,176.96,1.0,15.90695677862416,26.64041947554923,15.90695677862416,26.64041947554923,0.5301561404734992,0.024402559227264576,-0.015182439741607882
4425.0,177.0,1.0,16.06086647192948,26.55171109640063,16.06086647192948,26.55171109640063,0.5358897768538846,0.021560764363122664,-0.017138526039811246
4426.0,177.04,1.0,16.21742687860789,26.460631130628713,16.21742687860789,26.460631130628713,0.5417179978020163,0.018160404814692145,-0.01868350105561097
4427.0,177.08,1.0,16.37218865574925,26.37116323389672,16.37218865574925,26.37116323389672,0.547636447252984,0.014251020901294643,-0.019808157552461955
4428.0,177.12,1.0,16.528345189094054,26.276434435061976,16.528345189094054,26.276434435061976,0.5536368478979947,0.009892878388656778,-0.020510550299428644
4429.0,177.16,1.0,16.680805519677783,26.181765839317837,16.680805519677783,26.181765839317837,0.559706141291564,0.005171171721882218,-0.020794812151595562
4430.0,177.20000000000002,1.0,16.8349490755189,26.085852112676577,16.8349490755189,26.085852112676577,0.5658294794878069,0.00017227491998990098,-0.020670619718789165
4431.0,177.24,1.0,16.985317614572995,25.9882344456038,16.985317614572995,25.9882344456038,0.5719899036919232,-0.0050117980130943264,-0.02015111480405911
4432.0,177.28,1.0,17.135375927594144,25.892268767517567,17.135375927594144,25.892268767517567,0.578168990088499,-0.010312530369212269,-0.01925290146727204
4433.0,177.32,1.0,17.282515056365888,25.794853066133225,17.282515056365888,25.794853066133225,0.5843485498091125,-0.01563318778845557,-0.017994463721201212
4434.0,177.36,1.0,17.43339832124921,25.69536205371698,17.43339832124921,25.69536205371698,0.5905089405238095,-0.02089460804248324,-0.016396125894171287
4435.0,177.4,1.0,17.583193724398956,25.595103875658427,17.583193724398956,25.595103875658427,0.596633116471142,-0.02601885408082958,-0.014479473506015736
4436.0,177.44,1.0,17.736914994857933,25.491094853614356,17.736914994857933,25.491094853614356,0.6027048486164154,-0.030964020411216264,-0.012268408144391613
4437.0,177.48,1.0,17.884634578023704,25.388004363655718,17.884634578023704,25.388004363655718,0.6087099925406456,-0.03567884629901994,-0.009788715591111552
4438.0,177.52,1.0,18.03651445800272,25.28242097549842,18.03651445800272,25.28242097549842,0.6146371000606009,-0.04013433933555053,-0.007069067179873002
4439.0,177.56,1.0,18.184516122149343,25.174380043741998,18.184516122149343,25.174380043741998,0.6204776679135995,-0.04428676482025593,-0.004141362795722157
4440.0,177.6,1.0,18.335118432489114,25.066726544283494,18.335118432489114,25.066726544283494,0.6262290771048065,-0.04812209086656658,-0.001041638634637095
4441.0,177.64000000000001,1.0,18.47691441541138,24.9571973223376,18.47691441541138,24.9571973223376,0.6318900455372718,-0.051613617858992454,0.0021901405524298663
4442.0,177.68,1.0,18.625624940645015,24.84905742936142,18.625624940645015,24.84905742936142,0.6374636302803571,-0.054756152384090415,0.00550838352600196
4443.0,177.72,1.0,18.766559341995695,24.73690948308381,18.766559341995695,24.73690948308381,0.6429537061187778,-0.057531065995217665,0.008861811374825352
4444.0,177.76,1.0,18.912946495561943,24.622586591175896,18.912946495561943,24.622586591175896,0.6483669662988405,-0.059945443154777435,0.012192829120013945
4445.0,177.8,1.0,19.056577241766753,24.508973312594698,19.056577241766753,24.508973312594698,0.6537111077697249,-0.06198307916108694,0.015438640445926794
4446.0,177.84,1.0,19.199603596520895,24.394184181260247,19.199603596520895,24.394184181260247,0.6589949865083222,-0.06363516338068494,0.01853196922535052
4447.0,177.88,1.0,19.341067880920054,24.28091955573424,19.341067880920054,24.28091955573424,0.6642293235778902,-0.06486148004258932,0.0214029068119332
4448.0,177.92000000000002,1.0,19.481389167934132,24.166674540215528,19.481389167934132,24.166674540215528,0.6694263969048502,-0.06564364432076568,0.023979172099398784
4449.0,177.96,1.0,19.62118794768018,24.05185783363998,19.62118794768018,24.05185783363998,0.6745985083453394,-0.06593255248549476,0.026188493163136754
4450.0,178.0,1.0,19.766033552986933,23.934366123359357,19.766033552986933,23.934366123359357,0.6797584432820577,-0.06570732840143086,0.027961096215525193
4451.0,178.04,1.0,19.907765868323533,23.816828547031538,19.907765868323533,23.816828547031538,0.6849143234806057,-0.06492560128123617,0.02923236360905403
4452.0,178.08,1.0,20.052700263902988,23.69130766591171,20.052700263902988,23.69130766591171,0.6900747460707636,-0.06355753056044458,0.029945012637561597
4453.0,178.12,1.0,20.19374959971592,23.572328012771145,20.19374959971592,23.572328012771145,0.6952438077081184,-0.061551290069587636,0.030052270127590503
4454.0,178.16,1.0,20.33857008642483,23.44764366707061,20.33857008642483,23.44764366707061,0.7004261214493509,-0.05887331479487727,0.029520996043528584
4455.0,178.20000000000002,1.0,20.479532893164414,23.32573498058479,20.479532893164414,23.32573498058479,0.705623183349488,-0.05548828160829109,0.02833355016980461
4456.0,178.24,1.0,20.618688862208472,23.202979873104045,20.618688862208472,23.202979873104045,0.7108368012356453,-0.05140110495307335,0.026488863865039736
4457.0,178.28,1.0,20.758450690597684,23.080969653821576,20.758450690597684,23.080969653821576,0.7160667091224322,-0.04660719854229793,0.02400387498929097
4458.0,178.32,1.0,20.903095139499886,22.95552538605847,20.903095139499886,22.95552538605847,0.7213113615545463,-0.041121059147103976,0.020914511575898943
4459.0,178.36,1.0,21.04775265562025,22.833946591365923,21.04775265562025,22.833946591365923,0.7265665506836195,-0.0349619661643483,0.017277102728356017
4460.0,178.4,1.0,21.196311972334563,22.70481819600578,21.196311972334563,22.70481819600578,0.7318275169045263,-0.028188094726911396,0.013167085886066594
4461.0,178.44,1.0,21.338858030227453,22.584560511666,21.338858030227453,22.584560511666,0.7370879959547271,-0.020864832771753838,0.008676391632140183
4462.0,178.48,1.0,21.480269179627154,22.459812128615738,21.480269179627154,22.459812128615738,0.7423445221735777,-0.013076892869996271,0.003911502175236678
4463.0,178.52,1.0,21.6193812135999,22.337121577077188,21.6193812135999,22.337121577077188,0.7475941954170756,-0.004924329144522144,-0.0010088928837625587
4464.0,178.56,1.0,21.756125182370432,22.21114138681913,21.756125182370432,22.21114138681913,0.7528372393212356,0.0034588941543917118,-0.005957105378390457
4465.0,178.6,1.0,21.897819893948096,22.085483253593896,21.897819893948096,22.085483253593896,0.7580754003592866,0.011942033083259317,-0.010801544207668882
4466.0,178.64000000000001,1.0,22.038872255269588,21.95945580700917,22.038872255269588,21.95945580700917,0.7633121417512337,0.020389634999973948,-0.015409779107975415
4467.0,178.68,1.0,22.180824646596026,21.829626184738387,22.180824646596026,21.829626184738387,0.7685516089466883,0.02868283635753379,-0.01965300854127566
4468.0,178.72,1.0,22.321784690612866,21.699061040887678,22.321784690612866,21.699061040887678,0.7737991267524855,0.03667763770973646,-0.023410261256628002
4469.0,178.76,1.0,22.46019606941628,21.570348808972955,22.46019606941628,21.570348808972955,0.7790606807086345,0.04420932043418273,-0.026574115593576038
4470.0,178.8,1.0,22.593881664393216,21.437393614604183,22.593881664393216,21.437393614604183,0.784343723662045,0.05113517229340827,-0.029054551142412743
4471.0,178.84,1.0,22.728853207808296,21.305173327637053,22.728853207808296,21.305173327637053,0.7896562428937894,0.05733550842805155,-0.030781889921141548
4472.0,178.88,1.0,22.863864832835013,21.173533462186057,22.863864832835013,21.173533462186057,0.7950081055044892,0.06269989665080929,-0.031708027652886925
4473.0,178.92000000000002,1.0,23.00083093463057,21.03732218637139,23.00083093463057,21.03732218637139,0.8004081073679947,0.06711194569513493,-0.031809266826745564
4474.0,178.96,1.0,23.1297471036118,20.904481342359606,23.1297471036118,20.904481342359606,0.805863858232731,0.07047549698120807,-0.031088481463415796
4475.0,179.0,1.0,23.260717382754983,20.768392719116385,23.260717382754983,20.768392719116385,0.8113828208480172,0.07271857843012805,-0.029575323240654754
4476.0,179.04,1.0,23.388762020483547,20.630291963304412,23.388762020483547,20.630291963304412,0.8169691291961305,0.07379682414720545,-0.0273240332344461
4477.0,179.08,1.0,23.51648060544715,20.49196083040861,23.51648060544715,20.49196083040861,0.8226269205100595,0.07366888729483834,-0.024412854107555768
4478.0,179.12,1.0,23.632322726712022,20.354588546468765,23.632322726712022,20.354588546468765,0.8283574147997719,0.0723149282381454,-0.020940965045108863
4479.0,179.16,1.0,23.752778320272366,20.218383853905063,23.752778320272366,20.218383853905063,0.8341617687259772,0.0697447945451968,-0.017025936584537545
4480.0,179.20000000000002,1.0,23.86573144533285,20.08527099859718,23.86573144533285,20.08527099859718,0.8400388906052108,0.06602100033235356,-0.01279800669719039
4481.0,179.24,1.0,23.98676304513768,19.947395350628774,23.98676304513768,19.947395350628774,0.8459880055008091,0.06120207724231379,-0.008396794866231985
4482.0,179.28,1.0,24.102440512517,19.809008630693757,24.102440512517,19.809008630693757,0.8520065036828228,0.05535732843043199,-0.003966180301952604
4483.0,179.32,1.0,24.22221282385798,19.669603308558628,24.22221282385798,19.669603308558628,0.8580882197346729,0.04858867695088949,0.0003493360950296891
4484.0,179.36,1.0,24.340704402878437,19.53164123048141,24.340704402878437,19.53164123048141,0.8642256705823996,0.04105010475603146,0.004411026379732466
4485.0,179.4,1.0,24.455859784770727,19.390125332648534,24.455859784770727,19.390125332648534,0.8704095126193072,0.032901688169411435,0.008091323548327978
4486.0,179.44,1.0,24.57077329505658,19.247970136331613,24.57077329505658,19.247970136331613,0.876627164877753,0.02432681114942543,0.011277752125952157
4487.0,179.48,1.0,24.68383216584548,19.107599749581333,24.68383216584548,19.107599749581333,0.8828665279843234,0.01549629519950133,0.013875509440764567
4488.0,179.52,1.0,24.796383450435876,18.9674161815254,24.796383450435876,18.9674161815254,0.8891136785742745,0.006616828668255437,0.015811520091869806
4489.0,179.56,1.0,24.91078459871563,18.823370632457625,24.91078459871563,18.823370632457625,0.895358201758528,-0.0020996732122794404,0.01703689084293066
4490.0,179.6,1.0,25.024778113492943,18.6818000204591,25.024778113492943,18.6818000204591,0.9015882907664672,-0.010433049051238074,0.017528725109132996
4491.0,179.64000000000001,1.0,25.139512294170228,18.536733081669556,25.139512294170228,18.536733081669556,0.9077943943801212,-0.01819479349046633,0.017289873850863634
4492.0,179.68,1.0,25.248816383256983,18.394070624811473,25.248816383256983,18.394070624811473,0.9139643062297219,-0.0251835785383435,0.016349237176565688
4493.0,179.72,1.0,25.357113597272807,18.251175424295955,25.357113597272807,18.251175424295955,0.9200879239666199,-0.031208246768379345,0.014759634588528905
4494.0,179.76,1.0,25.465654167374403,18.10841586264485,25.465654167374403,18.10841586264485,0.9261577381597256,-0.03609917980034505,0.012596751985877213
4495.0,179.8,1.0,25.57383885610536,17.96389069328251,25.57383885610536,17.96389069328251,0.9321677424232199,-0.03973929940598557,0.009955111560202495
4496.0,179.84,1.0,25.683315961580245,17.822707091153777,25.683315961580245,17.822707091153777,0.9381159228487377,-0.04202177902516269,0.006944388188313377
4497.0,179.88,1.0,25.792298137501994,17.67947652552947,25.792298137501994,17.67947652552947,0.9440034296528212,-0.04288673611937408,0.0036851828297614782
4498.0,179.92000000000002,1.0,25.90493409545318,17.535467791627276,25.90493409545318,17.535467791627276,0.9498342820093066,-0.042297158487652406,0.0003051851345739237
4499.0,179.96,1.0,26.015520083838872,17.38670314084273,26.015520083838872,17.38670314084273,0.9556151762389667,-0.04027721638620303,-0.0030663778819774294
4500.0,180.0,1.0,26.124441784209388,17.239764490164966,26.124441784209388,17.239764490164966,0.9613516807806362,-0.03690061826220625,-0.006303990459285519
4501.0,180.04,1.0,26.233563261756224,17.086992063805702,26.233563261756224,17.086992063805702,0.9670513212989414,-0.032292420113472976,-0.009289896013400892
4502.0,180.08,1.0,26.340441364862926,16.932501094324117,26.340441364862926,16.932501094324117,0.9727219051737939,-0.026590430762794503,-0.011918629068445869
4503.0,180.12,1.0,26.44789428763638,16.778102681610385,26.44789428763638,16.778102681610385,0.9783758857500399,-0.01997968541910311,-0.014100822453462569
4504.0,180.16,1.0,26.55586293045922,16.620579508893712,26.55586293045922,16.620579508893712,0.9840263778004774,-0.012673092573843636,-0.015765889504838433
4505.0,180.20000000000002,1.0,26.66053832969511,16.461562799545295,26.66053832969511,16.461562799545295,0.9896879302849844,-0.004915190064179331,-0.016864908919109536
4506.0,180.24,1.0,26.76335723832768,16.30337140947512,26.76335723832768,16.30337140947512,0.9953768286516107,0.0030457640348457104,-0.017372289970897868
4507.0,180.28,1.0,26.864327548263258,16.144504449044025,26.864327548263258,16.144504449044025,1.0011075894246158,0.010941921482351912,-0.017286059288860824
4508.0,180.32,1.0,26.96477453914656,15.984331425230142,26.96477453914656,15.984331425230142,1.0068941647192122,0.018525467187742173,-0.01662683944310109
4509.0,180.36,1.0,27.063246230815356,15.824929480585656,27.063246230815356,15.824929480585656,1.012746855219021,0.025556301935849478,-0.015437018506878935
4510.0,180.4,1.0,27.159693370672233,15.666413901217675,27.159693370672233,15.666413901217675,1.018673903373433,0.031832668422454226,-0.013778666219995886
4511.0,180.44,1.0,27.253614983501922,15.50867300090916,27.253614983501922,15.50867300090916,1.0246814807735765,0.03719024501548827,-0.011730457580163922
4512.0,180.48,1.0,27.347532625855344,15.351721986619264,27.347532625855344,15.351721986619264,1.030773879751791,0.04151971824419289,-0.009384598069153028
4513.0,180.52,1.0,27.442569236126424,15.190643000047686,27.442569236126424,15.190643000047686,1.0369535896214392,0.04474322035934308,-0.006841944243452053
4514.0,180.56,1.0,27.53442464885456,15.032306288806927,27.53442464885456,15.032306288806927,1.043217972183251,0.04683969646219792,-0.004207773300830142
4515.0,180.6,1.0,27.625155253910236,14.872845957712817,27.625155253910236,14.872845957712817,1.0495605017978753,0.04784091636768608,-0.0015873025904186966
4516.0,180.64000000000001,1.0,27.71325253270611,14.712890784901472,27.71325253270611,14.712890784901472,1.0559697481178094,0.04783911699053287,0.0009185491815134811
4517.0,180.68,1.0,27.800864795038432,14.551239649217209,27.800864795038432,14.551239649217209,1.0624300600536065,0.04699086234143004,0.0032183801806672597
4518.0,180.72,1.0,27.886589964691087,14.390247491574664,27.886589964691087,14.390247491574664,1.0689233043271735,0.045505989072083294,0.005233611720091436
4519.0,180.76,1.0,27.969833206305946,14.2285011854679,27.969833206305946,14.2285011854679,1.0754290062453795,0.04361676221608746,0.006901039659385821
4520.0,180.8,1.0,28.053696385095726,14.066944292052332,28.053696385095726,14.066944292052332,1.081927518172963,0.041587802513217434,0.00817550329965967
4521.0,180.84,1.0,28.136887953322066,13.90960242556238,28.136887953322066,13.90960242556238,1.0883986746154237,0.039698870303825774,0.009032116434233708
4522.0,180.88,1.0,28.220008209487162,13.75173237846891,28.220008209487162,13.75173237846891,1.094823917753962,0.03823423982007137,0.009466691727347699
4523.0,180.92000000000002,1.0,28.303744549667563,13.59089044497625,28.303744549667563,13.59089044497625,1.1011850528722646,0.037452445096984685,0.009495244913045823
4524.0,180.96,1.0,28.384669625829588,13.43109153544747,28.384669625829588,13.43109153544747,1.1074647785244176,0.03759429219947792,0.009151867658274599
4525.0,181.0,1.0,28.46629996410934,13.271107418127794,28.46629996410934,13.271107418127794,1.1136487592514637,0.03886165825409158,0.008487204531926066
4526.0,181.04,1.0,28.547931874278664,13.110855809571905,28.547931874278664,13.110855809571905,1.1197265656196163,0.041417270420430065,0.007565670648365689
4527.0,181.08,1.0,28.630762507091013,12.947079798577018,28.630762507091013,12.947079798577018,1.1256931909251389,0.0453633381209233,0.006462366495503355
4528.0,181.12,1.0,28.71168137214022,12.783281087485985,28.71168137214022,12.783281087485985,1.1315478851489988,0.050717192666980784,0.005257895416858097
4529.0,181.16,1.0,28.79247495060672,12.615695191369605,28.79247495060672,12.615695191369605,1.1372950279855194,0.05743205715687234,0.0040345674214771095
4530.0,181.20000000000002,1.0,28.86894626724574,12.449554695136062,28.86894626724574,12.449554695136062,1.142943594699505,0.06541250355980617,0.0028726925583551673
4531.0,181.24,1.0,28.94544272003235,12.28110374308953,28.94544272003235,12.28110374308953,1.1485062774465071,0.07450768152696649,0.0018465222044445535
4532.0,181.28,1.0,29.020845515573704,12.112766540454402,29.020845515573704,12.112766540454402,1.1539991438866775,0.08449142320759433,0.0010200964332913085
4533.0,181.32,1.0,29.093222658860658,11.944987292756801,29.093222658860658,11.944987292756801,1.159439313234348,0.09509067311312287,0.00044434935827791235
4534.0,181.36,1.0,29.16560640428255,11.778143563946976,29.16560640428255,11.778143563946976,1.1648459590423048,0.10600074744767563,0.00015501999416506692
4535.0,181.4,1.0,29.234182768229573,11.60929732981563,29.234182768229573,11.60929732981563,1.1702382373585483,0.1168971491567758,0.00017144223032707073
4536.0,181.44,1.0,29.30576769990834,11.436704294059643,29.30576769990834,11.436704294059643,1.1756357126766461,0.12744087962459497,0.0004952239838420288
4537.0,181.48,1.0,29.37261961781737,11.266748794678552,29.37261961781737,11.266748794678552,1.1810555710820516,0.13728272480989331,0.001110453668289451
4538.0,181.52,1.0,29.44003439712032,11.0991397380414,29.44003439712032,11.0991397380414,1.1865117298618877,0.14609346719822536,0.001984551494150148
4539.0,181.56,1.0,29.505353929235497,10.932604836297152,29.505353929235497,10.932604836297152,1.1920145132399065,0.15359215247717117,0.003071294141220635
4540.0,181.6,1.0,29.570243238741682,10.764771371223238,29.570243238741682,10.764771371223238,1.1975691581465164,0.1595262817212632,0.004312838863582632
4541.0,181.64000000000001,1.0,29.632443061017973,10.598558064282399,29.632443061017973,10.598558064282399,1.2031763986525956,0.16367355090345925,0.005642451579265164
4542.0,181.68,1.0,29.69431518237702,10.433520726087755,29.69431518237702,10.433520726087755,1.2088318528685147,0.16586457926011744,0.006988132423910005
4543.0,181.72,1.0,29.753261566876642,10.27106244140732,29.753261566876642,10.27106244140732,1.2145274965418886,0.16602075139418546,0.008277007536859098
4544.0,181.76,1.0,29.811892426464784,10.107024815287124,29.811892426464784,10.107024815287124,1.2202528030391178,0.16412364089123552,0.00943910989556116
4545.0,181.8,1.0,29.870201008728294,9.944990756861175,29.870201008728294,9.944990756861175,1.225994767811341,0.16022685575900225,0.010410513639339014
4546.0,181.84,1.0,29.925852324459242,9.784421799351176,29.925852324459242,9.784421799351176,1.2317405762277602,0.15443143132937695,0.011136638887935448
4547.0,181.88,1.0,29.979339541114484,9.626986314177193,29.979339541114484,9.626986314177193,1.2374753273086219,0.14690884042143176,0.011574816654998455
4548.0,181.92000000000002,1.0,30.03229707881486,9.469178117589795,30.03229707881486,9.469178117589795,1.2431854064028918,0.1378838912380406,0.01169620071151919
4549.0,181.96,1.0,30.082641559123054,9.315138282397141,30.082641559123054,9.315138282397141,1.2488575110352698,0.12762592305556295,0.011487113737144
4550.0,182.0,1.0,30.13553055429013,9.157403234022794,30.13553055429013,9.157403234022794,1.2544810382502056,0.11640972693389559,0.010948898725232827
4551.0,182.04,1.0,30.188192165445713,8.9993277176166,30.188192165445713,8.9993277176166,1.2600488521380042,0.10454279852954047,0.01009804267746828
4552.0,182.08,1.0,30.239913237925556,8.840102717612108,30.239913237925556,8.840102717612108,1.2655566600859731,0.09235023622471379,0.008965213798259226
4553.0,182.12,1.0,30.290733733987402,8.685087170153516,30.290733733987402,8.685087170153516,1.2710042850406171,0.08014031838368015,0.007593378080942417
4554.0,182.16,1.0,30.340484255078913,8.525752583053622,30.340484255078913,8.525752583053622,1.276394521563102,0.06818346059186838,0.006034476600446067
4555.0,182.20000000000002,1.0,30.39028454895423,8.37122212903993,30.39028454895423,8.37122212903993,1.2817342462756243,0.05673552056531757,0.004346851234765925
4556.0,182.24,1.0,30.437160284083227,8.216248124517245,30.437160284083227,8.216248124517245,1.2870323577390361,0.04601498272175934,0.0025930216771113566
4557.0,182.28,1.0,30.485707025308397,8.057333179926168,30.485707025308397,8.057333179926168,1.2922986741634168,0.03620822441581324,0.0008362855879153128
4558.0,182.32,1.0,30.532198774461744,7.897195043485158,30.532198774461744,7.897195043485158,1.2975449763053235,0.027442955096246547,-0.0008622982404590761
4559.0,182.36,1.0,30.57713668714622,7.74011860348393,30.57713668714622,7.74011860348393,1.3027835420958662,0.01980608264636774,-0.002447016497767106
4560.0,182.4,1.0,30.619401980263905,7.581573169017875,30.619401980263905,7.581573169017875,1.3080288299348488,0.01332900311189893,-0.003869757272693731
4561.0,182.44,1.0,30.662797865840552,7.4204240195187285,30.662797865840552,7.4204240195187285,1.3132946536535877,0.008027817809877602,-0.005091784449867338
4562.0,182.48,1.0,30.703711460218813,7.258185355168395,30.703711460218813,7.258185355168395,1.3185937175798133,0.003862102437102033,-0.006085002983125655
4563.0,182.52,1.0,30.74419448030786,7.094933171231878,30.74419448030786,7.094933171231878,1.3239375259337374,0.0007602818029247782,-0.006832826792839683
4564.0,182.56,1.0,30.785254162766353,6.930932859547887,30.785254162766353,6.930932859547887,1.3293352120149857,-0.0013630990133263632,-0.007330349278864029
4565.0,182.6,1.0,30.82511207709873,6.769636900679648,30.82511207709873,6.769636900679648,1.3347937022349934,-0.0025982728281423563,-0.007583006799666961
4566.0,182.64000000000001,1.0,30.864252256987818,6.603221120019778,30.864252256987818,6.603221120019778,1.3403149409370196,-0.003060177769344996,-0.007605874661108264
4567.0,182.68,1.0,30.90121370424627,6.438691904103169,30.90121370424627,6.438691904103169,1.345898741887732,-0.002867244029746208,-0.007423016868029364
4568.0,182.72,1.0,30.93722889510439,6.272962754599924,30.93722889510439,6.272962754599924,1.3515419731690874,-0.0021225403685903644,-0.007065540250693445
4569.0,182.76,1.0,30.974104693176294,6.107171760905592,30.974104693176294,6.107171760905592,1.3572398749196048,-0.0009145080102676229,-0.006568790521633103
4570.0,182.8,1.0,31.009874878862558,5.943527590024374,31.009874878862558,5.943527590024374,1.362985828989884,0.0006795972527606997,-0.005969645537683353
4571.0,182.84,1.0,31.041673471457905,5.782715416191,31.041673471457905,5.782715416191,1.3687702967231055,0.002605545882589477,-0.0053050767024056715
4572.0,182.88,1.0,31.075248649364074,5.62187792949526,31.075248649364074,5.62187792949526,1.3745828006868261,0.004822546967464781,-0.004610288875909037
4573.0,182.92000000000002,1.0,31.106894290101536,5.4576657449132,31.106894290101536,5.4576657449132,1.3804121649458305,0.007335380843022587,-0.003917187624801597
4574.0,182.96,1.0,31.139125567504266,5.294637404966923,31.139125567504266,5.294637404966923,1.3862474504131554,0.010167021293033419,-0.0032523478524396888
4575.0,183.0,1.0,31.170116097123156,5.130335842102751,31.170116097123156,5.130335842102751,1.3920772899002043,0.013351660462095905,-0.002636067125904976
4576.0,183.04,1.0,31.198566454034996,4.967350749297323,31.198566454034996,4.967350749297323,1.3978909454125312,0.016921377655288405,-0.002082471899528265
4577.0,183.08,1.0,31.22450389749573,4.807004977639726,31.22450389749573,4.807004977639726,1.4036803303350465,0.0209299221910181,-0.0015994217014371395
4578.0,183.12,1.0,31.251266856536766,4.64353309180511,31.251266856536766,4.64353309180511,1.4094398102612724,0.02542843652830821,-0.0011880716917180526
4579.0,183.16,1.0,31.2781390345365,4.4779050342290185,31.2781390345365,4.4779050342290185,1.4151670220586223,0.030448347123597695,-0.0008430456267998862
4580.0,183.20000000000002,1.0,31.30500496382295,4.309859223218372,31.30500496382295,4.309859223218372,1.4208615568563385,0.03601438808238873,-0.0005541930271092975
4581.0,183.24,1.0,31.330385721887968,4.143553221314153,31.330385721887968,4.143553221314153,1.426524273985726,0.04213516945965281,-0.00030816963708177466
4582.0,183.28,1.0,31.354726940885126,3.9738581569947895,31.354726940885126,3.9738581569947895,1.4321577745214165,0.048802902339203744,-8.871067953740708e-05
4583.0,183.32,1.0,31.378802619905134,3.8051068207970102,31.378802619905134,3.8051068207970102,1.4377647537506406,0.05596997061544974,0.0001223469188921168
4584.0,183.36,1.0,31.399636713683332,3.6382746649929474,31.399636713683332,3.6382746649929474,1.4433480685342186,0.06354936971457478,0.0003436375211356833
4585.0,183.4,1.0,31.41996053589716,3.4703640102409943,31.41996053589716,3.4703640102409943,1.448909363878679,0.0714259478138643,0.0005919876702829271
4586.0,183.44,1.0,31.439710012597555,3.3062638902693493,31.439710012597555,3.3062638902693493,1.4544512035086092,0.07946906061667348,0.0008818847837452522
4587.0,183.48,1.0,31.459365629234718,3.1395634379168014,31.459365629234718,3.1395634379168014,1.4599759872898812,0.08753275700509472,0.0012252192272811948
4588.0,183.52,1.0,31.478051527679703,2.9782072557394352,31.478051527679703,2.9782072557394352,1.4654864435610695,0.09542966131713992,0.001631111236331171
4589.0,183.56,1.0,31.49415049665575,2.815852473897653,31.49415049665575,2.815852473897653,1.4709828548937633,0.10295636580430423,0.0021048114702703477
4590.0,183.6,1.0,31.50786557805987,2.6533549207532086,31.50786557805987,2.6533549207532086,1.4764631967862227,0.10990459910913364,0.002647047663974681
4591.0,183.64000000000001,1.0,31.52237675566878,2.488681770202928,31.52237675566878,2.488681770202928,1.4819229968531187,0.11606631969551251,0.0032546208135591807
4592.0,183.68,1.0,31.534217481367666,2.323413633529171,31.534217481367666,2.323413633529171,1.4873570006010979,0.12123758944787047,0.0039211268232119696
4593.0,183.72,1.0,31.545434288475697,2.15852709316637,31.545434288475697,2.15852709316637,1.4927589042732006,0.125218490790345,0.004636609908198476
4594.0,183.76,1.0,31.555234436913167,1.9936933025033952,31.555234436913167,1.9936933025033952,1.4981227256003522,0.12783950202656932,0.005387354332808654
4595.0,183.8,1.0,31.56458667484925,1.8319763243306753,31.56458667484925,1.8319763243306753,1.5034441384845993,0.12895410893964138,0.006156584454014681
4596.0,183.84,1.0,31.57499830260975,1.6698648505240683,31.57499830260975,1.6698648505240683,1.5087214443767285,0.12845105874261026,0.006926020154477111
4597.0,183.88,1.0,31.587098771840765,1.506272301422503,31.587098771840765,1.506272301422503,1.5139554360783274,0.1262426505388156,0.007675721063489564
4598.0,183.92000000000002,1.0,31.597150257651446,1.3456307384968023,31.597150257651446,1.3456307384968023,1.5191477349625,0.12228818816365714,0.008384349324887031
4599.0,183.96,1.0,31.607346419888934,1.1864229464403186,31.607346419888934,1.1864229464403186,1.5243001384037471,0.1166098304775514,0.009029125167819254
4600.0,184.0,1.0,31.614024188165672,1.0302596019327523,31.614024188165672,1.0302596019327523,1.5294162617668128,0.10928245551474602,0.009587070432123503
4601.0,184.04,1.0,31.62006091230567,0.8755206857658688,31.62006091230567,0.8755206857658688,1.5345019218526081,0.10042276331670594,0.010035373512442674
4602.0,184.08,1.0,31.625137699007002,0.7261730628782093,31.625137699007002,0.7261730628782093,1.539565630180272,0.09017826895296231,0.01035163726240825
4603.0,184.12,1.0,31.627844185084257,0.5779536980997293,31.627844185084257,0.5779536980997293,1.5446181403845387,0.07874189011553714,0.010513858922926665
4604.0,184.16,1.0,31.629257885816656,0.42868015647185587,31.629257885816656,0.42868015647185587,1.5496721445386143,0.06634718344839785,0.01050119199983184
4605.0,184.20000000000002,1.0,31.62969706267871,0.27715072423049264,31.62969706267871,0.27715072423049264,1.5547421275436635,0.053254906983362146,0.010295263200532619
4606.0,184.24,1.0,31.628035745987763,0.12394862719198937,31.628035745987763,0.12394862719198937,1.559841028354073,0.039743101891965546,0.0098808286483035
4607.0,184.28,1.0,31.628481741663858,-0.027487479999412166,31.628481741663858,-0.027487479999412166,1.5649802751915503,0.02609470775227398,0.009245867629922955
4608.0,184.32,1.0,31.627738286495763,-0.1813301817365361,31.627738286495763,-0.1813301817365361,1.5701661112623562,0.012610664131299087,0.008382548053973938
4609.0,184.36,1.0,31.62811501172427,-0.33570381071494015,31.62811501172427,-0.33570381071494015,1.5754039137277516,-0.00041075804679135963,0.007288194007440005
4610.0,184.4,1.0,31.626818303119855,-0.49121621994774756,31.626818303119855,-0.49121621994774756,1.5806962075493627,-0.012683703166331916,0.00596627960808985
4611.0,184.44,1.0,31.626223858684973,-0.6468160298271911,31.626223858684973,-0.6468160298271911,1.5860446199649574,-0.02394790119186071,0.004426496898429977
4612.0,184.48,1.0,31.62455695570643,-0.801663628017441,31.62455695570643,-0.801663628017441,1.5914484461904668,-0.033963612253683294,0.00268558954144224
4613.0,184.52,1.0,31.624117623882473,-0.9533111501715391,31.624117623882473,-0.9533111501715391,1.5969051650350656,-0.04251234117424261,0.0007675751357788682
4614.0,184.56,1.0,31.62254358926266,-1.1050302839540165,31.62254358926266,-1.1050302839540165,1.6024092842310154,-0.0494223342960321,-0.0012957471130878896
4615.0,184.6,1.0,31.620572170925772,-1.259120933641635,31.620572170925772,-1.259120933641635,1.6079530629920076,-0.05457115215095596,-0.00346473666298088
4616.0,184.64000000000001,1.0,31.616124639912254,-1.4139228118970748,31.616124639912254,-1.4139228118970748,1.6135263450784705,-0.05788608308222234,-0.005692599036631811
4617.0,184.68,1.0,31.60787876299471,-1.5683015125486606,31.60787876299471,-1.5683015125486606,1.6191187349930083,-0.05933481796702109,-0.007926357214573713
4618.0,184.72,1.0,31.60042003338337,-1.7256694525710174,31.60042003338337,-1.7256694525710174,1.6247195068109956,-0.05893143848992412,-0.010108037848580529
4619.0,184.76,1.0,31.59117697581288,-1.8832259319390983,31.59117697581288,-1.8832259319390983,1.6303214609751424,-0.05675307435716478,-0.012175731935186907
4620.0,184.8,1.0,31.583427010693185,-2.0427976099489737,31.583427010693185,-2.0427976099489737,1.6359175857992578,-0.05293058003731214,-0.014066094416722305
4621.0,184.84,1.0,31.57431552332581,-2.2035032014108222,31.57431552332581,-2.2035032014108222,1.6415043593019831,-0.047637467931435765,-0.015716412579685247
4622.0,184.88,1.0,31.565225973295373,-2.3664965702696352,31.565225973295373,-2.3664965702696352,1.6470785484979689,-0.04107216654925189,-0.017066616823873167
4623.0,184.92000000000002,1.0,31.55471456666216,-2.530437732683464,31.55471456666216,-2.530437732683464,1.6526382800770594,-0.03346685622757036,-0.018061583645619154
4624.0,184.96,1.0,31.545089159219316,-2.693275203821968,31.545089159219316,-2.693275203821968,1.6581823708047563,-0.025084310466548,-0.018653637601035316
4625.0,185.0,1.0,31.532680235971718,-2.85342439232654,31.532680235971718,-2.85342439232654,1.6637113397374343,-0.016196094155875595,-0.018804892326831503
4626.0,185.04,1.0,31.520304679227063,-3.0117365661158955,31.520304679227063,-3.0117365661158955,1.6692273622042788,-0.007067284633804927,-0.018489741430135976
4627.0,185.08,1.0,31.50205341061487,-3.1726560710238965,31.50205341061487,-3.1726560710238965,1.6747329731838843,0.002052511082932429,-0.017696512743255795
4628.0,185.12,1.0,31.484786324798563,-3.33338169823595,31.484786324798563,-3.33338169823595,1.680232880475921,0.010920122984664271,-0.01642839005496277
4629.0,185.16,1.0,31.464553899021446,-3.4935737333362846,31.464553899021446,-3.4935737333362846,1.6857327137164397,0.019310684776801933,-0.01470373623255232
4630.0,185.20000000000002,1.0,31.44452754605417,-3.6520188936436826,31.44452754605417,-3.6520188936436826,1.6912383913133735,0.027029877098631118,-0.012557131190681655
4631.0,185.24,1.0,31.423720032794108,-3.809058738917984,31.423720032794108,-3.809058738917984,1.6967558004141228,0.033909450802354635,-0.010038074014315727
4632.0,185.28,1.0,31.4006343670823,-3.967672943827813,31.4006343670823,-3.967672943827813,1.7022890502583419,0.03980547304839307,-0.007209881910154441
4633.0,185.32,1.0,31.375964128611468,-4.12753535844287,31.375964128611468,-4.12753535844287,1.7078411870997265,0.044596009230656555,-0.004147954510503418
4634.0,185.36,1.0,31.350667148065344,-4.287474150003053,31.350667148065344,-4.287474150003053,1.713414725339287,0.04820534864162511,-0.0009380601717228817
4635.0,185.4,1.0,31.32497796894624,-4.44715787422725,31.32497796894624,-4.44715787422725,1.7190105371080893,0.05059915966635366,0.0023276029661904456
4636.0,185.44,1.0,31.299939670648904,-4.603148775411594,31.299939670648904,-4.603148775411594,1.7246279531334536,0.0517752503200584,0.0055532404405987555
4637.0,185.48,1.0,31.274987333237355,-4.7572420965315985,31.274987333237355,-4.7572420965315985,1.7302639110040219,0.051750446526067986,0.008642888789053933
4638.0,185.52,1.0,31.24848986372795,-4.907130344198199,31.24848986372795,-4.907130344198199,1.7359155708306528,0.050558771866394014,0.011503656646340333
4639.0,185.56,1.0,31.220143579565125,-5.059338850714466,31.220143579565125,-5.059338850714466,1.741576618294003,0.04827025444106803,0.014048879160403033
4640.0,185.6,1.0,31.19112794562823,-5.209449147575855,31.19112794562823,-5.209449147575855,1.74723907980271,0.04498297398409046,0.01620127594252766
4641.0,185.64000000000001,1.0,31.16128940755637,-5.359344817891179,31.16128940755637,-5.359344817891179,1.7528922187919105,0.04081246253753701,0.017896843503724374
4642.0,185.68,1.0,31.130399380710383,-5.508685674288372,31.130399380710383,-5.508685674288372,1.7585247562441944,0.03588778544345552,0.019086745948767258
4643.0,185.72,1.0,31.099875091013427,-5.656685725302632,31.099875091013427,-5.656685725302632,1.7641252578043267,0.03035041919719572,0.019738897705879273
4644.0,185.76,1.0,31.070349662151678,-5.808102090518356,31.070349662151678,-5.808102090518356,1.7696846991245372,0.024347970392908803,0.019839313384833183
4645.0,185.8,1.0,31.03900486522128,-5.96134442194666,31.03900486522128,-5.96134442194666,1.7751943873748228,0.018010013783270516,0.019393515345315027
4646.0,185.84,1.0,31.006027795406233,-6.117692046395247,31.006027795406233,-6.117692046395247,1.7806485650662567,0.011458959975908234,0.01842455097289387
4647.0,185.88,1.0,30.975114047355465,-6.272124058575268,30.975114047355465,-6.272124058575268,1.7860433992345222,0.004811346247068948,0.016972385572716322
4648.0,185.92000000000002,1.0,30.94281107498407,-6.426122506223953,30.94281107498407,-6.426122506223953,1.7913778108939211,-0.0018141706467059925,0.015093064266508475
4649.0,185.96,1.0,30.9110370748322,-6.580003754224384,30.9110370748322,-6.580003754224384,1.79665104711446,-0.0083084104175295,0.012857001560440184
4650.0,186.0,1.0,30.8782040524412,-6.7319394359796405,30.8782040524412,-6.7319394359796405,1.8018649580268036,-0.014584832015299531,0.010345879081542417
4651.0,186.04,1.0,30.843250680803003,-6.883352995964094,30.843250680803003,-6.883352995964094,1.8070239036643787,-0.0205730503523893,0.0076495691508812625
4652.0,186.08,1.0,30.808048563154443,-7.033036479582468,30.808048563154443,-7.033036479582468,1.8121347249972708,-0.02620953404280916,0.004862429420032001
4653.0,186.12,1.0,30.77304835712015,-7.18141455931373,30.77304835712015,-7.18141455931373,1.8172067142326238,-0.03143154338044222,0.002080365482319587
4654.0,186.16,1.0,30.73681282385352,-7.328970010805516,30.73681282385352,-7.328970010805516,1.8222495465794755,-0.03618724607114386,-0.0006016157450518609
4655.0,186.20000000000002,1.0,30.699855794454056,-7.475365968183775,30.699855794454056,-7.475365968183775,1.8272705924830401,-0.0404299245020438,-0.003093560410234182
4656.0,186.24,1.0,30.66131712431706,-7.622565797628022,30.66131712431706,-7.622565797628022,1.8322765735109214,-0.044104423732581735,-0.005314211352049103
4657.0,186.28,1.0,30.622666214265273,-7.77057288082918,30.622666214265273,-7.77057288082918,1.837271992037729,-0.04715995153410287,-0.007192166333363828
4658.0,186.32,1.0,30.581675783094134,-7.921375101043421,30.581675783094134,-7.921375101043421,1.8422600936354616,-0.049550998899739365,-0.008667735082402811
4659.0,186.36,1.0,30.538920374340925,-8.071246522793988,30.538920374340925,-8.071246522793988,1.8472426945154212,-0.05125102057799965,-0.00969581765329668
4660.0,186.4,1.0,30.496664646362625,-8.224514003298943,30.496664646362625,-8.224514003298943,1.852222264255153,-0.05223192830956509,-0.010247706062099552
4661.0,186.44,1.0,30.451709460702705,-8.38035142490765,30.451709460702705,-8.38035142490765,1.8572007189216855,-0.05246361051844981,-0.01031031170955493
4662.0,186.48,1.0,30.40548700355875,-8.53591535683174,30.40548700355875,-8.53591535683174,1.862178463230567,-0.051921050394983626,-0.009886343464217903
4663.0,186.52,1.0,30.35952108304345,-8.69349310651015,30.35952108304345,-8.69349310651015,1.8671557721235748,-0.050592879263919865,-0.008993966213552152
4664.0,186.56,1.0,30.30979862817394,-8.845831313956648,30.30979862817394,-8.845831313956648,1.8721293288846816,-0.04848216435463535,-0.007666328230050881
4665.0,186.6,1.0,30.262440640240346,-8.997419219779577,30.262440640240346,-8.997419219779577,1.8770964796972347,-0.04559682189101801,-0.0059510313744207816
4666.0,186.64000000000001,1.0,30.212947181052066,-9.148228995946921,30.212947181052066,-9.148228995946921,1.8820549040272252,-0.04195841410659353,-0.003907045557819515
4667.0,186.68,1.0,30.163684848136285,-9.29961273645576,30.163684848136285,-9.29961273645576,1.8870039423686802,-0.037612101055631716,-0.0016022615316246117
4668.0,186.72,1.0,30.11062272304389,-9.450455061922469,30.11062272304389,-9.450455061922469,1.8919431756753529,-0.03261500799791774,0.0008877527066690462
4669.0,186.76,1.0,30.05803780027581,-9.598621890789488,30.05803780027581,-9.598621890789488,1.8968733735697978,-0.02703864006032023,0.003481176098305233
4670.0,186.8,1.0,30.005513215469612,-9.746633281719856,30.005513215469612,-9.746633281719856,1.901795803880222,-0.02095379749436408,0.0060941780493832766
4671.0,186.84,1.0,29.952676519533362,-9.893874024649001,29.952676519533362,-9.893874024649001,1.9067096076824341,-0.014458523123759292,0.008643889555434879
4672.0,186.88,1.0,29.899229790662183,-10.041216908463582,29.899229790662183,-10.041216908463582,1.9116139466751991,-0.00766744939484294,0.011049492736537585
4673.0,186.92000000000002,1.0,29.84217271083141,-10.190316776754067,29.84217271083141,-10.190316776754067,1.9165069432639836,-0.000710171365100476,0.013234345145947884
4674.0,186.96,1.0,29.783980284934252,-10.339717609750306,29.783980284934252,-10.339717609750306,1.9213856651034327,0.006286192188603356,0.015128420933781703
4675.0,187.0,1.0,29.723910695506884,-10.49377142170542,29.723910695506884,-10.49377142170542,1.9262500099212545,0.013185337245965534,0.01667098213157989
4676.0,187.04,1.0,29.66414342314323,-10.649184797840984,29.66414342314323,-10.649184797840984,1.931099576044236,0.01984290861978466,0.01781220161147188
4677.0,187.08,1.0,29.603834967586153,-10.80493488929493,29.603834967586153,-10.80493488929493,1.9359352900484574,0.026119315468527426,0.018513972327804003
4678.0,187.12,1.0,29.545394435412504,-10.9575707571148,29.545394435412504,-10.9575707571148,1.94075676279245,0.03188578737305936,0.018750376420888653
4679.0,187.16,1.0,29.487862790966027,-11.111063732404393,29.487862790966027,-11.111063732404393,1.9455650344355147,0.037018087616485805,0.01850952507428237
4680.0,187.20000000000002,1.0,29.429386904611228,-11.261482768610396,29.429386904611228,-11.261482768610396,1.9503595645901242,0.041400083006237653,0.01779489435956747
4681.0,187.24,1.0,29.371130961918134,-11.408471024753448,29.371130961918134,-11.408471024753448,1.9551394063402434,0.044918210074494216,0.016623328894245875
4682.0,187.28,1.0,29.31263168701587,-11.557824715188243,29.31263168701587,-11.557824715188243,1.9599051381857113,0.04749060944557811,0.015024579517443118
4683.0,187.32,1.0,29.25224138892575,-11.70388306816755,29.25224138892575,-11.70388306816755,1.964656092563213,0.04904702063157803,0.013041341978367246
4684.0,187.36,1.0,29.192960822671658,-11.849243199174207,29.192960822671658,-11.849243199174207,1.9693938220032656,0.04953995510867487,0.010728827703795189
4685.0,187.4,1.0,29.131677554511526,-11.992135016473766,29.131677554511526,-11.992135016473766,1.974119614333145,0.048925966250838226,0.008152605805535326
4686.0,187.44,1.0,29.073763887905926,-12.131867679252016,29.073763887905926,-12.131867679252016,1.9788340140404515,0.04719574917030774,0.005386052017365214
4687.0,187.48,1.0,29.011481828680978,-12.273492131739486,29.011481828680978,-12.273492131739486,1.9835364375835283,0.04436714281435354,0.002508634162483578
4688.0,187.52,1.0,28.952904553598046,-12.413747071347482,28.952904553598046,-12.413747071347482,1.9882260374596008,0.040475216153185924,-0.0003963504188320921
4689.0,187.56,1.0,28.88909199304764,-12.555580212033496,28.88909199304764,-12.555580212033496,1.9929015408887747,0.03557369205775066,-0.0032435928998834525
4690.0,187.6,1.0,28.82532906712496,-12.697163171830876,28.82532906712496,-12.697163171830876,1.9975606523413585,0.029738161335063185,-0.00594990030860078
4691.0,187.64000000000001,1.0,28.76064054328908,-12.842414753822023,28.76064054328908,-12.842414753822023,2.0022031749038036,0.023071331787551407,-0.008437251451053307
4692.0,187.68,1.0,28.695791775420474,-12.986595967123936,28.695791775420474,-12.986595967123936,2.0068298865726617,0.015694702015271945,-0.01063436839902443
4693.0,187.72,1.0,28.63146188771193,-13.131574374693638,28.63146188771193,-13.131574374693638,2.0114432371408015,0.007736081777414927,-0.012479041211799206
4694.0,187.76,1.0,28.568308009333634,-13.274551244538,28.568308009333634,-13.274551244538,2.01604894460334,-0.0006593063212630868,-0.013921200288782931
4695.0,187.8,1.0,28.50516362768637,-13.41491213808724,28.50516362768637,-13.41491213808724,2.0206536281848546,-0.009334237796237576,-0.01492560029538621
4696.0,187.84,1.0,28.439031301351253,-13.553930056212062,28.439031301351253,-13.553930056212062,2.0252664993271314,-0.018113897872998073,-0.015472394213667034
4697.0,187.88,1.0,28.372705334391696,-13.695507903370759,28.372705334391696,-13.695507903370759,2.0298977439063757,-0.026836417705972726,-0.015557999198261785
4698.0,187.92000000000002,1.0,28.303680460859585,-13.835063568632815,28.303680460859585,-13.835063568632815,2.0345597581684594,-0.0353452576819114,-0.015195654920223026
4699.0,187.96,1.0,28.233601876244713,-13.973684468836476,28.233601876244713,-13.973684468836476,2.0392642267189878,-0.04348623982100578,-0.014415895113530109
4700.0,188.0,1.0,28.162719262662335,-14.108718131717328,28.162719262662335,-14.108718131717328,2.0440246645905327,-0.05111368358086863,-0.013266110565100162
4701.0,188.04,1.0,28.090481472610254,-14.24528889945052,28.090481472610254,-14.24528889945052,2.048855413678388,-0.05809606981618276,-0.011807792268425986
4702.0,188.08,1.0,28.01754791376253,-14.377293318558745,28.01754791376253,-14.377293318558745,2.053769439015325,-0.06432995667702204,-0.010114678817877393
4703.0,188.12,1.0,27.9439483989456,-14.510605844148008,27.9439483989456,-14.510605844148008,2.0587793870304587,-0.06972020312629548,-0.008270503770370119
4704.0,188.16,1.0,27.866589823584285,-14.644886178366113,27.866589823584285,-14.644886178366113,2.0638943938044063,-0.07419523789151675,-0.006366525327605815
4705.0,188.20000000000002,1.0,27.789367125454067,-14.782755580919456,27.789367125454067,-14.782755580919456,2.0691205112487685,-0.07769393394829431,-0.0044971508278214885
4706.0,188.24,1.0,27.709571865284808,-14.922700565858886,27.709571865284808,-14.922700565858886,2.0744592929762833,-0.08018823192295829,-0.0027560668323633975
4707.0,188.28,1.0,27.631385321611816,-15.060900763335033,27.631385321611816,-15.060900763335033,2.0799091224779587,-0.08167766377837657,-0.0012330775299157568
4708.0,188.32,1.0,27.549749478154997,-15.202279947482257,27.549749478154997,-15.202279947482257,2.0854645765130124,-0.08218553011829195,-1.0484423826292999e-05
4709.0,188.36,1.0,27.472031263460046,-15.342676738462567,27.472031263460046,-15.342676738462567,2.091118129358025,-0.08175665284072989,0.0008402628803369152
4710.0,188.4,1.0,27.39347438515973,-15.484607049558855,27.39347438515973,-15.484607049558855,2.0968621968315992,-0.08046384146339751,0.0012625063456336509
4711.0,188.44,1.0,27.313234585709143,-15.62409297626736,27.313234585709143,-15.62409297626736,2.102687473305159,-0.07840149826559337,0.001216988275249567
4712.0,188.48,1.0,27.231317425550913,-15.767448306702528,27.231317425550913,-15.767448306702528,2.1085832770835164,-0.07568376601596152,0.0006831799005800144
4713.0,188.52,1.0,27.148058576789005,-15.909420704042194,27.148058576789005,-15.909420704042194,2.114538022341542,-0.07242848892530875,-0.00033904671864538015
4714.0,188.56,1.0,27.06274584181879,-16.052925311783472,27.06274584181879,-16.052925311783472,2.120538467336856,-0.06877477559401433,-0.0018283270218278612
4715.0,188.6,1.0,26.976859291942635,-16.193521173444715,26.976859291942635,-16.193521173444715,2.1265727736657154,-0.06485576885000567,-0.0037415686717139907
4716.0,188.64000000000001,1.0,26.892771786008723,-16.333079309321455,26.892771786008723,-16.333079309321455,2.132628829486218,-0.06082834839339822,-0.006015999245020813
4717.0,188.68,1.0,26.808238122261287,-16.46578323711978,26.808238122261287,-16.46578323711978,2.1386967270930612,-0.05683723011648104,-0.00857079562457438
4718.0,188.72,1.0,26.722599666144855,-16.600980512114653,26.722599666144855,-16.600980512114653,2.1447671937288755,-0.05302227413654618,-0.011309803148488208
4719.0,188.76,1.0,26.636898312438355,-16.73429933584121,26.636898312438355,-16.73429933584121,2.150834248237012,-0.049494948585936616,-0.014124464085095373
4720.0,188.8,1.0,26.548103677830888,-16.874530237027663,26.548103677830888,-16.874530237027663,2.1568920176246733,-0.04636258370559233,-0.01689751369124312
4721.0,188.84,1.0,26.460697567672334,-17.0120003300768,26.460697567672334,-17.0120003300768,2.162934058223152,-0.04370534234938826,-0.019507446417397337
4722.0,188.88,1.0,26.37207657618555,-17.153042069028857,26.37207657618555,-17.153042069028857,2.1689541127963206,-0.041579725660792835,-0.021833043648988217
4723.0,188.92000000000002,1.0,26.28177243348328,-17.292305784095625,26.28177243348328,-17.292305784095625,2.1749455288102864,-0.04000527124568417,-0.02375773292071754
4724.0,188.96,1.0,26.18931685836709,-17.43377775460254,26.18931685836709,-17.43377775460254,2.1809034623433265,-0.03897870387194217,-0.025174237562275447
4725.0,189.0,1.0,26.09527414294759,-17.570099448111506,26.09527414294759,-17.570099448111506,2.186824316251646,-0.03847023018013791,-0.025989347079637924
4726.0,189.04,1.0,26.0007732573959,-17.70533084492107,26.0007732573959,-17.70533084492107,2.1927055269536324,-0.03843976102926847,-0.026127889466628085
4727.0,189.08,1.0,25.9069357402102,-17.837464186212763,25.9069357402102,-17.837464186212763,2.1985459614211234,-0.03880655770819865,-0.025535153196117887
4728.0,189.12,1.0,25.81189772833447,-17.969874892651205,25.81189772833447,-17.969874892651205,2.204346213039347,-0.039473103974079306,-0.024179844804848652
4729.0,189.16,1.0,25.714501171704235,-18.10281503208769,25.714501171704235,-18.10281503208769,2.2101077581739683,-0.040328994059013135,-0.02205540853797165
4730.0,189.20000000000002,1.0,25.61541621538577,-18.234505546930396,25.61541621538577,-18.234505546930396,2.21583184380079,-0.041278165211875814,-0.019181055329409065
4731.0,189.24,1.0,25.515294016395433,-18.363618730277047,25.515294016395433,-18.363618730277047,2.2215201761026284,-0.042199695343393094,-0.01560152037968208
4732.0,189.28,1.0,25.41464296082075,-18.487740091378683,25.41464296082075,-18.487740091378683,2.2271748931041175,-0.04297491989433362,-0.011386373417235515
4733.0,189.32,1.0,25.31291297074069,-18.612232590558172,25.31291297074069,-18.612232590558172,2.2327976621100656,-0.04349078299672589,-0.00662775918869223
4734.0,189.36,1.0,25.208368738202488,-18.737907768199403,25.208368738202488,-18.737907768199403,2.2383907177790165,-0.04366084623044664,-0.0014376917372420923
4735.0,189.4,1.0,25.10244914615691,-18.862152726149876,25.10244914615691,-18.862152726149876,2.2439533651089225,-0.04341396733264671,0.0040551620148949795
4736.0,189.44,1.0,24.9943576940543,-18.98781609165888,24.9943576940543,-18.98781609165888,2.2494838337766216,-0.04269146973299594,0.0097094979414584
4737.0,189.48,1.0,24.884000980800415,-19.116179971951656,24.884000980800415,-19.116179971951656,2.2549781457844658,-0.041443714017827496,0.015375830367823006
4738.0,189.52,1.0,24.773820135545876,-19.24518967589284,24.773820135545876,-19.24518967589284,2.2604314239083427,-0.039657330283087974,0.020900985478008914
4739.0,189.56,1.0,24.662790923466808,-19.373968943759813,24.662790923466808,-19.373968943759813,2.2658366390419133,-0.03734415257562331,0.02613327437184181
4740.0,189.6,1.0,24.55060382513755,-19.500133576380733,24.55060382513755,-19.500133576380733,2.271186500434815,-0.034518964081710644,0.030927128765745004
4741.0,189.64000000000001,1.0,24.43772493858811,-19.626508287823107,24.43772493858811,-19.626508287823107,2.27647276459549,-0.031186747106057577,0.03514754309761273
4742.0,189.68,1.0,24.32399406876766,-19.751924480451873,24.32399406876766,-19.751924480451873,2.2816880947693448,-0.02737719923779569,0.03867376617157341
4743.0,189.72,1.0,24.213307227453775,-19.87770265940711,24.213307227453775,-19.87770265940711,2.286826729812078,-0.023141287842268564,0.041403571926109495
4744.0,189.76,1.0,24.10344044370944,-20.000479042660007,24.10344044370944,-20.000479042660007,2.2918848332528485,-0.018536332496497287,0.04325573557287563
4745.0,189.8,1.0,23.99281997436827,-20.124731787973708,23.99281997436827,-20.124731787973708,2.2968602839189654,-0.013617190046528792,0.04417211092232577
4746.0,189.84,1.0,23.878878522493938,-20.249457804217162,23.878878522493938,-20.249457804217162,2.3017549724513966,-0.008445657572300758,0.04411935430633433
4747.0,189.88,1.0,23.764448574190318,-20.375447804151314,23.764448574190318,-20.375447804151314,2.3065743275630965,-0.0030960651179074094,0.04309009998687217
4748.0,189.92000000000002,1.0,23.649554770151305,-20.49865824224911,23.649554770151305,-20.49865824224911,2.311326846497957,0.002351723173534359,0.04110305175787453
4749.0,189.96,1.0,23.536103698744363,-20.623465641665057,23.536103698744363,-20.623465641665057,2.316023752198375,0.007834242148576153,0.038202032126976176
4750.0,190.0,1.0,23.420501048313778,-20.74801950868647,23.420501048313778,-20.74801950868647,2.320677786218359,0.01330356333220406,0.03445481386910814
4751.0,190.04,1.0,23.306808794722713,-20.87128027696253,23.306808794722713,-20.87128027696253,2.325303019333004,0.01869655609152785,0.02995086898411013
4752.0,190.08,1.0,23.192501019743524,-20.997153046212716,23.192501019743524,-20.997153046212716,2.329914838777922,0.023933926483314938,0.02479912439244479
4753.0,190.12,1.0,23.07902484493348,-21.119930347606818,23.07902484493348,-21.119930347606818,2.3345279607790355,0.028941273740801444,0.019125159490491116
4754.0,190.16,1.0,22.966801433121596,-21.240339023031275,22.966801433121596,-21.240339023031275,2.3391556660228625,0.03366216249771081,0.013067207555970264
4755.0,190.20000000000002,1.0,22.853376489691335,-21.361357829346503,22.853376489691335,-21.361357829346503,2.343809150072741,0.03803380547278221,0.006772546560899967
4756.0,190.24,1.0,22.738950846630377,-21.483098908871902,22.738950846630377,-21.483098908871902,2.3484982755436024,0.041987706870552886,0.0003942343039194312
4757.0,190.28,1.0,22.62468070018529,-21.602827734758005,22.62468070018529,-21.602827734758005,2.3532303183078467,0.04545474594272434,-0.00591239142067618
4758.0,190.32,1.0,22.510494493716102,-21.725537792520747,22.510494493716102,-21.725537792520747,2.358010003125417,0.04838719525091868,-0.011994046313433369
4759.0,190.36,1.0,22.39556291785787,-21.84769932173685,22.39556291785787,-21.84769932173685,2.3628401451287884,0.05073515825725598,-0.017703082311032913
4760.0,190.4,1.0,22.279085126455303,-21.969489741777892,22.279085126455303,-21.969489741777892,2.367720534201333,0.05244260513526637,-0.02290079661607631
4761.0,190.44,1.0,22.161336547546362,-22.090905980444006,22.161336547546362,-22.090905980444006,2.372650224199887,0.05343721784028706,-0.027461209874359033
4762.0,190.48,1.0,22.04485637418272,-22.208083761086364,22.04485637418272,-22.208083761086364,2.377625826752709,0.0536639590488502,-0.03127372283387091
4763.0,190.52,1.0,21.925141689812726,-22.323910105953818,21.925141689812726,-22.323910105953818,2.3826421205195683,0.05307994203549786,-0.03424619931532984
4764.0,190.56,1.0,21.805114956267932,-22.437181809058337,21.805114956267932,-22.437181809058337,2.3876929295426406,0.05164922903406817,-0.03630692558794038
4765.0,190.6,1.0,21.68556010887201,-22.550741164167135,21.68556010887201,-22.550741164167135,2.3927718435757903,0.04933314994809777,-0.03740635318341578
4766.0,190.64000000000001,1.0,21.56879403721924,-22.662040343292766,21.56879403721924,-22.662040343292766,2.3978742206542463,0.04611749655532558,-0.03751744278936581
4767.0,190.68,1.0,21.44853430869606,-22.773954707219602,21.44853430869606,-22.773954707219602,2.4029949593855013,0.0420175784201817,-0.03663713889136207
4768.0,190.72,1.0,21.327936260196672,-22.885786107828032,21.327936260196672,-22.885786107828032,2.408130992144222,0.03708070877989918,-0.03478687972854135
4769.0,190.76,1.0,21.205595222949533,-22.993928617132806,21.205595222949533,-22.993928617132806,2.413277839582631,0.031355624363663126,-0.03201179604517419
4770.0,190.8,1.0,21.08473888518536,-23.100084503096973,21.08473888518536,-23.100084503096973,2.4184307361397623,0.02492267902046179,-0.028379841434391782
4771.0,190.84,1.0,20.96407918875035,-23.203513947358836,20.96407918875035,-23.203513947358836,2.423584323306235,0.01788509138773666,-0.023980593559818592
4772.0,190.88,1.0,20.84277886091716,-23.30469287629287,20.84277886091716,-23.30469287629287,2.428732077332909,0.010380956094675953,-0.0189232500525016
4773.0,190.92000000000002,1.0,20.71984021245268,-23.408675666820283,20.71984021245268,-23.408675666820283,2.433868160881945,0.0025463255419002407,-0.013334314055085686
4774.0,190.96,1.0,20.596103156460455,-23.509040781274827,20.596103156460455,-23.509040781274827,2.4389874992750498,-0.005468195540412668,-0.007354365360060643
4775.0,191.0,1.0,20.471224670542533,-23.611057601790566,20.471224670542533,-23.611057601790566,2.4440871603399867,-0.013509690268505903,-0.0011346891641550714
4776.0,191.04,1.0,20.344441667859048,-23.71105666804122,20.344441667859048,-23.71105666804122,2.4491648230693235,-0.021407674181954883,0.005167122608195758
4777.0,191.08,1.0,20.214747937092056,-23.814224623263485,20.214747937092056,-23.814224623263485,2.4542175786822726,-0.02899926189211919,0.011390212809686067
4778.0,191.12,1.0,20.08530959951513,-23.911761167718385,20.08530959951513,-23.911761167718385,2.4592421985890374,-0.03613710537228745,0.017375662294379195
4779.0,191.16,1.0,19.95315937004643,-24.012179839140543,19.95315937004643,-24.012179839140543,2.464231915028949,-0.042696075043485646,0.022970564460251194
4780.0,191.20000000000002,1.0,19.823519025406384,-24.10844445624631,19.823519025406384,-24.10844445624631,2.469180653760417,-0.04855491837438244,0.02803225346915786
4781.0,191.24,1.0,19.693994982530693,-24.204444815320883,19.693994982530693,-24.204444815320883,2.47408127508848,-0.05361983712143652,0.032431547942800246
4782.0,191.28,1.0,19.563841177796157,-24.300728570496563,19.563841177796157,-24.300728570496563,2.4789282443994725,-0.05782394314620294,0.036056983149393144
4783.0,191.32,1.0,19.43159068037693,-24.398782637761336,19.43159068037693,-24.398782637761336,2.483717209510912,-0.06113453278858141,0.03881820876278893
4784.0,191.36,1.0,19.300535229528908,-24.496702384892497,19.300535229528908,-24.496702384892497,2.4884443062356185,-0.06353005653446689,0.04064883235726164
4785.0,191.4,1.0,19.16918863286128,-24.59511511105378,19.16918863286128,-24.59511511105378,2.493106595860732,-0.06502261432889837,0.04150844298150698
4786.0,191.44,1.0,19.03750280761503,-24.692995107051466,19.03750280761503,-24.692995107051466,2.4976993707285344,-0.06563824115809584,0.04138378343281309
4787.0,191.48000000000002,1.0,18.905556986845863,-24.792256539596423,18.905556986845863,-24.792256539596423,2.502218522671602,-0.0654391219565486,0.04028891308818343
4788.0,191.52,1.0,18.773062472458953,-24.891349675203255,18.773062472458953,-24.891349675203255,2.506658575988294,-0.06451032203609794,0.03826539950990079
4789.0,191.56,1.0,18.638701023283197,-24.991934003729856,18.638701023283197,-24.991934003729856,2.51101593665034,-0.06295799165652612,0.0353801788484497
4790.0,191.6,1.0,18.50218654285783,-25.09250682375184,18.50218654285783,-25.09250682375184,2.5152906164858706,-0.060897174136543074,0.0317236362998012
4791.0,191.64000000000001,1.0,18.36391676105885,-25.195795114255443,18.36391676105885,-25.195795114255443,2.519485494795799,-0.058461962280253445,0.027406350157367393
4792.0,191.68,1.0,18.225724269027094,-25.296866687327555,18.225724269027094,-25.296866687327555,2.5236074463057605,-0.05578681541877746,0.022556839817505274
4793.0,191.72,1.0,18.088065545463927,-25.396422039693572,18.088065545463927,-25.396422039693572,2.52766505469017,-0.052995659365116896,0.01731682799276303
4794.0,191.76,1.0,17.95026762131412,-25.498156759333746,17.95026762131412,-25.498156759333746,2.5316689475413217,-0.050205119517997845,0.011836995994652154
4795.0,191.8,1.0,17.814227857899134,-25.598933145189186,17.814227857899134,-25.598933145189186,2.5356312153837566,-0.04752209002094474,0.006272033629987017
4796.0,191.84,1.0,17.679221601958183,-25.69771594029421,17.679221601958183,-25.69771594029421,2.5395638438952703,-0.04502981491671332,0.0007763171628876332
4797.0,191.88,1.0,17.545948882682424,-25.793309561474324,17.545948882682424,-25.793309561474324,2.5434799788870275,-0.04280012069238741,-0.004501114820575745
4798.0,191.92000000000002,1.0,17.40832182866721,-25.889111974573478,17.40832182866721,-25.889111974573478,2.547391715376931,-0.040878464909720226,-0.009421480651708457
4799.0,191.96,1.0,17.2724005781488,-25.98263557441382,17.2724005781488,-25.98263557441382,2.551313752208228,-0.03927840729290002,-0.013860891855754561
4800.0,192.0,1.0,17.13445482666397,-26.076950673620633,17.13445482666397,-26.076950673620633,2.5552600494117046,-0.03798099104969066,-0.017713408221226832
4801.0,192.04,1.0,16.994588027172636,-26.172608576590704,16.994588027172636,-26.172608576590704,2.559244217147237,-0.036958717867319524,-0.020893759549851197
4802.0,192.08,1.0,16.853213028345493,-26.268657870443366,16.853213028345493,-26.268657870443366,2.563278480385417,-0.03616474951509487,-0.023339308420505234
4803.0,192.12,1.0,16.713368032847818,-26.361898057126552,16.713368032847818,-26.361898057126552,2.56737338409648,-0.03553566416937861,-0.02501249258685479
4804.0,192.16,1.0,16.57169882631066,-26.454622156896004,16.57169882631066,-26.454622156896004,2.571538290682879,-0.03500113146575583,-0.02590076710182862
4805.0,192.20000000000002,1.0,16.426262601335882,-26.548978090823834,16.426262601335882,-26.548978090823834,2.5757800245218383,-0.03447278215207215,-0.02601629361738412
4806.0,192.24,1.0,16.279853130442437,-26.642407633370244,16.279853130442437,-26.642407633370244,2.580103149786828,-0.03385711812256616,-0.025394643360004694
4807.0,192.28,1.0,16.133592460889105,-26.730919597016474,16.133592460889105,-26.730919597016474,2.584510449540347,-0.03306391757587994,-0.024094046130004935
4808.0,192.32,1.0,15.987873538217155,-26.817987074346842,15.987873538217155,-26.817987074346842,2.589003700035854,-0.0320058534811785,-0.022192555645397342
4809.0,192.36,1.0,15.843314100913764,-26.903676291046317,15.843314100913764,-26.903676291046317,2.5935850577955475,-0.030601765810717562,-0.019784238589559435
4810.0,192.4,1.0,15.70054539373929,-26.98907872536836,15.70054539373929,-26.98907872536836,2.59825403426073,-0.02879471532033806,-0.016975101343338295
4811.0,192.44,1.0,15.555415410996494,-27.075008827407267,15.555415410996494,-27.075008827407267,2.6030094419339216,-0.026546299763485725,-0.013879828305947
4812.0,192.48000000000002,1.0,15.409773054352106,-27.16003161325599,15.409773054352106,-27.16003161325599,2.6078470197809596,-0.023815563914010917,-0.010617799058925997
4813.0,192.52,1.0,15.262127239912889,-27.246201765976746,15.262127239912889,-27.246201765976746,2.6127598991499545,-0.020571241555460817,-0.007308603972937597
4814.0,192.56,1.0,15.1144805482996,-27.329645736382115,15.1144805482996,-27.329645736382115,2.6177380844574185,-0.0168118130620301,-0.004066948215752746
4815.0,192.6,1.0,14.964178255548228,-27.412493600877582,14.964178255548228,-27.412493600877582,2.6227680962100024,-0.012562753280006111,-0.000999270339892104
4816.0,192.64000000000001,1.0,14.81370137495862,-27.49466168301643,14.81370137495862,-27.49466168301643,2.627835329910094,-0.0078730953206811,0.0017988068664586104
4817.0,192.68,1.0,14.660597830602148,-27.5775537027631,14.660597830602148,-27.5775537027631,2.6329243824834085,-0.0028104972570767383,0.004245165658385886
4818.0,192.72,1.0,14.506388166717835,-27.662613139915873,14.506388166717835,-27.662613139915873,2.638021648162405,0.002543644254243094,0.006274572860508185
4819.0,192.76,1.0,14.35060911956831,-27.746811429878512,14.35060911956831,-27.746811429878512,2.643113313283742,0.008097935474425277,0.007840250735321411
4820.0,192.8,1.0,14.195782811391922,-27.82772538913439,14.195782811391922,-27.82772538913439,2.6481855347422596,0.013743664878969808,0.008913806333957833
4821.0,192.84,1.0,14.043246995222214,-27.910192381814888,14.043246995222214,-27.910192381814888,2.653226464506499,0.019376003074348634,0.009485098236202815
4822.0,192.88,1.0,13.891405592339632,-27.99054105095157,13.891405592339632,-27.99054105095157,2.6582245267866016,0.024883596495087403,0.009562547567508963
4823.0,192.92000000000002,1.0,13.740235662470727,-28.07153236499382,13.740235662470727,-28.07153236499382,2.6631717976118874,0.03014327254945879,0.00917190352649977
4824.0,192.96,1.0,13.58849395648098,-28.152252364870073,13.58849395648098,-28.152252364870073,2.668063347151472,0.03502979526933707,0.008353516169656868
4825.0,193.0,1.0,13.439665676688199,-28.229161280795438,13.439665676688199,-28.229161280795438,2.672899013846824,0.03943940622043494,0.007158758540538682
4826.0,193.04,1.0,13.28711775156248,-28.307624823583346,13.28711775156248,-28.307624823583346,2.677684692420104,0.043282985819663035,0.005647616332771671
4827.0,193.08,1.0,13.138114146805748,-28.384352525258283,13.138114146805748,-28.384352525258283,2.6824306364592596,0.046470467652711275,0.0038866657816890955
4828.0,193.12,1.0,12.988361846059345,-28.460500280995554,12.988361846059345,-28.460500280995554,2.68715154157145,0.048919801034545095,0.001946230398405311
4829.0,193.16,1.0,12.838866252804007,-28.53517322915824,12.838866252804007,-28.53517322915824,2.6918619200709255,0.05056685351398553,-0.00010407879078644447
4830.0,193.20000000000002,1.0,12.687570457563542,-28.610597840192007,12.687570457563542,-28.610597840192007,2.696578886257289,0.05136257258050383,-0.0021983808607895475
4831.0,193.24,1.0,12.532748421979003,-28.683700233399357,12.532748421979003,-28.683700233399357,2.701319913646336,0.0512803742587681,-0.004275785840930105
4832.0,193.28,1.0,12.377897434950057,-28.757033261899426,12.377897434950057,-28.757033261899426,2.7061026912129185,0.050306682316996934,-0.0062824450536768505
4833.0,193.32,1.0,12.223619753434823,-28.82781006795138,12.223619753434823,-28.82781006795138,2.7109461143663807,0.04844604273914184,-0.008173879675773184
4834.0,193.36,1.0,12.06782735342814,-28.899633168961024,12.06782735342814,-28.899633168961024,2.715867368595377,0.04572773250172359,-0.009916511309673432
4835.0,193.4,1.0,11.913419758080881,-28.970049431657202,11.913419758080881,-28.970049431657202,2.720883167388788,0.04220715970793236,-0.011487151099791324
4836.0,193.44,1.0,11.760819502854002,-29.039709047791785,11.760819502854002,-29.039709047791785,2.7260068569773668,0.037949373268979444,-0.012872019391651977
4837.0,193.48000000000002,1.0,11.60700972243118,-29.109340354634913,11.60700972243118,-29.109340354634913,2.7312475188410947,0.03304624096117108,-0.01406651826670735
4838.0,193.52,1.0,11.454712614543057,-29.172297888839374,11.454712614543057,-29.172297888839374,2.736608894623312,0.027622030826392675,-0.015074598915629192
4839.0,193.56,1.0,11.304245286864298,-29.235645276139326,11.304245286864298,-29.235645276139326,2.7420901726679108,0.021820807487604954,-0.01590731629592221
4840.0,193.6,1.0,11.15432599989623,-29.300857824655946,11.15432599989623,-29.300857824655946,2.7476887467215447,0.015789004639614877,-0.01657913562860771
4841.0,193.64000000000001,1.0,11.003197479746806,-29.363453538090624,11.003197479746806,-29.363453538090624,2.753397903585968,0.009687364255460351,-0.01710578208171016
4842.0,193.68,1.0,10.85179667238834,-29.426412323231983,10.85179667238834,-29.426412323231983,2.7592095236036145,0.0036910165673969654,-0.017503454878074847
4843.0,193.72,1.0,10.69887582512204,-29.487565794243928,10.69887582512204,-29.487565794243928,2.7651122439125455,-0.0020219174725812474,-0.017787113162514603
4844.0,193.76,1.0,10.546085002887764,-29.548229207360453,10.546085002887764,-29.548229207360453,2.7710917239098882,-0.007271840729052137,-0.017968021581303277
4845.0,193.8,1.0,10.392171713351214,-29.609885890652446,10.392171713351214,-29.609885890652446,2.7771320738646135,-0.011890165006497266,-0.01805161608043664
4846.0,193.84,1.0,10.239104523481943,-29.668374708588736,10.239104523481943,-29.668374708588736,2.7832142490617207,-0.01572458478624881,-0.018037542280260728
4847.0,193.88,1.0,10.082255868670531,-29.728598733211335,10.082255868670531,-29.728598733211335,2.789318946889968,-0.018631358439243195,-0.017919722865042727
4848.0,193.92000000000002,1.0,9.922339039837537,-29.787582522014077,9.922339039837537,-29.787582522014077,2.795426205561265,-0.02048639754971422,-0.017686465152229613
4849.0,193.96,1.0,9.762223738375528,-29.84670031235054,9.762223738375528,-29.84670031235054,2.801520383136046,-0.021193537354805957,-0.01732051899260543
4850.0,194.0,1.0,9.601042915814054,-29.902016380786442,9.601042915814054,-29.902016380786442,2.807587284258062,-0.0206811312100595,-0.016800568580196327
4851.0,194.04,1.0,9.4431292480371,-29.958899984821812,9.4431292480371,-29.958899984821812,2.8136156373260133,-0.01889702535856972,-0.016104166143834465
4852.0,194.08,1.0,9.285606084068046,-30.013428358688873,9.285606084068046,-30.013428358688873,2.8195972832899856,-0.01583506262668486,-0.015209692754329766
4853.0,194.12,1.0,9.12695347994324,-30.067999872588388,9.12695347994324,-30.067999872588388,2.8255259948116374,-0.011533996222877718,-0.014097762802859057
4854.0,194.16,1.0,8.967570700675754,-30.120520666023786,8.967570700675754,-30.120520666023786,2.8313996776261776,-0.006060642923013493,-0.01275309211998434
4855.0,194.20000000000002,1.0,8.808676013887041,-30.17179830804556,8.808676013887041,-30.17179830804556,2.8372198372079183,0.0004906572383735819,-0.011167717727326259
4856.0,194.24,1.0,8.642607395472822,-30.22221729866977,8.642607395472822,-30.22221729866977,2.842991419097456,0.007995793106387362,-0.009343573793658983
4857.0,194.28,1.0,8.479534015181814,-30.269631565683397,8.479534015181814,-30.269631565683397,2.8487240679512156,0.01629748756102136,-0.007293183003777355
4858.0,194.32,1.0,8.31583770579152,-30.318025396897603,8.31583770579152,-30.318025396897603,2.854430067167404,0.025208999483926697,-0.005040383841444135
4859.0,194.36,1.0,8.152000038856697,-30.364294252563703,8.152000038856697,-30.364294252563703,2.860124750777239,0.03451369250112422,-0.0026203735051529018
4860.0,194.4,1.0,7.986982342439712,-30.40983054749637,7.986982342439712,-30.40983054749637,2.865821227157761,0.043983962663059484,-8.058120718433537e-05
4861.0,194.44,1.0,7.822184066178167,-30.452840405128416,7.822184066178167,-30.452840405128416,2.871533423144114,0.05337979026471953,0.0025209596235477925
4862.0,194.48000000000002,1.0,7.656815792603881,-30.495128704649677,7.656815792603881,-30.495128704649677,2.8772722724511977,0.062456451488634566,0.005117693497306086
4863.0,194.52,1.0,7.489695218549296,-30.535793919513033,7.489695218549296,-30.535793919513033,2.8830465619567613,0.0709855551461665,0.00763695491897457
4864.0,194.56,1.0,7.323726644883526,-30.5762667961379,7.323726644883526,-30.5762667961379,2.888862643691758,0.07875677720229414,0.010002144381333795
4865.0,194.6,1.0,7.157413546660644,-30.61403584079822,7.157413546660644,-30.61403584079822,2.8947225119575135,0.08556928968205793,0.012135881752612354
4866.0,194.64000000000001,1.0,6.995159492092556,-30.652232570570497,6.995159492092556,-30.652232570570497,2.9006248043215956,0.09124026043198313,0.013964067128994239
4867.0,194.68,1.0,6.831446386444928,-30.689502796231928,6.831446386444928,-30.689502796231928,2.906564549178785,0.09562659474576353,0.015420019197944206
4868.0,194.72,1.0,6.6719933993875555,-30.726751491170234,6.6719933993875555,-30.726751491170234,2.912533241734399,0.09862749432690855,0.016447233567244625
4869.0,194.76,1.0,6.510167110429575,-30.761862866918626,6.510167110429575,-30.761862866918626,2.918519119471589,0.10018161470229173,0.01700225062387315
4870.0,194.8,1.0,6.351562626817055,-30.799184360300508,6.351562626817055,-30.799184360300508,2.9245081032855214,0.10026487652396283,0.0170568781040243
4871.0,194.84,1.0,6.192310558270863,-30.832576606516803,6.192310558270863,-30.832576606516803,2.930485689414724,0.09888800656592894,0.016601318271520386
4872.0,194.88,1.0,6.033597379969293,-30.86636450612833,6.033597379969293,-30.86636450612833,2.936435484429503,0.09611007262162324,0.015644630308233376
4873.0,194.92000000000002,1.0,5.873044945974172,-30.899072329686724,5.873044945974172,-30.899072329686724,2.9423428401425165,0.09203243803441694,0.014215031922561017
4874.0,194.96,1.0,5.7131631846306465,-30.932493956790466,5.7131631846306465,-30.932493956790466,2.94819455622519,0.08679400061671737,0.01235887573105295
4875.0,195.0,1.0,5.5524313366964435,-30.96562923618111,5.5524313366964435,-30.96562923618111,2.953980174795716,0.08056379423718475,0.010140021093984508
4876.0,195.04,1.0,5.39840275748249,-30.998210257662254,5.39840275748249,-30.998210257662254,2.959693637740171,0.07354803682015357,0.007636981730660154
4877.0,195.08,1.0,5.2432131686551475,-31.02886908762744,5.2432131686551475,-31.02886908762744,2.965331774357301,0.06597779988417882,0.004940101941767835
4878.0,195.12,1.0,5.089192528303573,-31.058773924849437,5.089192528303573,-31.058773924849437,2.97089535785364,0.05808689323613621,0.0021472355320819596
4879.0,195.16,1.0,4.934303558855212,-31.087329486835273,4.934303558855212,-31.087329486835273,2.9763884774282268,0.05011244422794577,-0.0006395375163320346
4880.0,195.20000000000002,1.0,4.778351868653598,-31.114754793477452,4.778351868653598,-31.114754793477452,2.9818195489803268,0.04228970535204315,-0.003317888759856294
4881.0,195.24,1.0,4.621982470938105,-31.141820071828853,4.621982470938105,-31.141820071828853,2.9871994784514437,0.034856825638626424,-0.005788912010074282
4882.0,195.28,1.0,4.464904474732405,-31.167212146388437,4.464904474732405,-31.167212146388437,2.9925414965466093,0.02803397733873676,-0.007962455088891169
4883.0,195.32,1.0,4.310227250025294,-31.192922072927637,4.310227250025294,-31.192922072927637,2.9978619379218325,0.022008734247498517,-0.009760337552570029
4884.0,195.36,1.0,4.152454943876358,-31.214526353617106,4.152454943876358,-31.214526353617106,3.0031768707153277,0.016933174262758876,-0.011119735528734605
4885.0,195.4,1.0,3.9959277032022222,-31.236289251231216,3.9959277032022222,-31.236289251231216,3.0085026427216826,0.012930171256655498,-0.0119948561218996
4886.0,195.44,1.0,3.8357998006073784,-31.25611020676008,3.8357998006073784,-31.25611020676008,3.013853200823999,0.010086073536026263,-0.012359198081883804
4887.0,195.48000000000002,1.0,3.6780153199242385,-31.275680037262664,3.6780153199242385,-31.275680037262664,3.019239601597545,0.008436486136120313,-0.012205417929416623
4888.0,195.52,1.0,3.5180409546822724,-31.294320759370578,3.5180409546822724,-31.294320759370578,3.02467087223465,0.007968802919631946,-0.011545649730753381
4889.0,195.56,1.0,3.3607474728313633,-31.313235910055973,3.3607474728313633,-31.313235910055973,3.030152378559529,0.008629883851720244,-0.010409757623153612
4890.0,195.6,1.0,3.1992430110538495,-31.329877212932978,3.1992430110538495,-31.329877212932978,3.035685975952048,0.010332733994409182,-0.00884420225878647
4891.0,195.64000000000001,1.0,3.037562120216495,-31.343750616083856,3.037562120216495,-31.343750616083856,3.041268217841565,0.012955251024607206,-0.00690959188699128
4892.0,195.68,1.0,2.873259483699072,-31.357696647286836,2.873259483699072,-31.357696647286836,3.0468922303988846,0.01633606348083234,-0.004678371227369795
4893.0,195.72,1.0,2.711099637011576,-31.369076107495268,2.711099637011576,-31.369076107495268,3.0525474680419564,0.020296322245090502,-0.002229742718683855
4894.0,195.76,1.0,2.549343130529622,-31.381773448776283,2.549343130529622,-31.381773448776283,3.0582192277609304,0.024644876982286422,0.00035370022500376684
4895.0,195.8,1.0,2.3868559170516894,-31.39165773358847,2.3868559170516894,-31.39165773358847,3.0638914488105184,0.02918402572301887,0.002989878990672133
4896.0,195.84,1.0,2.2234153338488882,-31.40124880091283,2.2234153338488882,-31.40124880091283,3.069546063683473,0.033696275212398444,0.005599725707738857
4897.0,195.88,1.0,2.061279820703811,-31.410312902737196,2.061279820703811,-31.410312902737196,3.075165876242549,0.03796976384458088,0.008110907551712716
4898.0,195.92000000000002,1.0,1.9011835165010602,-31.420439878454147,1.9011835165010602,-31.420439878454147,3.0807340779829593,0.04181015538212883,0.010460111828318588
4899.0,195.96,1.0,1.7422109375641068,-31.429006176155063,1.7422109375641068,-31.429006176155063,3.0862333090691565,0.04504711094334719,0.012595833158223102
4900.0,196.0,1.0,1.5824176623886843,-31.438226393445962,1.5824176623886843,-31.438226393445962,3.0916475170361215,0.04753343710149557,0.01447905595886309
4901.0,196.04,1.0,1.4252952757934616,-31.444509471806935,1.4252952757934616,-31.444509471806935,3.096960759569342,0.04914192075564805,0.016084083171560817
4902.0,196.08,1.0,1.2682067807518531,-31.452323983625188,1.2682067807518531,-31.452323983625188,3.1021616857703087,0.0497783120636955,0.017398358786332953
4903.0,196.12,1.0,1.1105266627149073,-31.456420901736692,1.1105266627149073,-31.456420901736692,3.1072410233506735,0.04939063877968294,0.018422501812866632
4904.0,196.16,1.0,0.9540772872611083,-31.461926963511537,0.9540772872611083,-31.461926963511537,3.112194290425064,0.04795831810728692,0.019167714292490194
4905.0,196.20000000000002,1.0,0.796412941100301,-31.46476348262332,0.796412941100301,-31.46476348262332,3.117020512427522,0.04548574838841894,0.019654238341181664
4906.0,196.24,1.0,0.6395744993004641,-31.467711876978,0.6395744993004641,-31.467711876978,3.1217221461328593,0.04200515638802961,0.019909481334741765
4907.0,196.28,1.0,0.48150550301063333,-31.46968282226365,0.48150550301063333,-31.46968282226365,3.1263045093927024,0.03758716415470235,0.019966590000692626
4908.0,196.32,1.0,0.32483474746615665,-31.47131380734217,0.32483474746615665,-31.47131380734217,3.1307743490257045,0.03232040655694342,0.019861215288991187
4909.0,196.36,1.0,0.16580072392291162,-31.471272492911748,0.16580072392291162,-31.471272492911748,3.135139568063872,0.026312785981573595,0.01962882884650898
4910.0,196.4,1.0,0.009719730927165205,-31.47112562303863,0.009719730927165205,-31.47112562303863,3.1394110808851123,0.019686037923484168,0.019301843674830038
4911.0,196.44,1.0,-0.14668116393375658,-31.470465004712526,-0.14668116393375658,-31.470465004712526,3.1436007897620755,0.012581103894036282,0.018908341801896166
4912.0,196.48000000000002,1.0,-0.3016710408662379,-31.46944039251113,-0.3016710408662379,-31.46944039251113,3.1477248342333537,0.005146132017475746,0.01847093968875512
4913.0,196.52,1.0,-0.4556848329517038,-31.46839126903984,-0.4556848329517038,-31.46839126903984,3.1517974968335034,-0.0024707473762697442,0.0180055297877236
4914.0,196.56,1.0,-0.6090208660077856,-31.46565144350476,-0.6090208660077856,-31.46565144350476,3.1558345263472694,-0.010136393468299776,0.017520010235194415
4915.0,196.6,1.0,-0.761822430821361,-31.463985652577968,-0.761822430821361,-31.463985652577968,3.159848252018375,-0.01772443239288337,0.017014843978199162
4916.0,196.64000000000001,1.0,-0.9149555315073201,-31.461000374828377,-0.9149555315073201,-31.461000374828377,3.163850397952857,-0.02510909786815031,0.01648367747293858
4917.0,196.68,1.0,-1.0690035523894794,-31.455985303504143,-1.0690035523894794,-31.455985303504143,3.1678504292616596,-0.032176973546480823,0.015913692205438337
4918.0,196.72,1.0,-1.2243036038892186,-31.4483965262502,-1.2243036038892186,-31.4483965262502,3.17185597659322,-0.03883271136599168,0.015286147508982764
4919.0,196.76,1.0,-1.3810599390234386,-31.441290577087386,-1.3810599390234386,-31.441290577087386,3.175873830906847,-0.04499288702102762,0.01457840873990148
4920.0,196.8,1.0,-1.5371165558752495,-31.43172560548847,-1.5371165558752495,-31.43172560548847,3.1799098477926533,-0.050591801953794625,0.013765990363465897
4921.0,196.84,1.0,-1.6961921492817535,-31.426329735969194,-1.6961921492817535,-31.426329735969194,3.1839691961011316,-0.05557912254763281,0.01282415747091333
4922.0,196.88,1.0,-1.8564833862183767,-31.417707750610873,-1.8564833862183767,-31.417707750610873,3.1880563967917412,-0.059924151975904894,0.011729373781670499
4923.0,196.92000000000002,1.0,-2.015416888824914,-31.410788481233528,-2.015416888824914,-31.410788481233528,3.1921734965947954,-0.0636016563322548,0.010460448008526382
4924.0,196.96,1.0,-2.175259075572333,-31.403072309905532,-2.175259075572333,-31.403072309905532,3.1963235618394794,-0.06659922271381614,0.009000654228695035
4925.0,197.0,1.0,-2.3337201655527116,-31.395486288343694,-2.3337201655527116,-31.395486288343694,3.200508862559687,-0.06890579439378972,0.007339048671396989
4926.0,197.04,1.0,-2.4925203703518126,-31.387238055748163,-2.4925203703518126,-31.387238055748163,3.204733576549761,-0.07052337781690032,0.0054709348474526855
4927.0,197.08,1.0,-2.650147953163343,-31.37905565396614,-2.650147953163343,-31.37905565396614,3.209002321409172,-0.0714647961027412,0.0033974775930124142
4928.0,197.12,1.0,-2.8107461737792176,-31.36965041050007,-2.8107461737792176,-31.36965041050007,3.2133204818941663,-0.07174575352525912,0.0011263973980539122
4929.0,197.16,1.0,-2.9699058273000123,-31.36037830622393,-2.9699058273000123,-31.36037830622393,3.2176958566715674,-0.07138004081611342,-0.0013277376086455028
4930.0,197.20000000000002,1.0,-3.132408272730486,-31.347995724071836,-3.132408272730486,-31.347995724071836,3.2221373455183864,-0.07038583947589143,-0.003943951927665314
4931.0,197.24,1.0,-3.2923080516193606,-31.33793524124735,-3.2923080516193606,-31.33793524124735,3.226657365557654,-0.06878115503823824,-0.0066957543524027215
4932.0,197.28,1.0,-3.4527972890016705,-31.325267034278074,-3.4527972890016705,-31.325267034278074,3.2312675434693596,-0.06658625377908253,-0.009551426592187143
4933.0,197.32,1.0,-3.612897284299821,-31.312324377279953,-3.612897284299821,-31.312324377279953,3.235980751812342,-0.06383077012136627,-0.012475019354233887
4934.0,197.36,1.0,-3.7746728701706083,-31.296852868366308,-3.7746728701706083,-31.296852868366308,3.240809207126077,-0.060552972079393017,-0.015427189283391022
4935.0,197.4,1.0,-3.9345205516455133,-31.28195311393761,-3.9345205516455133,-31.28195311393761,3.2457641222335303,-0.056794203783817845,-0.0183667763475846
4936.0,197.44,1.0,-4.098330941245395,-31.265079199183937,-4.098330941245395,-31.265079199183937,3.250854473326661,-0.05259895490938162,-0.021251037449028492
4937.0,197.48000000000002,1.0,-4.2618826020358345,-31.24877845353516,-4.2618826020358345,-31.24877845353516,3.256087187586169,-0.04801320715539481,-0.024036375387466478
4938.0,197.52,1.0,-4.425960337370115,-31.233175672480588,-4.425960337370115,-31.233175672480588,3.2614666886277552,-0.04308706749150396,-0.02667837881605602
4939.0,197.56,1.0,-4.5901360921638625,-31.21661820026871,-4.5901360921638625,-31.21661820026871,3.2669958170995144,-0.03787827441747318,-0.029133530595710944
4940.0,197.6,1.0,-4.753201310246705,-31.1998557903453,-4.753201310246705,-31.1998557903453,3.2726736687703286,-0.03245243647634599,-0.031359652171043896
4941.0,197.64000000000001,1.0,-4.916507623980173,-31.178908709631905,-4.916507623980173,-31.178908709631905,3.2784959614581246,-0.02687440324446775,-0.033316227643571755
4942.0,197.68,1.0,-5.080010974789488,-31.15800169268787,-5.080010974789488,-31.15800169268787,3.284452261041232,-0.021210663396911245,-0.03496426744020855
4943.0,197.72,1.0,-5.24260296785044,-31.136470959259828,-5.24260296785044,-31.136470959259828,3.2905297779186897,-0.015534678537678625,-0.03626696728355088
4944.0,197.76,1.0,-5.40768577048121,-31.113880854297424,-5.40768577048121,-31.113880854297424,3.2967124514068944,-0.00991267522442869,-0.03719006385677677
4945.0,197.8,1.0,-5.571200842005654,-31.09065829155846,-5.571200842005654,-31.09065829155846,3.3029828542256885,-0.004411889547141312,-0.03770222763571318
4946.0,197.84,1.0,-5.734158244121563,-31.066875822171035,-5.734158244121563,-31.066875822171035,3.3093229814786618,0.0009035357759779372,-0.0377755801505555
4947.0,197.88,1.0,-5.897384205996027,-31.037420372528192,-5.897384205996027,-31.037420372528192,3.3157152237806216,0.005967956334191715,-0.03738708082344491
4948.0,197.92000000000002,1.0,-6.058299722712879,-31.008134768428288,-6.058299722712879,-31.008134768428288,3.322143043134308,0.010726364125702003,-0.03651908870435726
4949.0,197.96,1.0,-6.221326684482078,-30.978759747480932,-6.221326684482078,-30.978759747480932,3.3285908933515236,0.015124941143957016,-0.03515975311390653
4950.0,198.0,1.0,-6.383871487969759,-30.95087007883442,-6.383871487969759,-30.95087007883442,3.3350432318665093,0.019127481604332197,-0.033302561023651575
4951.0,198.04,1.0,-6.546218031695075,-30.92099139513158,-6.546218031695075,-30.92099139513158,3.3414848413401295,0.02269570190112642,-0.030948179773125327
4952.0,198.08,1.0,-6.705878939207328,-30.889133356541077,-6.705878939207328,-30.889133356541077,3.3479019229784854,0.02580002410181357,-0.02810600366762033
4953.0,198.12,1.0,-6.866514266521511,-30.855243144634347,-6.866514266521511,-30.855243144634347,3.3542832584652715,0.028410529880270884,-0.024795702136048592
4954.0,198.16,1.0,-7.024142667969587,-30.820084466995674,-7.024142667969587,-30.820084466995674,3.360619660688183,0.030519760617936643,-0.0210471469204356
4955.0,198.20000000000002,1.0,-7.185196222956837,-30.78192755669455,-7.185196222956837,-30.78192755669455,3.366902986196215,0.032125908314133554,-0.016900944446503644
4956.0,198.24,1.0,-7.340756514620281,-30.74445424657763,-7.340756514620281,-30.74445424657763,3.3731276408675335,0.0332315436513936,-0.012408771382273294
4957.0,198.28,1.0,-7.498263927642801,-30.70452623104463,-7.498263927642801,-30.70452623104463,3.379287976081595,0.03383735947996378,-0.007633227538318031
4958.0,198.32,1.0,-7.652613923226691,-30.664066157278533,-7.652613923226691,-30.664066157278533,3.3853815778239236,0.03394996870159885,-0.002646851299153603
4959.0,198.36,1.0,-7.808282300134681,-30.620707444877212,-7.808282300134681,-30.620707444877212,3.3914061419635844,0.03357594951693608,0.002468853814288546
4960.0,198.4,1.0,-7.964546724029877,-30.57519750831417,-7.964546724029877,-30.57519750831417,3.397360441683361,0.032735101084282105,0.007623732854574333
4961.0,198.44,1.0,-8.121484600681077,-30.529318002669346,-8.121484600681077,-30.529318002669346,3.4032441845605548,0.03142860715251679,0.012719870775013886
4962.0,198.48000000000002,1.0,-8.275506835114491,-30.482398700456486,-8.275506835114491,-30.482398700456486,3.4090585329649286,0.02966598315852964,0.017654943389062688
4963.0,198.52,1.0,-8.431195066182358,-30.435328807893058,-8.431195066182358,-30.435328807893058,3.414805251078139,0.027445890198419788,0.022325402405724195
4964.0,198.56,1.0,-8.582898346931918,-30.386572047144444,-8.582898346931918,-30.386572047144444,3.420486056993789,0.0247750073082198,0.026629404145318815
4965.0,198.6,1.0,-8.73914208398755,-30.338659563357215,-8.73914208398755,-30.338659563357215,3.4261038053232205,0.021632612398512642,0.03046837759543296
4966.0,198.64000000000001,1.0,-8.893596518964173,-30.289978961342264,-8.893596518964173,-30.289978961342264,3.431663006570775,0.018000987141665425,0.0337505955190884
4967.0,198.68,1.0,-9.048328802704507,-30.243855670391145,-9.048328802704507,-30.243855670391145,3.437167275718329,0.013865941880922873,0.03639464746540966
4968.0,198.72,1.0,-9.201889611251223,-30.19632764286656,-9.201889611251223,-30.19632764286656,3.442621457168135,0.009233725052931607,0.03833317663010878
4969.0,198.76,1.0,-9.356364315854803,-30.145100614162818,-9.356364315854803,-30.145100614162818,3.4480252785934353,0.0041046937646111335,0.03951462816315805
4970.0,198.8,1.0,-9.50615834545741,-30.093181135100018,-9.50615834545741,-30.093181135100018,3.453377172107171,-0.001528483135512948,0.039905298849978274
4971.0,198.84,1.0,-9.656878492306864,-30.040948471176097,-9.656878492306864,-30.040948471176097,3.4586737819368616,-0.007674820361729795,0.03949186036654334
4972.0,198.88,1.0,-9.805874727493016,-29.98967311777411,-9.805874727493016,-29.98967311777411,3.4639115410430037,-0.014315220788656902,0.03828339427229746
4973.0,198.92000000000002,1.0,-9.955603475170744,-29.938333884639984,-9.955603475170744,-29.938333884639984,3.4690872707244287,-0.0214064041017721,0.036310830599051123
4974.0,198.96,1.0,-10.107045118722812,-29.88545652569751,-10.107045118722812,-29.88545652569751,3.474198035915342,-0.02889647901373995,0.033626261785810775
4975.0,199.0,1.0,-10.25517275291823,-29.834406110980268,-10.25517275291823,-29.834406110980268,3.47924278194199,-0.03673277555582886,0.0303024611816204
4976.0,199.04,1.0,-10.406340215316067,-29.78193984538591,-10.406340215316067,-29.78193984538591,3.4842190639222124,-0.04482770664709925,0.02643259242135773
4977.0,199.08,1.0,-10.555147210674026,-29.73203411339643,-10.555147210674026,-29.73203411339643,3.4891242855922124,-0.053085077267846656,0.022127139521383822
4978.0,199.12,1.0,-10.710035260337168,-29.678583996415,-10.710035260337168,-29.678583996415,3.4939552775550524,-0.06139545848087709,0.01751061244583084
4979.0,199.16,1.0,-10.863209484016755,-29.626166653675767,-10.863209484016755,-29.626166653675767,3.4987081814388192,-0.06966110543776331,0.012716509608222487
4980.0,199.20000000000002,1.0,-11.017151365514561,-29.572802773399975,-11.017151365514561,-29.572802773399975,3.5033842654024774,-0.0777499933476629,0.007884597586346773
4981.0,199.24,1.0,-11.172296863223007,-29.519048692849122,-11.172296863223007,-29.519048692849122,3.5079874700232674,-0.08550040979266782,0.003156573924119952
4982.0,199.28,1.0,-11.325432465789982,-29.463811035618853,-11.325432465789982,-29.463811035618853,3.5125249873791295,-0.09274083989552617,-0.0013287552931895061
4983.0,199.32,1.0,-11.479791196516793,-29.406816625966023,-11.479791196516793,-29.406816625966023,3.5170056475179345,-0.09931620224545035,-0.005441199306787014
4984.0,199.36,1.0,-11.629227952279683,-29.352894068456134,-11.629227952279683,-29.352894068456134,3.5214393080397217,-0.10509225400787607,-0.009062052245542107
4985.0,199.4,1.0,-11.779331294658453,-29.29511636849538,-11.779331294658453,-29.29511636849538,3.5258366960633816,-0.10991429548103251,-0.012087509937353899
4986.0,199.44,1.0,-11.928441415400638,-29.23522363381454,-11.928441415400638,-29.23522363381454,3.5302067129998327,-0.11362465183773292,-0.014432611074080634
4987.0,199.48000000000002,1.0,-12.080994032040273,-29.17272171644035,-12.080994032040273,-29.17272171644035,3.53455934955227,-0.11609143495277266,-0.016035551443753824
4988.0,199.52,1.0,-12.230484805187704,-29.10707421666091,-12.230484805187704,-29.10707421666091,3.5389027622359444,-0.11721957336408724,-0.016859506726463604
4989.0,199.56,1.0,-12.378679936992802,-29.043235011806228,-12.378679936992802,-29.043235011806228,3.5432472592331066,-0.11693292950002158,-0.016894441363457097
4990.0,199.6,1.0,-12.52797437635304,-28.97773867158723,-12.52797437635304,-28.97773867158723,3.547603727779073,-0.1151675740666996,-0.016156434365734048
4991.0,199.64000000000001,1.0,-12.68143178267188,-28.909024970865072,-12.68143178267188,-28.909024970865072,3.5519810190113468,-0.1119122204199875,-0.014688419356897839
4992.0,199.68,1.0,-12.83968421949272,-28.839106117232678,-12.83968421949272,-28.839106117232678,3.5563869030096433,-0.1072108366146401,-0.012559134172577365
4993.0,199.72,1.0,-12.998337420209882,-28.76855054386516,-12.998337420209882,-28.76855054386516,3.560827357105758,-0.10115191099523305,-0.00986125817515595
4994.0,199.76,1.0,-13.156637511292061,-28.696955290849417,-13.156637511292061,-28.696955290849417,3.5653079947894235,-0.09384095980100556,-0.006707303488188926
4995.0,199.8,1.0,-13.316072554949798,-28.623469270105794,-13.316072554949798,-28.623469270105794,3.569833372795771,-0.08541692554244514,-0.003227689320442965
4996.0,199.84,1.0,-13.473670262606314,-28.548226875793205,-13.473670262606314,-28.548226875793205,3.574407320496204,-0.07607770666881926,0.0004326039554695144
4997.0,199.88,1.0,-13.62934967747444,-28.471818115366403,-13.62934967747444,-28.471818115366403,3.5790349917335904,-0.06605725766093062,0.0041187913958042836
4998.0,199.92000000000002,1.0,-13.781373742388059,-28.39356535357241,-13.781373742388059,-28.39356535357241,3.583721098300206,-0.05559809718394104,0.007672035047155001
4999.0,199.96,1.0,-13.936848448267785,-28.317123068196736,-13.936848448267785,-28.317123068196736,3.5884745914175857,-0.044927191573156014,0.010934263657875205
5000.0,200.0,1.0,-14.090729077133426,-28.238610285343306,-14.090729077133426,-28.238610285343306,3.593303688259648,-0.03429566881738162,0.013753135417728221
5001.0,200.04,1.0,-14.24272685921118,-28.159907513287504,-14.24272685921118,-28.159907513287504,3.5982186209577067,-0.023963139629346576,0.015986738640778823
5002.0,200.08,1.0,-14.39517283192437,-28.081252611211255,-14.39517283192437,-28.081252611211255,3.603230460379785,-0.014173703799981086,0.01750818756621278
5003.0,200.12,1.0,-14.546436102174274,-28.003911919492985,-14.546436102174274,-28.003911919492985,3.608350649931471,-0.005137517060149266,0.01821133470590311
5004.0,200.16,1.0,-14.703544116607713,-27.922353041733334,-14.703544116607713,-27.922353041733334,3.6135903544910364,0.0029664399206015936,0.018013992376441468
5005.0,200.20000000000002,1.0,-14.857661691023106,-27.842754259233594,-14.857661691023106,-27.842754259233594,3.6189584310561798,0.009970284846994715,0.016861929207053195
5006.0,200.24,1.0,-15.015977340418605,-27.761821762236245,-15.015977340418605,-27.761821762236245,3.6244620914870858,0.015748937237291892,0.014729775747524446
5007.0,200.28,1.0,-15.169348188693792,-27.68267833327488,-15.169348188693792,-27.68267833327488,3.6301071075007143,0.020231663880862484,0.011627554010367563
5008.0,200.32,1.0,-15.32598133204894,-27.60312973583865,-15.32598133204894,-27.60312973583865,3.635898019046272,0.023403620932165015,0.007596223221356386
5009.0,200.36,1.0,-15.481172262730329,-27.52119353082373,-15.481172262730329,-27.52119353082373,3.6418385877664883,0.02528433354776525,0.002715874232234354
5010.0,200.4,1.0,-15.634592468537074,-27.441140836210263,-15.634592468537074,-27.441140836210263,3.6479271718261486,0.025927015706135627,-0.0029094614270610756
5011.0,200.44,1.0,-15.784062540035318,-27.36372461690537,-15.784062540035318,-27.36372461690537,3.654159056155212,0.025443781369554032,-0.00915023847682656
5012.0,200.48000000000002,1.0,-15.92933780697905,-27.2868830358186,-15.92933780697905,-27.2868830358186,3.6605241598959344,0.023989488979389594,-0.01585678813619027
5013.0,200.52,1.0,-16.071735919594936,-27.211831305233623,-16.071735919594936,-27.211831305233623,3.6670089163402615,0.02174089842631426,-0.022855978074676944
5014.0,200.56,1.0,-16.215429916844137,-27.134609242758142,-16.215429916844137,-27.134609242758142,3.6735974129647424,0.018889021114081195,-0.02996121895959907
5015.0,200.6,1.0,-16.35965626436066,-27.056596432602294,-16.35965626436066,-27.056596432602294,3.680271634125025,0.015643980382475366,-0.036963798549602925
5016.0,200.64000000000001,1.0,-16.50728238116691,-26.976041741984268,-16.50728238116691,-26.976041741984268,3.687015127128342,0.012238942045268408,-0.04364763797761147
5017.0,200.68,1.0,-16.65848301135238,-26.893142121800707,-16.65848301135238,-26.893142121800707,3.6938134908367486,0.008901663579822939,-0.049796243325253134
5018.0,200.72,1.0,-16.808172042077178,-26.811793752472788,-16.808172042077178,-26.811793752472788,3.700654858545736,0.00584154655784479,-0.05520376888086269
5019.0,200.76,1.0,-16.95543851348885,-26.726022894718575,-16.95543851348885,-26.726022894718575,3.7075275891716877,0.0032326459175661348,-0.059676878275720636
5020.0,200.8,1.0,-17.10162141680719,-26.640395435002574,-17.10162141680719,-26.640395435002574,3.714421441026991,0.0012240463926842082,-0.06304895738907684
5021.0,200.84,1.0,-17.24793771421379,-26.550895561700976,-17.24793771421379,-26.550895561700976,3.7213293782506844,-8.248790982048337e-05,-0.0651733540119057
5022.0,200.88,1.0,-17.392673411862013,-26.46250533587989,-17.392673411862013,-26.46250533587989,3.728248003281994,-0.0006336813059466984,-0.06593165320912307
5023.0,200.92000000000002,1.0,-17.540427121428994,-26.367876922659786,-17.540427121428994,-26.367876922659786,3.7351780843324676,-0.00042076483024069413,-0.06523929295725331
5024.0,200.96,1.0,-17.68147279755626,-26.27351949108994,-17.68147279755626,-26.27351949108994,3.742123166167505,0.0005337949361445826,-0.06306192996118277
5025.0,201.0,1.0,-17.82217602576258,-26.173185083185366,-17.82217602576258,-26.173185083185366,3.749087919003575,0.002165236592644293,-0.05940408321836023
5026.0,201.04,1.0,-17.96029458629703,-26.074590727527514,-17.96029458629703,-26.074590727527514,3.7560802607863595,0.004357658665977859,-0.05432412699041465
5027.0,201.08,1.0,-18.099061188848847,-25.97368371595142,-18.099061188848847,-25.97368371595142,3.763106585677499,0.006958619997092752,-0.047924219587826285
5028.0,201.12,1.0,-18.234076674560303,-25.873401724792878,-18.234076674560303,-25.873401724792878,3.770170054692273,0.009791424576981988,-0.04034216271558496
5029.0,201.16,1.0,-18.369059242707856,-25.771463867771566,-18.369059242707856,-25.771463867771566,3.777270154796205,0.012667967222777965,-0.03175346119908253
5030.0,201.20000000000002,1.0,-18.49682224166115,-25.665897989052006,-18.49682224166115,-25.665897989052006,3.7844043274948524,0.015390599620547053,-0.02236776095774165
5031.0,201.24,1.0,-18.626126185409024,-25.556632743387773,-18.626126185409024,-25.556632743387773,3.7915672747654954,0.01775832163082487,-0.012417637753796113
5032.0,201.28,1.0,-18.75259284091341,-25.44670284663031,-18.75259284091341,-25.44670284663031,3.7987500343692213,0.019584271683134525,-0.0021527815167323625
5033.0,201.32,1.0,-18.88639676441513,-25.333780202099852,-18.88639676441513,-25.333780202099852,3.8059411904872666,0.020702669758759184,0.008165636840109767
5034.0,201.36,1.0,-19.0153834588532,-25.218293094204366,-19.0153834588532,-25.218293094204366,3.81312356917553,0.020959453950710062,0.01827725581247037
5035.0,201.4,1.0,-19.147462848546734,-25.104933180547608,-19.147462848546734,-25.104933180547608,3.82027961939945,0.02022559271578752,0.02792551525631042
5036.0,201.44,1.0,-19.273545057785412,-24.992910480913167,-19.273545057785412,-24.992910480913167,3.82739027235622,0.018418384659243725,0.036864082040054674
5037.0,201.48000000000002,1.0,-19.40224653123828,-24.879571461238463,-19.40224653123828,-24.879571461238463,3.8344333636408465,0.01551642100489432,0.04486961713996601
5038.0,201.52,1.0,-19.531114618755684,-24.76497006869778,-19.531114618755684,-24.76497006869778,3.8413857809750525,0.011534275820617234,0.051745728388920685
5039.0,201.56,1.0,-19.658886302101998,-24.651468879385355,-19.658886302101998,-24.651468879385355,3.8482253993145115,0.006527107282091249,0.05732680791983402
5040.0,201.6,1.0,-19.784174746248276,-24.540435068190664,-19.784174746248276,-24.540435068190664,3.854929919213756,0.0005776560137948028,0.06148872406605689
5041.0,201.64000000000001,1.0,-19.906981131349816,-24.4308382671923,-19.906981131349816,-24.4308382671923,3.861477769787437,-0.006180387133260856,0.06415478852005188
5042.0,201.68,1.0,-20.030418427082584,-24.318892853292635,-20.030418427082584,-24.318892853292635,3.8678474644943193,-0.013591676231363436,0.0652913914808453
5043.0,201.72,1.0,-20.148732591851335,-24.207853953554245,-20.148732591851335,-24.207853953554245,3.8740202985138104,-0.021458375959546205,0.06491290759989411
5044.0,201.76,1.0,-20.26955886865963,-24.09590182652486,-20.26955886865963,-24.09590182652486,3.879977907356145,-0.029575981873035118,0.06308864371748771
5045.0,201.8,1.0,-20.388555155074226,-23.989040327704554,-20.388555155074226,-23.989040327704554,3.885710452006915,-0.03770611285481029,0.05992821647904847
5046.0,201.84,1.0,-20.507271360645895,-23.87780468547054,-20.507271360645895,-23.87780468547054,3.8912083809589966,-0.04561494300199605,0.05559199955028664
5047.0,201.88,1.0,-20.62091903702535,-23.767849600388878,-20.62091903702535,-23.767849600388878,3.896467529417387,-0.05308512110610879,0.05026998883013646
5048.0,201.92000000000002,1.0,-20.74743565488783,-23.651936067763096,-20.74743565488783,-23.651936067763096,3.9014891294409155,-0.05993951261279762,0.044171580628510246
5049.0,201.96,1.0,-20.868720014950462,-23.540744293250174,-20.868720014950462,-23.540744293250174,3.906281135663594,-0.06601380465108689,0.03751622137748487
5050.0,202.0,1.0,-21.00132972185262,-23.423531761286952,-21.00132972185262,-23.423531761286952,3.9108580949971823,-0.0711722944367591,0.030539491855825017
5051.0,202.04,1.0,-21.130786194120027,-23.308510651517732,-21.130786194120027,-23.308510651517732,3.9152425682640795,-0.07530223284858292,0.023473852652256544
5052.0,202.08,1.0,-21.26460334086298,-23.188966951298347,-21.26460334086298,-23.188966951298347,3.9194645139670263,-0.07834007179095404,0.01654412607240233
5053.0,202.12,1.0,-21.389649892939318,-23.069366077959213,-21.389649892939318,-23.069366077959213,3.923560017904749,-0.08024062009302868,0.009955538287477111
5054.0,202.16,1.0,-21.521185228277727,-22.952867510763546,-21.521185228277727,-22.952867510763546,3.927572021523639,-0.08100676558101376,0.003887240124319611
5055.0,202.20000000000002,1.0,-21.64609247057563,-22.832946370531705,-21.64609247057563,-22.832946370531705,3.9315484954168647,-0.08066022754365107,-0.0015215012553363237
5056.0,202.24,1.0,-21.773470281900405,-22.708817381845364,-21.773470281900405,-22.708817381845364,3.9355356860953123,-0.07927091778741206,-0.006165040363309309
5057.0,202.28,1.0,-21.892690859694017,-22.586559634989854,-21.892690859694017,-22.586559634989854,3.9395820230380587,-0.07691899017143777,-0.009978619323385774
5058.0,202.32,1.0,-22.011794441597406,-22.46268907406375,-22.011794441597406,-22.46268907406375,3.9437332441472663,-0.07372201013974948,-0.012930528514892134
5059.0,202.36,1.0,-22.126119217448668,-22.338038359134195,-22.126119217448668,-22.338038359134195,3.9480302323817673,-0.0698007670010327,-0.01502212247899869
5060.0,202.4,1.0,-22.236607739821245,-22.213382780445567,-22.236607739821245,-22.213382780445567,3.952507240739716,-0.06530576711477358,-0.016284491839674904
5061.0,202.44,1.0,-22.345567268576335,-22.088738977028633,-22.345567268576335,-22.088738977028633,3.957189702245189,-0.060391465241145824,-0.016790117826521504
5062.0,202.48000000000002,1.0,-22.462758126528612,-21.95473434739665,-22.462758126528612,-21.95473434739665,3.9620930465030497,-0.05521247139676468,-0.01663620412185223
5063.0,202.52,1.0,-22.578247843956948,-21.822587288261673,-22.578247843956948,-21.822587288261673,3.9672217890125294,-0.04992791675983417,-0.015942842270902223
5064.0,202.56,1.0,-22.701070085397483,-21.687672797961145,-22.701070085397483,-21.687672797961145,3.972573597333521,-0.04469862010629273,-0.014842027553560866
5065.0,202.6,1.0,-22.82343564295569,-21.551698439422715,-22.82343564295569,-21.551698439422715,3.9781317679517647,-0.03968505084598421,-0.013473112478461275
5066.0,202.64000000000001,1.0,-22.94569054877171,-21.418190346008036,-22.94569054877171,-21.418190346008036,3.9838712781083467,-0.03502585900272981,-0.011974420348843688
5067.0,202.68,1.0,-23.071140615876224,-21.282436532527672,-23.071140615876224,-21.282436532527672,3.989760323653871,-0.03082871091417221,-0.010475275815703022
5068.0,202.72,1.0,-23.18642435450254,-21.152567038854464,-23.18642435450254,-21.152567038854464,3.995761667960327,-0.02718925901459617,-0.009088546045794357
5069.0,202.76,1.0,-23.304817440386657,-21.01778630392629,-23.304817440386657,-21.01778630392629,4.001833608220902,-0.024167348452260474,-0.007907042970010178
5070.0,202.8,1.0,-23.418692032807595,-20.888378606803606,-23.418692032807595,-20.888378606803606,4.007935156135129,-0.021803209736556715,-0.00700052973992422
5071.0,202.84,1.0,-23.531434483581297,-20.759033990290916,-23.531434483581297,-20.759033990290916,4.014027246630407,-0.02010194695517069,-0.0064101705222866096
5072.0,202.88,1.0,-23.64348650969577,-20.629525557651718,-23.64348650969577,-20.629525557651718,4.020076091573267,-0.019052701945287853,-0.0061482837330866045
5073.0,202.92000000000002,1.0,-23.756714892554864,-20.497359283660188,-23.756714892554864,-20.497359283660188,4.026054835593685,-0.01863075684985127,-0.00620035995737039
5074.0,202.96,1.0,-23.864561088057968,-20.363053515425204,-23.864561088057968,-20.363053515425204,4.031943296788266,-0.018776655312009873,-0.006527539129337782
5075.0,203.0,1.0,-23.974670400985026,-20.225241373095397,-23.974670400985026,-20.225241373095397,4.037724385125125,-0.01940861375226217,-0.007069099490141286
5076.0,203.04,1.0,-24.08284000009585,-20.089834852478216,-24.08284000009585,-20.089834852478216,4.043391576421572,-0.0204258327919588,-0.007747050763837799
5077.0,203.08,1.0,-24.192815482598583,-19.950958172769308,-24.192815482598583,-19.950958172769308,4.048944382074157,-0.021754206813081135,-0.008471278210307197
5078.0,203.12,1.0,-24.30002026027482,-19.813823588098852,-24.30002026027482,-19.813823588098852,4.054389132295543,-0.023310042275647723,-0.009147000772358327
5079.0,203.16,1.0,-24.412098994220678,-19.672159297307367,-24.412098994220678,-19.672159297307367,4.059738015898491,-0.025004506786109704,-0.009681396949765872
5080.0,203.20000000000002,1.0,-24.52686144501841,-19.52775221967404,-24.52686144501841,-19.52775221967404,4.065010194501143,-0.02671843438849151,-0.00998903029270856
5081.0,203.24,1.0,-24.64066583877435,-19.379347091588258,-24.64066583877435,-19.379347091588258,4.07022766121263,-0.028341494404384982,-0.0099961999836097
5082.0,203.28,1.0,-24.745032491583007,-19.244450980787477,-24.745032491583007,-19.244450980787477,4.075414591897037,-0.029773115892932543,-0.009648160718462712
5083.0,203.32,1.0,-24.8501421787862,-19.108700547424142,-24.8501421787862,-19.108700547424142,4.080594325944195,-0.030920654218218102,-0.008911520323682112
5084.0,203.36,1.0,-24.94427491891872,-18.977464814204914,-24.94427491891872,-18.977464814204914,4.0857866074309666,-0.031690863435529,-0.007776262027975425
5085.0,203.4,1.0,-25.042432790843993,-18.836377281085877,-25.042432790843993,-18.836377281085877,4.091010782309378,-0.03200085475741641,-0.006257133398397026
5086.0,203.44,1.0,-25.1414348794646,-18.691461934660843,-25.1414348794646,-18.691461934660843,4.09628595095606,-0.03180268031954463,-0.004394168561611618
5087.0,203.48000000000002,1.0,-25.24074522085148,-18.543022743590818,-25.24074522085148,-18.543022743590818,4.101628453737294,-0.031071194042248184,-0.0022499946465990737
5088.0,203.52,1.0,-25.338197780479447,-18.392734508302514,-25.338197780479447,-18.392734508302514,4.1070515227387165,-0.029764729455494777,9.308839211349604e-05
5089.0,203.56,1.0,-25.435821248440085,-18.24414772955126,-25.435821248440085,-18.24414772955126,4.112565378566883,-0.02788063601045949,0.002537627875142051
5090.0,203.6,1.0,-25.53534627978039,-18.089186277996497,-25.53534627978039,-18.089186277996497,4.1181741300616945,-0.025445908381712457,0.00497637924592154
5091.0,203.64000000000001,1.0,-25.634281907484894,-17.934948171474453,-25.634281907484894,-17.934948171474453,4.123875313065435,-0.022542456186043048,0.007297447792533207
5092.0,203.68,1.0,-25.733303055855252,-17.780178723594243,-25.733303055855252,-17.780178723594243,4.129661727602153,-0.01924614778259821,0.009389930539100347
5093.0,203.72,1.0,-25.830069214289665,-17.627110290312118,-25.830069214289665,-17.627110290312118,4.135520591709649,-0.01563843624108128,0.011151041808828355
5094.0,203.76,1.0,-25.929012252361936,-17.471723188725356,-25.929012252361936,-17.471723188725356,4.141435840731454,-0.011803681457291205,0.012490627523258005
5095.0,203.8,1.0,-26.025539205875937,-17.321906756145093,-26.025539205875937,-17.321906756145093,4.1473915511757635,-0.007860631756379344,0.013335698527713307
5096.0,203.84,1.0,-26.12087148567897,-17.171756370778997,-26.12087148567897,-17.171756370778997,4.153368621161808,-0.0039426678706634185,0.013634946441397799
5097.0,203.88,1.0,-26.212521697285798,-17.024824671136372,-26.212521697285798,-17.024824671136372,4.159346192688803,-0.0001586956052496813,0.013362079743759202
5098.0,203.92000000000002,1.0,-26.306154853482248,-16.87408189254879,-26.306154853482248,-16.87408189254879,4.1653018771922605,0.0034020183959382554,0.012515846251386914
5099.0,203.96,1.0,-26.395467757559032,-16.726390249071706,-26.395467757559032,-16.726390249071706,4.171214643978867,0.006632444079004984,0.011120774620454809
5100.0,204.0,1.0,-26.486891042123823,-16.57734062846212,-26.486891042123823,-16.57734062846212,4.177064641967162,0.009430588335711332,0.009226663315918978
5101.0,204.04,1.0,-26.578907164825342,-16.42956039788531,-26.578907164825342,-16.42956039788531,4.182837619435144,0.011725323352891493,0.006906037733838737
5102.0,204.08,1.0,-26.672264896875777,-16.275900729626194,-26.672264896875777,-16.275900729626194,4.188525769881091,0.013472542207703376,0.00425070700371104
5103.0,204.12,1.0,-26.76544486924201,-16.11741710893479,-26.76544486924201,-16.11741710893479,4.194126258740714,0.01462165370818731,0.001366823003152209
5104.0,204.16,1.0,-26.86265604416219,-15.956942530772992,-26.86265604416219,-15.956942530772992,4.1996442558649285,0.015133863289615902,-0.0016306112635331045
5105.0,204.20000000000002,1.0,-26.953842244558967,-15.802712530630263,-26.953842244558967,-15.802712530630263,4.205090025976395,0.01497722744901675,-0.004622409077423298
5106.0,204.24,1.0,-27.04329160148014,-15.649306215829299,-27.04329160148014,-15.649306215829299,4.2104769465426655,0.014171498729965837,-0.007490825961870236
5107.0,204.28,1.0,-27.13012764963873,-15.492326328932686,-27.13012764963873,-15.492326328932686,4.215820975014182,0.012757946900067508,-0.010126049467710719
5108.0,204.32,1.0,-27.21587874086945,-15.340105399944747,-27.21587874086945,-15.340105399944747,4.221142059941332,0.010778983729267399,-0.012431783754892418
5109.0,204.36,1.0,-27.301268849610288,-15.178761310880507,-27.301268849610288,-15.178761310880507,4.22646339661888,0.008282266928856297,-0.014328315455058282
5110.0,204.4,1.0,-27.383249581943613,-15.025021251183475,-27.383249581943613,-15.025021251183475,4.231810587319744,0.005352647333308402,-0.0157563836652382
5111.0,204.44,1.0,-27.46442498030144,-14.868594319096704,-27.46442498030144,-14.868594319096704,4.2372108032960245,0.002100440034788198,-0.016680139852715048
5112.0,204.48000000000002,1.0,-27.54222277398403,-14.71514146287763,-27.54222277398403,-14.71514146287763,4.242689348592603,-0.0013828862366563888,-0.017088184125045022
5113.0,204.52,1.0,-27.620884240510158,-14.55934340551813,-27.620884240510158,-14.55934340551813,4.248268167637663,-0.005014994247783689,-0.016993577860410503
5114.0,204.56,1.0,-27.69596359798582,-14.408687694490123,-27.69596359798582,-14.408687694490123,4.253966374166411,-0.008708862290989439,-0.016432352285105856
5115.0,204.6,1.0,-27.770805914056545,-14.251090884875964,-27.770805914056545,-14.251090884875964,4.259795463409224,-0.012378001714979714,-0.015461458834060174
5116.0,204.64000000000001,1.0,-27.84494805437763,-14.092401820957624,-27.84494805437763,-14.092401820957624,4.265762394354072,-0.01593555840885368,-0.014156510940303624
5117.0,204.68,1.0,-27.91830138237895,-13.928981898679023,-27.91830138237895,-13.928981898679023,4.271869128743981,-0.01932200333761345,-0.012607865942403365
5118.0,204.72,1.0,-27.99042998991315,-13.766774488423678,-27.99042998991315,-13.766774488423678,4.278116059842861,-0.022494954699574788,-0.01091447800953868
5119.0,204.76,1.0,-28.064413975554327,-13.603579645922334,-28.064413975554327,-13.603579645922334,4.284498977745607,-0.025418866284407704,-0.009178634284598329
5120.0,204.8,1.0,-28.136809553620814,-13.439223025290605,-28.136809553620814,-13.439223025290605,4.291010488727949,-0.02806418699379818,-0.007501834913313026
5121.0,204.84,1.0,-28.21064544364806,-13.274930277038816,-28.21064544364806,-13.274930277038816,4.297638000866824,-0.030439849473682657,-0.005979674097548382
5122.0,204.88,1.0,-28.281826639457517,-13.10880519152484,-28.281826639457517,-13.10880519152484,4.304364415108791,-0.03255833117636384,-0.00469677106503401
5123.0,204.92000000000002,1.0,-28.353003700797125,-12.946065617343425,-28.353003700797125,-12.946065617343425,4.31117063447247,-0.03442148351461527,-0.003722554288425673
5124.0,204.96,1.0,-28.421928120253927,-12.779740108302788,-28.421928120253927,-12.779740108302788,4.3180352703479565,-0.0360274689125194,-0.003107780761186343
5125.0,205.0,1.0,-28.491684051602135,-12.612589434373206,-28.491684051602135,-12.612589434373206,4.324935869417723,-0.03738229899795122,-0.002882323347219614
5126.0,205.04,1.0,-28.55841255851617,-12.445641392582466,-28.55841255851617,-12.445641392582466,4.331852727632465,-0.03850121614553674,-0.003053721802233401
5127.0,205.08,1.0,-28.626554979844787,-12.282620224950078,-28.626554979844787,-12.282620224950078,4.3387684057080556,-0.03939859414857505,-0.0036063361118982354
5128.0,205.12,1.0,-28.693951740944648,-12.114241951857334,-28.693951740944648,-12.114241951857334,4.345668546836528,-0.040085949809306354,-0.004501163815152784
5129.0,205.16,1.0,-28.75839326459223,-11.952451672766767,-28.75839326459223,-11.952451672766767,4.352540099290625,-0.04055486273413593,-0.005678927880203701
5130.0,205.20000000000002,1.0,-28.823251851941382,-11.788172675257158,-28.823251851941382,-11.788172675257158,4.359371681668987,-0.04078812952927415,-0.00706248897159673
5131.0,205.24,1.0,-28.886765103235224,-11.622830323455123,-28.886765103235224,-11.622830323455123,4.366151988969419,-0.04076639384616034,-0.008559657631087774
5132.0,205.28,1.0,-28.951629110519157,-11.45236510620156,-28.951629110519157,-11.45236510620156,4.3728711226722385,-0.04043841200828609,-0.010067216407526992
5133.0,205.32,1.0,-29.01213454983715,-11.285423172899351,-29.01213454983715,-11.285423172899351,4.379521178300122,-0.03975753686041796,-0.011476347018672287
5134.0,205.36,1.0,-29.072013695428645,-11.11378977855674,-29.072013695428645,-11.11378977855674,4.386094961689909,-0.03867330549201444,-0.012677877654290787
5135.0,205.4,1.0,-29.129221019151508,-10.941708149380364,-29.129221019151508,-10.941708149380364,4.392588617789248,-0.03712722536941715,-0.013567215753154716
5136.0,205.44,1.0,-29.18629987890936,-10.770538997988591,-29.18629987890936,-10.770538997988591,4.39900083493928,-0.035035676695739856,-0.014048615514377938
5137.0,205.48000000000002,1.0,-29.244836076889037,-10.599271126092997,-29.244836076889037,-10.599271126092997,4.40533240040392,-0.03231462896344932,-0.014039319044668791
5138.0,205.52,1.0,-29.300817077081724,-10.428415221724668,-29.300817077081724,-10.428415221724668,4.411584302897907,-0.02888491536084028,-0.013473731933043371
5139.0,205.56,1.0,-29.354747354048964,-10.255142714296955,-29.354747354048964,-10.255142714296955,4.417758150804287,-0.024675301253841965,-0.012307586898812952
5140.0,205.6,1.0,-29.405832809826173,-10.08151774610116,-29.405832809826173,-10.08151774610116,4.423854222565812,-0.019639304429783545,-0.010519523770974901
5141.0,205.64000000000001,1.0,-29.45497293818702,-9.90439632551671,-29.45497293818702,-9.90439632551671,4.429873865055719,-0.013748572196524011,-0.008112723288126619
5142.0,205.68,1.0,-29.502600553153208,-9.728348192315845,-29.502600553153208,-9.728348192315845,4.435819995604338,-0.006995699214130968,-0.005115523412304689
5143.0,205.72,1.0,-29.55088121448629,-9.547248140581937,-29.55088121448629,-9.547248140581937,4.441698403390397,0.000594955216262627,-0.0015817314653316038
5144.0,205.76,1.0,-29.595620889316404,-9.370599391471465,-29.595620889316404,-9.370599391471465,4.44751594319433,0.008971059654533731,0.002411702453020101
5145.0,205.8,1.0,-29.640151648906055,-9.193485050443034,-29.640151648906055,-9.193485050443034,4.453281676539024,0.018053873031940327,0.00676691713804022
5146.0,205.84,1.0,-29.68231796158498,-9.014992110801803,-29.68231796158498,-9.014992110801803,4.459004524010488,0.027731960886717855,0.011368319140414324
5147.0,205.88,1.0,-29.722455093078317,-8.838499583073089,-29.722455093078317,-8.838499583073089,4.464692094236494,0.03783820000868223,0.01608603064577229
5148.0,205.92000000000002,1.0,-29.762253496223604,-8.661926829734629,-29.762253496223604,-8.661926829734629,4.470349376742102,0.048195158849049104,0.020780488790450448
5149.0,205.96,1.0,-29.799800976694332,-8.483642605471953,-29.799800976694332,-8.483642605471953,4.4759787053395685,0.05860162166762646,0.025308046968028075
5150.0,206.0,1.0,-29.836523506909295,-8.303812036270013,-29.836523506909295,-8.303812036270013,4.481579925323013,0.06884022581304765,0.029525895694707677
5151.0,206.04,1.0,-29.873084484403346,-8.121137698606445,-29.873084484403346,-8.121137698606445,4.487152843905685,0.07866909101730146,0.03329650125703128
5152.0,206.08,1.0,-29.906425439661934,-7.9449909022774845,-29.906425439661934,-7.9449909022774845,4.492695576839424,0.08783801310300847,0.03649229015171711
5153.0,206.12,1.0,-29.941764091354095,-7.764146368658773,-29.941764091354095,-7.764146368658773,4.498205891656338,0.0960975567022303,0.03900044550282382
5154.0,206.16,1.0,-29.975719862689367,-7.588437032030056,-29.975719862689367,-7.588437032030056,4.503679294138767,0.10320661996151356,0.0407278709920738
5155.0,206.20000000000002,1.0,-30.012197263379107,-7.406883221931457,-30.012197263379107,-7.406883221931457,4.50911124876413,0.10894810157992296,0.041604204827743456
5156.0,206.24,1.0,-30.04729389259966,-7.2282659918505106,-30.04729389259966,-7.2282659918505106,4.514495060017952,0.11311177844101523,0.04158464387312845
5157.0,206.28,1.0,-30.082695524143595,-7.049841221637439,-30.082695524143595,-7.049841221637439,4.519823151580887,0.11550745788851466,0.04065143124539709
5158.0,206.32,1.0,-30.119084101843317,-6.873594205588748,-30.119084101843317,-6.873594205588748,4.52508866632237,0.11599067668981078,0.03881498849404601
5159.0,206.36,1.0,-30.14958321661667,-6.702928114823467,-30.14958321661667,-6.702928114823467,4.530285667793522,0.11443756990164715,0.03611295527118509
5160.0,206.4,1.0,-30.18187111872539,-6.531535512859226,-30.18187111872539,-6.531535512859226,4.535413181247754,0.110761793556953,0.032608501326822144
5161.0,206.44,1.0,-30.2139605361922,-6.3613378989441625,-30.2139605361922,-6.3613378989441625,4.540473511293977,0.10492463984960705,0.02838896555172755
5162.0,206.48000000000002,1.0,-30.248305815128617,-6.190572655826545,-30.248305815128617,-6.190572655826545,4.545472603025197,0.09695392974824817,0.02356344087488272
5163.0,206.52,1.0,-30.277919761850363,-6.021878984725871,-30.277919761850363,-6.021878984725871,4.550418923269243,0.08691498780542187,0.01825901131424875
5164.0,206.56,1.0,-30.310373636256077,-5.852320632214206,-30.310373636256077,-5.852320632214206,4.555323085829748,0.07491838843744233,0.01261556680571349
5165.0,206.6,1.0,-30.338176736640357,-5.68701494534493,-30.338176736640357,-5.68701494534493,4.560197879081533,0.0611172028236493,0.00678140026388257
5166.0,206.64000000000001,1.0,-30.36651859848276,-5.523733482925058,-30.36651859848276,-5.523733482925058,4.565056500632063,0.045704253350638234,0.0009084294810107737
5167.0,206.68,1.0,-30.394200740782548,-5.356075154867644,-30.394200740782548,-5.356075154867644,4.569914819339458,0.02892701574286489,-0.004852512323024199
5168.0,206.72,1.0,-30.420947068571934,-5.185613014275856,-30.420947068571934,-5.185613014275856,4.574789421368965,0.011074961785077053,-0.010356809524800581
5169.0,206.76,1.0,-30.44897259027663,-5.021475587549214,-30.44897259027663,-5.021475587549214,4.579697622372132,-0.007548851695946035,-0.015471286879838661
5170.0,206.8,1.0,-30.474380325603004,-4.856508394975008,-30.474380325603004,-4.856508394975008,4.584658597446457,-0.026619610426494078,-0.02007753641237999
5171.0,206.84,1.0,-30.497953262281804,-4.693597988069984,-30.497953262281804,-4.693597988069984,4.5896895252750225,-0.045782529402600594,-0.02407522762309083
5172.0,206.88,1.0,-30.521393986045393,-4.526500054007927,-30.521393986045393,-4.526500054007927,4.59480673613997,-0.06468206053279846,-0.027385235687906146
5173.0,206.92000000000002,1.0,-30.544461203127675,-4.353694747636153,-30.544461203127675,-4.353694747636153,4.600023026557829,-0.08297072413687896,-0.029951679896054607
5174.0,206.96,1.0,-30.566120705460957,-4.178681526981614,-30.566120705460957,-4.178681526981614,4.60534920084025,-0.10029764071580045,-0.031742144209277026
5175.0,207.0,1.0,-30.58519582174195,-4.0090449480742905,-30.58519582174195,-4.0090449480742905,4.6107920681204835,-0.11633405890286941,-0.03274705269887123
5176.0,207.04,1.0,-30.601582885861614,-3.843029395106394,-30.601582885861614,-3.843029395106394,4.6163556749594115,-0.1307874796700541,-0.032979920932765784
5177.0,207.08,1.0,-30.615671673605497,-3.6758611155917587,-30.615671673605497,-3.6758611155917587,4.622042041491046,-0.14340031929487743,-0.03247595556459172
5178.0,207.12,1.0,-30.626682238879408,-3.5067204116936685,-30.626682238879408,-3.5067204116936685,4.627848998668153,-0.153962772874963,-0.03128995447993785
5179.0,207.16,1.0,-30.64261034316592,-3.3280011270225636,-30.64261034316592,-3.3280011270225636,4.633773192920016,-0.1623134685963874,-0.02949245617377459
5180.0,207.20000000000002,1.0,-30.656441142952257,-3.1499919782092305,-30.656441142952257,-3.1499919782092305,4.639807215653775,-0.1683283135728491,-0.027166043150485958
5181.0,207.24,1.0,-30.667580473143765,-2.9747450438770953,-30.667580473143765,-2.9747450438770953,4.645939328087552,-0.17193155129463275,-0.024402208286835224
5182.0,207.28,1.0,-30.676407064888544,-2.799507351030191,-30.676407064888544,-2.799507351030191,4.652153713197295,-0.17312367476063126,-0.021298177267324536
5183.0,207.32,1.0,-30.68489017833175,-2.619622089081931,-30.68489017833175,-2.619622089081931,4.658431356838312,-0.17194648577180105,-0.0179526718813273
5184.0,207.36,1.0,-30.69095002681167,-2.43805593566609,-30.69095002681167,-2.43805593566609,4.6647518096339855,-0.16848455421174036,-0.014462270982052999
5185.0,207.4,1.0,-30.698275898782544,-2.2508717388839985,-30.698275898782544,-2.2508717388839985,4.67109311519488,-0.16288337265646627,-0.010919273451061088
5186.0,207.44,1.0,-30.70453567683765,-2.061800557831783,-30.70453567683765,-2.061800557831783,4.677433950306621,-0.15533205951884319,-0.007409318002259173
5187.0,207.48000000000002,1.0,-30.70912634685493,-1.879821562386877,-30.70912634685493,-1.879821562386877,4.68375348378483,-0.14604789231988283,-0.004008704720218794
5188.0,207.52,1.0,-30.712876731342995,-1.6992936206340101,-30.712876731342995,-1.6992936206340101,4.690032275016295,-0.1352969966052574,-0.0007830490397272051
5189.0,207.56,1.0,-30.715157653802514,-1.5079754523258586,-30.715157653802514,-1.5079754523258586,4.696255016383654,-0.12336941577037694,0.0022135371201311128
5190.0,207.6,1.0,-30.717659873674478,-1.3159426626589508,-30.717659873674478,-1.3159426626589508,4.702406989994558,-0.11057182011448292,0.004938032382110604
5191.0,207.64000000000001,1.0,-30.719324971684603,-1.1231568496359625,-30.719324971684603,-1.1231568496359625,4.7084787597351605,-0.09721836475513837,0.007358420178549707
5192.0,207.68,1.0,-30.720538076914227,-0.9308140607270147,-30.720538076914227,-0.9308140607270147,4.7144647769653965,-0.08363143886454534,0.0094531042108457
5193.0,207.72,1.0,-30.717507463014783,-0.7458569937959874,-30.717507463014783,-0.7458569937959874,4.720364780486395,-0.0701129463786296,0.011210291997987001
5194.0,207.76,1.0,-30.714128035393365,-0.5562864634032785,-30.714128035393365,-0.5562864634032785,4.726182612483285,-0.056966592134845694,0.012625622097157622
5195.0,207.8,1.0,-30.70903002304828,-0.36925725597304443,-30.70903002304828,-0.36925725597304443,4.731926607700659,-0.04448663736360796,0.013700217300376922
5196.0,207.84,1.0,-30.704269675541582,-0.17484400440045328,-30.704269675541582,-0.17484400440045328,4.737609504753736,-0.03292083872104712,0.014439712718390429
5197.0,207.88,1.0,-30.697040668097213,0.01608001070000977,-30.697040668097213,0.01608001070000977,4.743245966865912,-0.022477208598327292,0.014853190467983177
5198.0,207.92000000000002,1.0,-30.691534311677504,0.2043652840613695,-30.691534311677504,0.2043652840613695,4.748853049718288,-0.013338931706632584,0.014951441913003197
5199.0,207.96,1.0,-30.68212202000671,0.3875961411785009,-30.68212202000671,0.3875961411785009,4.754447538635683,-0.0056288366017405835,0.014746252405551575
5200.0,208.0,1.0,-30.6729224700854,0.5704229399785167,-30.6729224700854,0.5704229399785167,4.760045000265592,0.0005766888947198456,0.014249502561441136
5201.0,208.04,1.0,-30.662119157674862,0.7587004388292801,-30.662119157674862,0.7587004388292801,4.76566156487713,0.005242158290976184,0.01347313439441789
5202.0,208.08,1.0,-30.651373013828213,0.9488160811388818,-30.651373013828213,0.9488160811388818,4.771310551585403,0.008368445253483792,0.012429004853528996
5203.0,208.12,1.0,-30.640721607656257,1.1331122111021883,-30.640721607656257,1.1331122111021883,4.777003147974865,0.010004793477359431,0.011129251530054863
5204.0,208.16,1.0,-30.628628401784056,1.319026656195017,-30.628628401784056,1.319026656195017,4.782748019270049,0.01022230142353211,0.009586414022963318
5205.0,208.20000000000002,1.0,-30.614805298037435,1.5042377439424253,-30.614805298037435,1.5042377439424253,4.788551185746064,0.009130337801181287,0.007814782850597363
5206.0,208.24,1.0,-30.600410812944666,1.6894595462888042,-30.600410812944666,1.6894595462888042,4.794415816159477,0.0068630247827137,0.005831696904172362
5207.0,208.28,1.0,-30.584718455821758,1.8781637855488988,-30.584718455821758,1.8781637855488988,4.800341267524976,0.003557228025221604,0.0036582295708322476
5208.0,208.32,1.0,-30.56898586266562,2.0685244571952452,-30.56898586266562,2.0685244571952452,4.806326745619179,-0.0006394040883303421,0.0013198407815510794
5209.0,208.36,1.0,-30.551259732702384,2.253293316195106,-30.551259732702384,2.253293316195106,4.812367944671799,-0.005556938438244718,-0.001152649756514129
5210.0,208.4,1.0,-30.535587800362766,2.4353784137052985,-30.535587800362766,2.4353784137052985,4.818461467308819,-0.011034084355108397,-0.0037226166570950223
5211.0,208.44,1.0,-30.51748587824672,2.6150867894374317,-30.51748587824672,2.6150867894374317,4.824601424136048,-0.016931560180618654,-0.0063471725966285485
5212.0,208.48000000000002,1.0,-30.498837281994515,2.795014957194342,-30.498837281994515,2.795014957194342,4.830781831903829,-0.023118917824878737,-0.008977984681197876
5213.0,208.52,1.0,-30.478537579398107,2.9767210946729614,-30.478537579398107,2.9767210946729614,4.8369963306129815,-0.029477676898889294,-0.01156206737388081
5214.0,208.56,1.0,-30.45961397985472,3.155556875644536,-30.45961397985472,3.155556875644536,4.843240105603239,-0.03591624189707221,-0.014042917682062459
5215.0,208.6,1.0,-30.438284953029665,3.3390621293509946,-30.438284953029665,3.3390621293509946,4.849508737072461,-0.04235657145753,-0.01636111184330905
5216.0,208.64000000000001,1.0,-30.41518993633512,3.5232476620279214,-30.41518993633512,3.5232476620279214,4.855798550644234,-0.048752476439871614,-0.01845631311763653
5217.0,208.68,1.0,-30.392125336535138,3.7068852461830266,-30.392125336535138,3.7068852461830266,4.862107246004724,-0.055078442119343894,-0.02026982269758468
5218.0,208.72,1.0,-30.3649677788163,3.8979891760603373,-30.3649677788163,3.8979891760603373,4.868434480835357,-0.06131116171350994,-0.02174642311488719
5219.0,208.76,1.0,-30.33822135814209,4.0891145805766635,-30.33822135814209,4.0891145805766635,4.874779860539979,-0.06743980703815147,-0.022836702190885703
5220.0,208.8,1.0,-30.308682411109476,4.279303779302859,-30.308682411109476,4.279303779302859,4.881145371479277,-0.0734771045182812,-0.023498690536362648
5221.0,208.84,1.0,-30.27657739780305,4.466538086151085,-30.27657739780305,4.466538086151085,4.88753095934906,-0.07944196874923533,-0.023700480138505772
5222.0,208.88,1.0,-30.243777675580475,4.650622940457976,-30.243777675580475,4.650622940457976,4.893939060223003,-0.08533593067526679,-0.0234220787497145
5223.0,208.92000000000002,1.0,-30.20879716830578,4.835094801501021,-30.20879716830578,4.835094801501021,4.900371178946669,-0.09115978260110498,-0.022656518854866785
5224.0,208.96,1.0,-30.17169556948054,5.018673991699229,-30.17169556948054,5.018673991699229,4.906830509513472,-0.09690800730539031,-0.02140984729945556
5225.0,209.0,1.0,-30.135400072821557,5.20036039120596,-30.135400072821557,5.20036039120596,4.913318571339829,-0.10255863511677268,-0.019701665497905592
5226.0,209.04,1.0,-30.095259352148425,5.3819378159013365,-30.095259352148425,5.3819378159013365,4.919836440510537,-0.10806807222677431,-0.017565731438419333
5227.0,209.08,1.0,-30.056959610073562,5.566930465336606,-30.056959610073562,5.566930465336606,4.926384660830935,-0.11336607656698638,-0.015048713486454469
5228.0,209.12,1.0,-30.01474612845223,5.747826564257656,-30.01474612845223,5.747826564257656,4.932960733800582,-0.11836666100807591,-0.012208236838373254
5229.0,209.16,1.0,-29.972807779750507,5.932394589412609,-29.972807779750507,5.932394589412609,4.939560696743468,-0.12299124114890177,-0.009111354349944745
5230.0,209.20000000000002,1.0,-29.925424950117293,6.117076558990561,-29.925424950117293,6.117076558990561,4.946177138693601,-0.12715301484767064,-0.005832530786348575
5231.0,209.24,1.0,-29.878090191862373,6.304584833699952,-29.878090191862373,6.304584833699952,4.95280146395538,-0.1307368381774562,-0.002451986798688255
5232.0,209.28,1.0,-29.82678352257316,6.492913491506661,-29.82678352257316,6.492913491506661,4.959424719398747,-0.13361363787172315,0.0009480427874429938
5233.0,209.32,1.0,-29.778077385635157,6.6841424367030555,-29.778077385635157,6.6841424367030555,4.966037178199571,-0.1356797304191568,0.004285750434309919
5234.0,209.36,1.0,-29.724155998009934,6.872801119330417,-29.724155998009934,6.872801119330417,4.972628182428089,-0.13684123507748605,0.00748298224686002
5235.0,209.4,1.0,-29.671008642746433,7.057026975818312,-29.671008642746433,7.057026975818312,4.979185404634507,-0.13701507569403928,0.01046583883842044
5236.0,209.44,1.0,-29.61767671911273,7.240718050014516,-29.61767671911273,7.240718050014516,4.98569735245665,-0.13613064144083542,0.013167850199051276
5237.0,209.48000000000002,1.0,-29.561032187658725,7.432262085379854,-29.561032187658725,7.432262085379854,4.992153142404408,-0.13414556037977282,0.015532395410260563
5238.0,209.52,1.0,-29.50630243139931,7.620730286653971,-29.50630243139931,7.620730286653971,4.998543162502618,-0.13105653390309885,0.017514007172288695
5239.0,209.56,1.0,-29.447692346669164,7.807527154585985,-29.447692346669164,7.807527154585985,5.00486068973844,-0.12689276956385612,0.01907840741709915
5240.0,209.6,1.0,-29.389117089954134,7.996240136985824,-29.389117089954134,7.996240136985824,5.011100608493676,-0.12170615907698212,0.020202949996602212
5241.0,209.64000000000001,1.0,-29.329534383872222,8.185211602343916,-29.329534383872222,8.185211602343916,5.0172627173837885,-0.11558533435164789,0.020877098461348217
5242.0,209.68,1.0,-29.267721926582833,8.378885573061188,-29.267721926582833,8.378885573061188,5.023348786484085,-0.10867364523959885,0.021102603651165876
5243.0,209.72,1.0,-29.205940313964856,8.571934364212877,-29.205940313964856,8.571934364212877,5.029364133712848,-0.10115700177443368,0.02089217763112914
5244.0,209.76,1.0,-29.140829015141197,8.76494162437422,-29.140829015141197,8.76494162437422,5.035314146445577,-0.09321771155743364,0.020268563727410448
5245.0,209.8,1.0,-29.0748650954318,8.960097202399018,-29.0748650954318,8.960097202399018,5.041207875401975,-0.08505098919336951,0.01926265738846238
5246.0,209.84,1.0,-29.009570457661702,9.153003511692827,-29.009570457661702,9.153003511692827,5.047055905929725,-0.07687326692056026,0.017913760104596263
5247.0,209.88,1.0,-28.941415332964702,9.344174198356027,-28.941415332964702,9.344174198356027,5.052869615855506,-0.06891599653477656,0.016266763591395582
5248.0,209.92000000000002,1.0,-28.874272046746842,9.535969105836752,-28.874272046746842,9.535969105836752,5.058660447789608,-0.06139715728637596,0.0143705120111041
5249.0,209.96,1.0,-28.804344797508445,9.72922649955591,-28.804344797508445,9.72922649955591,5.064439040748416,-0.05449890395179317,0.012275724929150258
5250.0,210.0,1.0,-28.73455095438765,9.922069971869815,-28.73455095438765,9.922069971869815,5.070216073296202,-0.048372042760788145,0.010035271092419962
5251.0,210.04,1.0,-28.663107646433424,10.11489644781645,-28.663107646433424,10.11489644781645,5.076001103767297,-0.04314052073451076,0.007702669744530949
5252.0,210.08,1.0,-28.593282182477786,10.30534808492455,-28.593282182477786,10.30534808492455,5.081801744566774,-0.03889631851314481,0.005330747945417478
5253.0,210.12,1.0,-28.519957624533635,10.491965853793886,-28.519957624533635,10.491965853793886,5.087623004543916,-0.0356710138881557,0.0029701605552722144
5254.0,210.16,1.0,-28.446405961776897,10.679487583573287,-28.446405961776897,10.679487583573287,5.093467462937043,-0.03344308119642862,0.000668632840616045
5255.0,210.20000000000002,1.0,-28.369598254268833,10.867739419988549,-28.369598254268833,10.867739419988549,5.0993376076056816,-0.032159740695913805,-0.001528820528426248
5256.0,210.24,1.0,-28.291969234488402,11.0568887217623,-28.291969234488402,11.0568887217623,5.105232637269841,-0.03173134249176459,-0.0035802006031455955
5257.0,210.28,1.0,-28.21640154284956,11.242384861015815,-28.21640154284956,11.242384861015815,5.111150251982214,-0.03202111991124827,-0.00544771168507722
5258.0,210.32,1.0,-28.138560994599978,11.42667694013473,-28.138560994599978,11.42667694013473,5.117086436645584,-0.032848820129816735,-0.007097855747764512
5259.0,210.36,1.0,-28.06271313377446,11.611832813489597,-28.06271313377446,11.611832813489597,5.123036983427172,-0.03402266979533393,-0.00850179054526496
5260.0,210.4,1.0,-27.983325473277006,11.797748535551733,-27.983325473277006,11.797748535551733,5.128997806111983,-0.03534450022767817,-0.00963487687710367
5261.0,210.44,1.0,-27.90436276258476,11.983072519557117,-27.90436276258476,11.983072519557117,5.134964441815766,-0.03661174659784132,-0.010478235307879872
5262.0,210.48000000000002,1.0,-27.821824423215993,12.16650106230758,-27.821824423215993,12.16650106230758,5.1409327114199765,-0.037617980096470216,-0.011018378224865155
5263.0,210.52,1.0,-27.7380936637657,12.351288918575646,-27.7380936637657,12.351288918575646,5.146898413839495,-0.038161255885396164,-0.011247693476016668
5264.0,210.56,1.0,-27.655434692515524,12.536279827710853,-27.655434692515524,12.536279827710853,5.15285920777688,-0.03808539017877501,-0.011163956355574949
5265.0,210.6,1.0,-27.56933922992365,12.71939465835487,-27.56933922992365,12.71939465835487,5.158813036082956,-0.03727226214093686,-0.010770904528293485
5266.0,210.64000000000001,1.0,-27.47964262006274,12.90290617583201,-27.47964262006274,12.90290617583201,5.164758572807951,-0.03564102152020994,-0.010079235863067915
5267.0,210.68,1.0,-27.38710017441847,13.085670215901382,-27.38710017441847,13.085670215901382,5.170696294341598,-0.03314078160543936,-0.009106893759351753
5268.0,210.72,1.0,-27.29229507785979,13.270663629192933,-27.29229507785979,13.270663629192933,5.176627905300469,-0.029774895861076,-0.007878418367986088
5269.0,210.76,1.0,-27.196289960388253,13.453236843010249,-27.196289960388253,13.453236843010249,5.182556511865958,-0.02560586827579714,-0.006423875783595104
5270.0,210.8,1.0,-27.101476546172883,13.637113065717235,-27.101476546172883,13.637113065717235,5.188485198800169,-0.020740436463941348,-0.004779002118138623
5271.0,210.84,1.0,-27.006602903422426,13.818519835884135,-27.006602903422426,13.818519835884135,5.194416747416403,-0.015334342467451556,-0.0029849333886261794
5272.0,210.88,1.0,-26.908378639560187,14.001834459688116,-26.908378639560187,14.001834459688116,5.200352328211601,-0.009576517219286896,-0.0010873593747627807
5273.0,210.92000000000002,1.0,-26.809591826856234,14.18612824237988,-26.809591826856234,14.18612824237988,5.206293440409041,-0.003685686920363396,0.0008647197602623402
5274.0,210.96,1.0,-26.708590273380974,14.368775575515144,-26.708590273380974,14.368775575515144,5.212239971235989,0.0021051063133432635,0.0028204138794746887
5275.0,211.0,1.0,-26.60816377786357,14.552698050333225,-26.60816377786357,14.552698050333225,5.21819024690369,0.007563565903346903,0.0047276191530613455
5276.0,211.04,1.0,-26.505545012310062,14.73170863310638,-26.505545012310062,14.73170863310638,5.224141328676149,0.012459432697875616,0.006534792993006866
5277.0,211.08,1.0,-26.402789770669436,14.910116286586506,-26.402789770669436,14.910116286586506,5.230089815061338,0.016572374624608012,0.008192653198337322
5278.0,211.12,1.0,-26.29919690756352,15.085482921549964,-26.29919690756352,15.085482921549964,5.236030754267553,0.019687251689243634,0.009656299660794284
5279.0,211.16,1.0,-26.19291584486347,15.263052076707812,-26.19291584486347,15.263052076707812,5.24195966378568,0.021632754012531463,0.010886169395179373
5280.0,211.20000000000002,1.0,-26.085901080332196,15.438441848964558,-26.085901080332196,15.438441848964558,5.247871551520069,0.02228073926441465,0.01184877012320611
5281.0,211.24,1.0,-25.97920631931705,15.61375150201159,-25.97920631931705,15.61375150201159,5.253761446588822,0.02154722093429686,0.012518215707086444
5282.0,211.28,1.0,-25.873894544960695,15.787944944808169,-25.873894544960695,15.787944944808169,5.259624624459219,0.019392744836337305,0.012877079567490202
5283.0,211.32,1.0,-25.767595125556106,15.95977957376824,-25.767595125556106,15.95977957376824,5.265457401594373,0.01581918569809935,0.012917132991189443
5284.0,211.36,1.0,-25.659532089325797,16.13201896280535,-25.659532089325797,16.13201896280535,5.271255846764106,0.010875279563465057,0.012638137766519671
5285.0,211.4,1.0,-25.551119023375698,16.303995001848037,-25.551119023375698,16.303995001848037,5.277018722108483,0.0046471226770367965,0.012048031262205917
5286.0,211.44,1.0,-25.44451195119369,16.47657683822029,-25.44451195119369,16.47657683822029,5.282747520708783,-0.002728533735297978,0.011162690786895321
5287.0,211.48000000000002,1.0,-25.336264055070302,16.64799087476265,-25.336264055070302,16.64799087476265,5.288447458200675,-0.011086006569446694,0.010005618713015186
5288.0,211.52,1.0,-25.230453578231298,16.816893950151954,-25.230453578231298,16.816893950151954,5.294125282404096,-0.02023458192580314,0.008605910688524834
5289.0,211.56,1.0,-25.124054182879778,16.98264352368466,-25.124054182879778,16.98264352368466,5.299790883918828,-0.029967909244068603,0.006996548246318654
5290.0,211.6,1.0,-25.013792532726985,17.146983748073296,-25.013792532726985,17.146983748073296,5.305453347265373,-0.040076196174050824,0.005212887067192292
5291.0,211.64000000000001,1.0,-24.899234430532783,17.313883291081567,-24.899234430532783,17.313883291081567,5.31112349177837,-0.050343474016010845,0.0032913671652766005
5292.0,211.68,1.0,-24.784527710213183,17.481299165872993,-24.784527710213183,17.481299165872993,5.316813166249169,-0.06055366721596407,0.0012682115365198257
5293.0,211.72,1.0,-24.667798795088707,17.64707048533451,-24.667798795088707,17.64707048533451,5.322536067000095,-0.07049177985474497,-0.0008221721868215889
5294.0,211.76,1.0,-24.553162943246264,17.814619418287425,-24.553162943246264,17.814619418287425,5.328308517495292,-0.0799682037809883,-0.0029485315527611545
5295.0,211.8,1.0,-24.435940651111167,17.980115828814,-24.435940651111167,17.980115828814,5.334148571299885,-0.08881556721624091,-0.005082672641175684
5296.0,211.84,1.0,-24.319035131306368,18.14798419223263,-24.319035131306368,18.14798419223263,5.340075096916674,-0.09688998232566107,-0.0072004249873193595
5297.0,211.88,1.0,-24.19844701800629,18.31233018565582,-24.19844701800629,18.31233018565582,5.346104667992327,-0.10408629999136529,-0.009281951987588386
5298.0,211.92000000000002,1.0,-24.075973232664186,18.4839152115532,-24.075973232664186,18.4839152115532,5.352251530838576,-0.11031850658206355,-0.011312442934153155
5299.0,211.96,1.0,-23.952496872710057,18.65027808868746,-23.952496872710057,18.65027808868746,5.358525057165136,-0.11552676763190181,-0.013279812189883358
5300.0,212.0,1.0,-23.829999078476988,18.81726565996636,-23.829999078476988,18.81726565996636,5.364930580599513,-0.11965723095562468,-0.015174802012357366
5301.0,212.04,1.0,-23.70417221822091,18.982802803111984,-23.70417221822091,18.982802803111984,5.371471936752277,-0.12268120927965365,-0.01698993189302782
5302.0,212.08,1.0,-23.575520033474778,19.147617314879465,-23.575520033474778,19.147617314879465,5.37814977410157,-0.12458913962036948,-0.018719359947814786
5303.0,212.12,1.0,-23.44453278826973,19.312844017442572,-23.44453278826973,19.312844017442572,5.38496331457674,-0.12539198221027584,-0.02035730331584425
5304.0,212.16,1.0,-23.316953274474166,19.474223140934363,-23.316953274474166,19.474223140934363,5.391908753827223,-0.12511507550261353,-0.02189659153087612
5305.0,212.20000000000002,1.0,-23.18780790791682,19.640325302627833,-23.18780790791682,19.640325302627833,5.398978697402534,-0.12378740585500428,-0.023327154999576882
5306.0,212.24,1.0,-23.055714831631285,19.80342088723938,-23.055714831631285,19.80342088723938,5.406161904128475,-0.12146068455135446,-0.024635588649512923
5307.0,212.28,1.0,-22.92342545444121,19.967295184066217,-22.92342545444121,19.967295184066217,5.413442865482529,-0.11820454987099763,-0.025804930609637455
5308.0,212.32,1.0,-22.787484252903035,20.13160358109435,-22.787484252903035,20.13160358109435,5.420806001691262,-0.11409219303814455,-0.02681428711128293
5309.0,212.36,1.0,-22.64479482080877,20.2966200676013,-22.64479482080877,20.2966200676013,5.428233304053275,-0.10919090270137788,-0.027638959548532432
5310.0,212.4,1.0,-22.502800419392077,20.461724541379056,-22.502800419392077,20.461724541379056,5.43571198300833,-0.1035759607950572,-0.028252428761824478
5311.0,212.44,1.0,-22.360142040113097,20.62465612963791,-22.360142040113097,20.62465612963791,5.443230262719737,-0.09734209417510678,-0.02862621062181935
5312.0,212.48000000000002,1.0,-22.219570847979853,20.786370148459483,-22.219570847979853,20.786370148459483,5.450779002185252,-0.09058963596831185,-0.028730857261129228
5313.0,212.52,1.0,-22.077899418584323,20.94701757199404,-22.077899418584323,20.94701757199404,5.458350222659623,-0.08343176473357969,-0.028536425053958304
5314.0,212.56,1.0,-21.934646689436853,21.10680277611545,-21.934646689436853,21.10680277611545,5.46593669414358,-0.07598730173636994,-0.02801555910865745
5315.0,212.6,1.0,-21.790405876235027,21.26479345628921,-21.790405876235027,21.26479345628921,5.473532498122851,-0.06839538580607021,-0.027144953299861663
5316.0,212.64000000000001,1.0,-21.643769788862215,21.422208200848836,-21.643769788862215,21.422208200848836,5.481131784067178,-0.06080049178534852,-0.02590753692154174
5317.0,212.68,1.0,-21.491482541889106,21.57899679683828,-21.491482541889106,21.57899679683828,5.488730382187805,-0.05333710423928686,-0.0242933305269593
5318.0,212.72,1.0,-21.33832056813234,21.729732442696836,-21.33832056813234,21.729732442696836,5.496325481974877,-0.04613135380565303,-0.02230081041907276
5319.0,212.76,1.0,-21.180443294697206,21.88489624560365,-21.180443294697206,21.88489624560365,5.503914474304195,-0.039313021209029575,-0.019938772483528933
5320.0,212.8,1.0,-21.021124463871836,22.037599264871325,-21.021124463871836,22.037599264871325,5.511497667365076,-0.03303573637592163,-0.017226459572971208
5321.0,212.84,1.0,-20.86144192840171,22.18883234805668,-20.86144192840171,22.18883234805668,5.519072167693069,-0.027433829564867774,-0.014193364288784585
5322.0,212.88,1.0,-20.702747023123674,22.337214671328553,-20.702747023123674,22.337214671328553,5.5266363851897875,-0.022622058937137736,-0.010879151368448284
5323.0,212.92000000000002,1.0,-20.541427851308065,22.48331911146962,-20.541427851308065,22.48331911146962,5.534185396995827,-0.018704247609405124,-0.007333830517029951
5324.0,212.96,1.0,-20.378072400763642,22.630680150990678,-20.378072400763642,22.630680150990678,5.541714529973775,-0.015775616474875197,-0.003616545346576286
5325.0,213.0,1.0,-20.215244598580966,22.770819145351876,-20.215244598580966,22.770819145351876,5.549216698123631,-0.01390522089597197,0.00020704166637420182
5326.0,213.04,1.0,-20.053170411533976,22.91341549692165,-20.053170411533976,22.91341549692165,5.556683617283972,-0.013128264541113288,0.0040659892011906205
5327.0,213.08,1.0,-19.88663086757101,23.05447025289691,-19.88663086757101,23.05447025289691,5.564106969892892,-0.013446042035079153,0.007885879953244931
5328.0,213.12,1.0,-19.717152449759993,23.196080249714917,-19.717152449759993,23.196080249714917,5.571478471932667,-0.014835384380839044,0.011590228762973134
5329.0,213.16,1.0,-19.55662723954129,23.3346888371534,-19.55662723954129,23.3346888371534,5.57879156945763,-0.017245936724863874,0.01510341648353547
5330.0,213.20000000000002,1.0,-19.391023741893466,23.472577430470654,-19.391023741893466,23.472577430470654,5.58603971711898,-0.020595131820309854,0.01835404109984442
5331.0,213.24,1.0,-19.228294361246714,23.607028702904753,-19.228294361246714,23.607028702904753,5.593215928383573,-0.0247619879614114,0.02127638634798278
5332.0,213.28,1.0,-19.06058535096765,23.740093493497127,-19.06058535096765,23.740093493497127,5.600314581223373,-0.029621864255742182,0.023811990281850732
5333.0,213.32,1.0,-18.894238920484113,23.869836039173492,-18.894238920484113,23.869836039173492,5.607329138758672,-0.0350450733889696,0.025911098878286232
5334.0,213.36,1.0,-18.723420157673107,24.001645100076928,-18.723420157673107,24.001645100076928,5.614255932228199,-0.04088325111172442,0.027535546662298495
5335.0,213.4,1.0,-18.550335961829454,24.133152265647617,-18.550335961829454,24.133152265647617,5.621091335926011,-0.0469571473289756,0.028658500511257394
5336.0,213.44,1.0,-18.37434059016783,24.264290123072257,-18.37434059016783,24.264290123072257,5.627835213590513,-0.05309702707587609,0.029264501058468794
5337.0,213.48000000000002,1.0,-18.199509086377255,24.396082850822335,-18.199509086377255,24.396082850822335,5.634489874602486,-0.059132373316021745,0.029349218856490823
5338.0,213.52,1.0,-18.023053879303983,24.526498694145825,-18.023053879303983,24.526498694145825,5.641061033710129,-0.06490819847479117,0.028920327291213088
5339.0,213.56,1.0,-17.850560149431615,24.653525817835988,-17.850560149431615,24.653525817835988,5.647557180574846,-0.07028414482275344,0.02799675291969896
5340.0,213.6,1.0,-17.676263603373293,24.779343313354754,-17.676263603373293,24.779343313354754,5.653986475617332,-0.07514289217097822,0.0266072452449816
5341.0,213.64000000000001,1.0,-17.501641677005217,24.906783219871397,-17.501641677005217,24.906783219871397,5.660359107680334,-0.0793906455026178,0.024788415187216372
5342.0,213.68,1.0,-17.325823382315072,25.03428183845645,-17.325823382315072,25.03428183845645,5.6666859557262566,-0.08296597521191176,0.022584063431476436
5343.0,213.72,1.0,-17.148554240076454,25.165331897151876,-17.148554240076454,25.165331897151876,5.672979906758116,-0.08582097452125055,0.020044184875259934
5344.0,213.76,1.0,-16.96983084790243,25.29140758093522,-16.96983084790243,25.29140758093522,5.67925546807868,-0.08793194108494087,0.017223263919658664
5345.0,213.8,1.0,-16.788203128335816,25.41833328530175,-16.788203128335816,25.41833328530175,5.685527607695198,-0.08930540844316978,0.01417680039782171
5346.0,213.84,1.0,-16.60542155389997,25.54227263610523,-16.60542155389997,25.54227263610523,5.691812463509465,-0.08998637283766057,0.010960949362095365
5347.0,213.88,1.0,-16.42438176190049,25.667378659177274,-16.42438176190049,25.667378659177274,5.698126101561877,-0.09003390896319849,0.007631511194664033
5348.0,213.92000000000002,1.0,-16.239635193594076,25.788568846142528,-16.239635193594076,25.788568846142528,5.704483216779808,-0.08953629616730807,0.004243665337317125
5349.0,213.96,1.0,-16.053141345691763,25.911068135455743,-16.053141345691763,25.911068135455743,5.710896784197339,-0.08860031637559404,0.0008494126865754757
5350.0,214.0,1.0,-15.86537776231016,26.031362020964696,-15.86537776231016,26.031362020964696,5.71737643368437,-0.08733819807969542,-0.00250251266968836
5351.0,214.04,1.0,-15.676403086593634,26.154052877992406,-15.676403086593634,26.154052877992406,5.723932440891798,-0.0858614352869717,-0.005767126966275635
5352.0,214.08,1.0,-15.484349574127966,26.275420732677237,-15.484349574127966,26.275420732677237,5.73057299755388,-0.08429226793682354,-0.008902943877326657
5353.0,214.12,1.0,-15.290421695557281,26.39860015758213,-15.290421695557281,26.39860015758213,5.737306366216395,-0.0827370374305463,-0.011873183983662283
5354.0,214.16,1.0,-15.099204511837783,26.514606748777897,-15.099204511837783,26.514606748777897,5.744137319621479,-0.08129795497709036,-0.014646002560731994
5355.0,214.20000000000002,1.0,-14.908809362069661,26.628906682726004,-14.908809362069661,26.628906682726004,5.751068733489627,-0.08006513657461459,-0.01719428818009257
5356.0,214.24,1.0,-14.716717732611366,26.743812156143218,-14.716717732611366,26.743812156143218,5.758102096358256,-0.07911830097835633,-0.019494070650157035
5357.0,214.28,1.0,-14.52752374806009,26.85653166832592,-14.52752374806009,26.85653166832592,5.765237422076587,-0.07852718524307198,-0.02152474181198995
5358.0,214.32,1.0,-14.335996872623756,26.971016552003324,-14.335996872623756,26.971016552003324,5.772472546378286,-0.078350091423524,-0.023269351004257526
5359.0,214.36,1.0,-14.140628250076755,27.08279507551278,-14.140628250076755,27.08279507551278,5.779805238313804,-0.07861546974394436,-0.024714736207293024
5360.0,214.4,1.0,-13.942926971371136,27.19487039940797,-13.942926971371136,27.19487039940797,5.787231428868052,-0.0793348246545191,-0.025850137482741307
5361.0,214.44,1.0,-13.743357268685443,27.304242777038603,-13.743357268685443,27.304242777038603,5.794747949300811,-0.0805160894671032,-0.026667428512901638
5362.0,214.48000000000002,1.0,-13.542554989567659,27.41327159065463,-13.542554989567659,27.41327159065463,5.802348654871043,-0.08215668487216185,-0.027161058385328462
5363.0,214.52,1.0,-13.342175420259096,27.51775331674702,-13.342175420259096,27.51775331674702,5.810027107130148,-0.08421426333024917,-0.027328630321744436
5364.0,214.56,1.0,-13.14047737746797,27.622432580262767,-13.14047737746797,27.622432580262767,5.817773530507651,-0.08664180408870899,-0.027170177643895614
5365.0,214.6,1.0,-12.939303652849162,27.723987112459078,-12.939303652849162,27.723987112459078,5.8255791819318326,-0.0893880190586022,-0.026688438645191583
5366.0,214.64000000000001,1.0,-12.738530953717484,27.823795971423277,-12.738530953717484,27.823795971423277,5.833435602470862,-0.09238907217701801,-0.02588907952945612
5367.0,214.68,1.0,-12.53467865209464,27.919345632545504,-12.53467865209464,27.919345632545504,5.841333582058994,-0.09555579601441726,-0.02478152011125117
5368.0,214.72,1.0,-12.328807615187943,28.016105902698463,-12.328807615187943,28.016105902698463,5.849264312044231,-0.09878451124141037,-0.023378954273984724
5369.0,214.76,1.0,-12.118333982951231,28.109705599705297,-12.118333982951231,28.109705599705297,5.857218557689779,-0.10197057576570796,-0.02169787079142923
5370.0,214.8,1.0,-11.910499311435519,28.202835778728463,-11.910499311435519,28.202835778728463,5.865187188029997,-0.10502367563207145,-0.019758538865328818
5371.0,214.84,1.0,-11.699702392268623,28.294973815761573,-11.699702392268623,28.294973815761573,5.873162195921143,-0.1078437549888072,-0.01758566791985184
5372.0,214.88,1.0,-11.489201734415897,28.38627623984403,-11.489201734415897,28.38627623984403,5.88113541143205,-0.11031148350439576,-0.015208691253563117
5373.0,214.92000000000002,1.0,-11.276476792929698,28.475286632004224,-11.276476792929698,28.475286632004224,5.88910041664685,-0.1123165775437821,-0.012661330236767309
5374.0,214.96,1.0,-11.062207380494357,28.563690113561847,-11.062207380494357,28.563690113561847,5.897051332183436,-0.11378726310578391,-0.009981533208893828
5375.0,215.0,1.0,-10.845617840647067,28.652062609281607,-10.845617840647067,28.652062609281607,5.9049857346599515,-0.11465523948242753,-0.007211039348900472
5376.0,215.04,1.0,-10.630672560134956,28.73593057556638,-10.630672560134956,28.73593057556638,5.9129018401762385,-0.11484482708240602,-0.004394850703006758
5377.0,215.08,1.0,-10.411176286646532,28.820012833544517,-10.411176286646532,28.820012833544517,5.920797826932498,-0.11428947975889636,-0.0015803122360988457
5378.0,215.12,1.0,-10.189746389274578,28.90044696275436,-10.189746389274578,28.90044696275436,5.928673333768352,-0.11296552871500884,0.0011836911419240265
5379.0,215.16,1.0,-9.971038263461507,28.97698710126925,-9.971038263461507,28.97698710126925,5.936525171134677,-0.1108649686600803,0.0038476564956265295
5380.0,215.20000000000002,1.0,-9.753042092293175,29.050927736561402,-9.753042092293175,29.050927736561402,5.944354148473076,-0.1079868043848051,0.006361707060199078
5381.0,215.24,1.0,-9.535764881719897,29.1213904829865,-9.535764881719897,29.1213904829865,5.952156761920795,-0.10433612222223657,0.008677853429835
5382.0,215.28,1.0,-9.310937604670814,29.19241096658461,-9.310937604670814,29.19241096658461,5.959932911588678,-0.09996190943298858,0.01075077646657364
5383.0,215.32,1.0,-9.086559959680999,29.258955123003965,-9.086559959680999,29.258955123003965,5.9676747468683455,-0.09496450856415484,0.012540289679898082
5384.0,215.36,1.0,-8.858453309093097,29.32894166989281,-8.858453309093097,29.32894166989281,5.9753815277740285,-0.08945014198270537,0.014010345260657798
5385.0,215.4,1.0,-8.629515222252962,29.39933358943997,-8.629515222252962,29.39933358943997,5.983039204669976,-0.08352164224105665,0.015132758240443394
5386.0,215.44,1.0,-8.39060854277142,29.471017005591722,-8.39060854277142,29.471017005591722,5.990645691438774,-0.07730318285691855,0.01588525301954745
5387.0,215.48000000000002,1.0,-8.1573163431548,29.54186050929672,-8.1573163431548,29.54186050929672,5.9981712088162285,-0.07096163269711524,0.016255984050707648
5388.0,215.52,1.0,-7.927999529003408,29.607385717961147,-7.927999529003408,29.607385717961147,6.005612532875654,-0.0646778540562278,0.016238413108937207
5389.0,215.56,1.0,-7.699936516560333,29.67268888364642,-7.699936516560333,29.67268888364642,6.012911400738142,-0.05861384727945258,0.01583874237573315
5390.0,215.6,1.0,-7.469619146246805,29.73821038383732,-7.469619146246805,29.73821038383732,6.020067696685736,-0.05293497359843102,0.015065773114840794
5391.0,215.64000000000001,1.0,-7.2375919184887065,29.799188913590307,-7.2375919184887065,29.799188913590307,6.026967919561543,-0.04781645343150483,0.013944801286306893
5392.0,215.68,1.0,-7.007001284163603,29.858117065265468,-7.007001284163603,29.858117065265468,6.0336137718038065,-0.043430946221134394,0.012495732962484535
5393.0,215.72,1.0,-6.775090182489575,29.912634958261528,-6.775090182489575,29.912634958261528,6.039782662383509,-0.039908447725897564,0.010759536029017023
5394.0,215.76,1.0,-6.539885514791541,29.968804020456407,-6.539885514791541,29.968804020456407,6.045482732083103,-0.03732921343907867,0.008756009270430867
5395.0,215.8,1.0,-6.306456831227762,30.020774884541357,-6.306456831227762,30.020774884541357,6.050271619363281,-0.03576054780704883,0.006538585746219771
5396.0,215.84,1.0,-6.070914966262762,30.072464470536055,-6.070914966262762,30.072464470536055,6.054164475375522,-0.03524699719152715,0.004109119947645732
5397.0,215.88,1.0,-5.835051698355278,30.118292869505307,-5.835051698355278,30.118292869505307,6.056273669658465,-0.03579596829370146,0.0015262940778971814
5398.0,215.92000000000002,1.0,-5.599735210654501,30.163387688171394,-5.599735210654501,30.163387688171394,6.056630709208191,-0.037349383573070806,-0.0012621921660991033
5399.0,215.96,1.0,-5.359705032772735,30.20898983453901,-5.359705032772735,30.20898983453901,6.0534585780411385,-0.03981815017257222,-0.004199872970162299
5400.0,216.0,1.0,-5.118848424445252,30.254253919398774,-5.118848424445252,30.254253919398774,6.046818163319192,-0.0430866878630517,-0.007236035538214422
5401.0,216.04,1.0,-4.872115002272691,30.299132903553716,-4.872115002272691,30.299132903553716,6.033148699527384,-0.04701062430785006,-0.010317599329921196
5402.0,216.08,1.0,-4.6286908483355855,30.342643622439375,-4.6286908483355855,30.342643622439375,6.012567342625944,-0.051391867741518646,-0.01340410653405246
5403.0,216.12,1.0,-4.384018994628948,30.38833942163369,-4.384018994628948,30.38833942163369,5.977947764865869,-0.05600305560419514,-0.016448925086471517
5404.0,216.16,1.0,-4.142755451430917,30.431189146715717,-4.142755451430917,30.431189146715717,5.929518572626895,-0.06060759484019749,-0.019425621904116452
5405.0,216.20000000000002,1.0,-3.898228122048291,30.47434454091995,-3.898228122048291,30.47434454091995,5.867299247623398,-0.06497155735533504,-0.02229005590355205
5406.0,216.24,1.0,-3.6646994819713767,30.511612668532628,-3.6646994819713767,30.511612668532628,5.791739337634938,-0.0688486492256184,-0.025033112145701402
5407.0,216.28,1.0,-3.4265476138281237,30.546635002301393,-3.4265476138281237,30.546635002301393,5.702872035758053,-0.07200150193916621,-0.02760192887028822
5408.0,216.32,1.0,-3.1898858252307707,30.581523259633503,-3.1898858252307707,30.581523259633503,5.601593926750113,-0.07420809020160209,-0.030002501406375826
5409.0,216.36,1.0,-2.9506676016149087,30.613448321109008,-2.9506676016149087,30.613448321109008,5.487965328806469,-0.07529273023782959,-0.032142267880707634
5410.0,216.4,1.0,-2.7094504179458214,30.64023261932986,-2.7094504179458214,30.64023261932986,5.363773581719833,-0.07510332085952054,-0.0340373213891428
5411.0,216.44,1.0,-2.4674210761231583,30.665978335546082,-2.4674210761231583,30.665978335546082,5.229132905953255,-0.0735291740905383,-0.03571626641818838
5412.0,216.48000000000002,1.0,-2.2249309932117542,30.68889018947624,-2.2249309932117542,30.68889018947624,5.087612860983232,-0.07049345246083911,-0.03720130929534637
5413.0,216.52,1.0,-1.9814593668383877,30.712944485672118,-1.9814593668383877,30.712944485672118,4.939436725189337,-0.06598411340731532,-0.03841884907100045
5414.0,216.56,1.0,-1.7401120987409062,30.734468391741824,-1.7401120987409062,30.734468391741824,4.791737592663254,-0.06004137232484239,-0.0393794842739273
5415.0,216.6,1.0,-1.494760155261668,30.75431926173554,-1.494760155261668,30.75431926173554,4.644960573348369,-0.05275478812188925,-0.04006103636561002
5416.0,216.64000000000001,1.0,-1.2499949310551015,30.772576381593176,-1.2499949310551015,30.772576381593176,4.499088324108663,-0.04426321680235725,-0.04044589077520579
5417.0,216.68,1.0,-1.0077028906520085,30.79133663078618,-1.0077028906520085,30.79133663078618,4.355010654582486,-0.03475953660419728,-0.040527943201361674
5418.0,216.72,1.0,-0.7625542184845041,30.80729382561834,-0.7625542184845041,30.80729382561834,4.205552707102957,-0.024469308309498762,-0.040227590442922546
5419.0,216.76,1.0,-0.5203396425936994,30.82140052455556,-0.5203396425936994,30.82140052455556,4.052494287887507,-0.013655863694588844,-0.039529463641090674
5420.0,216.8,1.0,-0.2773346330109837,30.835042754653905,-0.2773346330109837,30.835042754653905,3.89220027978863,-0.002595033836362215,-0.0384518630733301
5421.0,216.84,1.0,-0.03754241538334278,30.846800732379243,-0.03754241538334278,30.846800732379243,3.728234128529023,0.008419332528441825,-0.03695136309447697
5422.0,216.88,1.0,0.19768238405353028,30.856659895473985,0.19768238405353028,30.856659895473985,3.5586904849953873,0.019095215695722145,-0.03503492106505639
5423.0,216.92000000000002,1.0,0.4326174633131098,30.862036719678212,0.4326174633131098,30.862036719678212,3.3907005246552053,0.029133961774147732,-0.03260173913542517
5424.0,216.96,1.0,0.663709541950206,30.86737577997702,0.663709541950206,30.86737577997702,3.2231415557400767,0.03825459381988135,-0.0297578384394787
5425.0,217.0,1.0,0.8964867161008986,30.865649735158637,0.8964867161008986,30.865649735158637,3.056006126774139,0.04620622484773349,-0.026519939502360014
5426.0,217.04,1.0,1.127863522123122,30.86511411866586,1.127863522123122,30.86511411866586,2.8883948639246046,0.05276890188202601,-0.022935833679166885
5427.0,217.08,1.0,1.3630600920580171,30.859545531435963,1.3630600920580171,30.859545531435963,2.7203042435496783,0.05777380877031981,-0.01904306803588752
5428.0,217.12,1.0,1.5955087111194508,30.85223382485396,1.5955087111194508,30.85223382485396,2.5506139174629925,0.0611019862598652,-0.01486471692055456
5429.0,217.16,1.0,1.8329912400497836,30.841256279865217,1.8329912400497836,30.841256279865217,2.3864646413989514,0.06269463385641687,-0.010491634143754865
5430.0,217.20000000000002,1.0,2.0694828572378947,30.82886844073169,2.0694828572378947,30.82886844073169,2.225957824617358,0.0625502569512143,-0.005948234783578279
5431.0,217.24,1.0,2.3043128293458834,30.815165813718643,2.3043128293458834,30.815165813718643,2.0726665302222895,0.06073386067920248,-0.0012197044968027524
5432.0,217.28,1.0,2.542919176132946,30.799551949597287,2.542919176132946,30.799551949597287,1.9229652857457942,0.05736202702915354,0.0036468541969849138
5433.0,217.32,1.0,2.7785316069603203,30.783734427289858,2.7785316069603203,30.783734427289858,1.7786431655840882,0.052597584656670526,0.008550368265560965
5434.0,217.36,1.0,3.017553909973173,30.764149316503772,3.017553909973173,30.764149316503772,1.6325373111103088,0.046663990642125674,0.013381822163747406
5435.0,217.4,1.0,3.251651617461409,30.744434256888816,3.251651617461409,30.744434256888816,1.4855436024763773,0.039828584204205965,0.018079271682027123
5436.0,217.44,1.0,3.4883556843044965,30.720937849403168,3.4883556843044965,30.720937849403168,1.3376565253748396,0.032384012920474284,0.02263445664880637
5437.0,217.48000000000002,1.0,3.724795622624047,30.697315681100115,3.724795622624047,30.697315681100115,1.1893275034860207,0.024649694486835384,0.02699504143138779
5438.0,217.52,1.0,3.9577249759132487,30.67309638239014,3.9577249759132487,30.67309638239014,1.0476987427303492,0.016955964799941638,0.031033769616793404
5439.0,217.56,1.0,4.192296836532267,30.64965418006227,4.192296836532267,30.64965418006227,0.9129990661253643,0.009643291870571757,0.0346885323104391
5440.0,217.6,1.0,4.429545906107794,30.62125489620996,4.429545906107794,30.62125489620996,0.7888009458992792,0.003020073551582403,0.03787996639813766
5441.0,217.64000000000001,1.0,4.663761308938142,30.589862743824334,4.663761308938142,30.589862743824334,0.6752200780860027,-0.0026229963732604,0.04051838525437608
5442.0,217.68,1.0,4.901003661707501,30.555783633065477,4.901003661707501,30.555783633065477,0.5740444361713699,-0.007047601293588346,0.0425478275499553
5443.0,217.72,1.0,5.139301702062408,30.520549270873612,5.139301702062408,30.520549270873612,0.4853354210431065,-0.010042703088234161,0.043824292085251564
5444.0,217.76,1.0,5.388074422475573,30.479914492420345,5.388074422475573,30.479914492420345,0.4099889399541964,-0.011445819749232377,0.04441670829159154
5445.0,217.8,1.0,5.632549602340151,30.440063514408354,5.632549602340151,30.440063514408354,0.34803627365633416,-0.011151731274915755,0.04429895157214074
5446.0,217.84,1.0,5.883453611451568,30.398475251542465,5.883453611451568,30.398475251542465,0.29992803458624084,-0.009125223471906252,0.04350467392733846
5447.0,217.88,1.0,6.12956816603228,30.356828786107332,6.12956816603228,30.356828786107332,0.2656778194304984,-0.005377887972769413,0.04201846424585098
5448.0,217.92000000000002,1.0,6.380662188094219,30.316872019570148,6.380662188094219,30.316872019570148,0.2455108943142387,1.9894901227890394e-05,0.03986905025889922
5449.0,217.96,1.0,6.625547703338218,30.27416982850651,6.625547703338218,30.27416982850651,0.2322910287164152,0.00693185759510011,0.037164943050543964
5450.0,218.0,1.0,6.873437988380596,30.233905335822215,6.873437988380596,30.233905335822215,0.22612924808556026,0.01516274281011678,0.03395220283664749
5451.0,218.04,1.0,7.118702585727073,30.19015072354201,7.118702585727073,30.19015072354201,0.22345743556390732,0.024488580170445372,0.030300554660682988
5452.0,218.08,1.0,7.361968793435255,30.14707646224852,7.361968793435255,30.14707646224852,0.22433188065399418,0.03465195096431426,0.026294288565277508
5453.0,218.12,1.0,7.604627500989658,30.10032216528678,7.604627500989658,30.10032216528678,0.2269689276379967,0.0453849319730681,0.021992047640252164
5454.0,218.16,1.0,7.844999158160611,30.05501420424819,7.844999158160611,30.05501420424819,0.23139557475520905,0.05638771107671627,0.017545348127388234
5455.0,218.20000000000002,1.0,8.08678198195801,30.00678319146301,8.08678198195801,30.00678319146301,0.23672066843172504,0.06736321840685788,0.013012694262567532
5456.0,218.24,1.0,8.325473949128936,29.958232211483175,8.325473949128936,29.958232211483175,0.24295905812273694,0.07802100828247341,0.008445001636554586
5457.0,218.28,1.0,8.565828193118167,29.904814029237933,8.565828193118167,29.904814029237933,0.24966581475817015,0.08810447155482064,0.0039013527031907026
5458.0,218.32,1.0,8.802833675374846,29.849622475187296,8.802833675374846,29.849622475187296,0.2568497769933479,0.09736624661746329,-0.00045377071599615943
5459.0,218.36,1.0,9.03812992995051,29.788268680638783,9.03812992995051,29.788268680638783,0.2642893415924109,0.10558777669547337,-0.00456363353402467
5460.0,218.4,1.0,9.26892135947569,29.72616664697609,9.26892135947569,29.72616664697609,0.27199328695763275,0.11260275393715975,-0.008321537698518502
5461.0,218.44,1.0,9.502192410973175,29.66430144468304,9.502192410973175,29.66430144468304,0.2798544163478499,0.11829927427855916,-0.011677910980762218
5462.0,218.48000000000002,1.0,9.732005933594689,29.599378934228177,9.732005933594689,29.599378934228177,0.2878810739037304,0.12260840437508233,-0.01456196834912088
5463.0,218.52,1.0,9.963851441297553,29.535655030787858,9.963851441297553,29.535655030787858,0.29602107377566356,0.12550915651468658,-0.016936712354704973
5464.0,218.56,1.0,10.185907066054643,29.466365220715822,10.185907066054643,29.466365220715822,0.3042792820402715,0.12701563573416172,-0.01875976583909076
5465.0,218.6,1.0,10.408335859853503,29.39906152531315,10.408335859853503,29.39906152531315,0.3126283772771563,0.12719266735905943,-0.02001071973917652
5466.0,218.64000000000001,1.0,10.630152947172204,29.326449156228705,10.630152947172204,29.326449156228705,0.32106863892315474,0.12614390248167925,-0.020671156970216476
5467.0,218.68,1.0,10.849906088227987,29.25498705163176,10.849906088227987,29.25498705163176,0.32958181661605374,0.12398927815989591,-0.02073864199588058
5468.0,218.72,1.0,11.070976319251539,29.17756719635664,11.070976319251539,29.17756719635664,0.3381640595870658,0.12085627467553646,-0.020216122556786092
5469.0,218.76,1.0,11.287328626253545,29.10351386373001,11.287328626253545,29.10351386373001,0.34680140332671516,0.11689856154393967,-0.019229129396325907
5470.0,218.8,1.0,11.503492989252141,29.022920752618298,11.503492989252141,29.022920752618298,0.3554885422238231,0.11228312671403315,-0.017799593077885333
5471.0,218.84,1.0,11.721876869914219,28.941312530736884,11.721876869914219,28.941312530736884,0.36421234985899825,0.10716637321110042,-0.016013493780004943
5472.0,218.88,1.0,11.940570034386543,28.85315330031808,11.940570034386543,28.85315330031808,0.37296391645528093,0.10168978366633039,-0.013907195690258242
5473.0,218.92000000000002,1.0,12.156361480661957,28.768026186953165,12.156361480661957,28.768026186953165,0.3817292272493397,0.09598903319474247,-0.011550802733748311
5474.0,218.96,1.0,12.370542801668295,28.678994209175773,12.370542801668295,28.678994209175773,0.39049579270040363,0.09017761856564288,-0.008989477028605619
5475.0,219.0,1.0,12.580202464588991,28.58921344992758,12.580202464588991,28.58921344992758,0.3992488260971336,0.08435321052266125,-0.006284639394254601
5476.0,219.04,1.0,12.78922517653415,28.494335242854238,12.78922517653415,28.494335242854238,0.4079750273473411,0.07859367925409817,-0.0034843710957899953
5477.0,219.08,1.0,12.995539329644709,28.402287469228344,12.995539329644709,28.402287469228344,0.4166615000509787,0.07294066640961805,-0.0006439472740797016
5478.0,219.12,1.0,13.204678642395558,28.304425046118734,13.204678642395558,28.304425046118734,0.425298603067244,0.06742707193914707,0.0021906044090123367
5479.0,219.16,1.0,13.41334850064574,28.208468272050574,13.41334850064574,28.208468272050574,0.43387757652788694,0.06208316712831365,0.004972435393569418
5480.0,219.20000000000002,1.0,13.619640521558344,28.11180801628401,13.619640521558344,28.11180801628401,0.44239235904475527,0.056922413195895194,0.007662639307440168
5481.0,219.24,1.0,13.827049435875427,28.0108114191175,13.827049435875427,28.0108114191175,0.45083524917042694,0.05193569399985989,0.010224778035567365
5482.0,219.28,1.0,14.033179003278459,27.908033263077407,14.033179003278459,27.908033263077407,0.4591984260119011,0.04712071167421872,0.012629235797987734
5483.0,219.32,1.0,14.234607993789714,27.801812868998024,14.234607993789714,27.801812868998024,0.46747431489124447,0.042464307245016576,0.01485056106772647
5484.0,219.36,1.0,14.437529630761565,27.698335315209004,14.437529630761565,27.698335315209004,0.4756550380478206,0.037948481677323634,0.01687011852977769
5485.0,219.4,1.0,14.639578153445592,27.591617163557185,14.639578153445592,27.591617163557185,0.4837364009736887,0.033564132389002445,0.01867378731691653
5486.0,219.44,1.0,14.835588233479285,27.483942956597797,14.835588233479285,27.483942956597797,0.49171430064732313,0.029315227940063294,0.02025315674745945
5487.0,219.48000000000002,1.0,15.038748454798034,27.37214706840596,15.038748454798034,27.37214706840596,0.4995884182866515,0.025207972492557084,0.021604463144841202
5488.0,219.52,1.0,15.236259564891707,27.260994253075488,15.236259564891707,27.260994253075488,0.5073577523507041,0.021271904312120737,0.022729505471792498
5489.0,219.56,1.0,15.43813496449584,27.14762953588467,15.43813496449584,27.14762953588467,0.5150219399701432,0.017556032850313243,0.023633815903008618
5490.0,219.6,1.0,15.633289896120914,27.034215697807337,15.633289896120914,27.034215697807337,0.522579582163205,0.01411437079384643,0.024326969808320144
5491.0,219.64000000000001,1.0,15.827023341399695,26.91905190974465,15.827023341399695,26.91905190974465,0.5300272113059767,0.011000934243091431,0.02482132168617741
5492.0,219.68,1.0,16.017851215704354,26.80349110374157,16.017851215704354,26.80349110374157,0.5373625453639768,0.008295199515890772,0.025131987929028786
5493.0,219.72,1.0,16.208838024407466,26.684913001048642,16.208838024407466,26.684913001048642,0.5445840548180862,0.006055305929959243,0.025275627861511503
5494.0,219.76,1.0,16.401072522172853,26.562086431716228,16.401072522172853,26.562086431716228,0.5516922344973814,0.004355811881850924,0.02526996595023422
5495.0,219.8,1.0,16.59615022633023,26.44051544552203,16.59615022633023,26.44051544552203,0.5586899464507814,0.00325590756147367,0.02513229659342194
5496.0,219.84,1.0,16.78828451237386,26.320791356560825,16.78828451237386,26.320791356560825,0.5655796581359711,0.0027992704635201758,0.024879774594618397
5497.0,219.88,1.0,16.98189863710941,26.196203960663507,16.98189863710941,26.196203960663507,0.5723664774165071,0.0030007024769233004,0.024528521071672336
5498.0,219.92000000000002,1.0,17.173547576286378,26.07168761269407,17.173547576286378,26.07168761269407,0.5790537130369507,0.0038779481556947106,0.024093300149368564
5499.0,219.96,1.0,17.365950990183286,25.946086257619122,17.365950990183286,25.946086257619122,0.5856464885484536,0.005416456956437976,0.02358621495428868
5500.0,220.0,1.0,17.557697385505193,25.817851208000633,17.557697385505193,25.817851208000633,0.5921499673124471,0.00755694500872206,0.023016881227841166
5501.0,220.04,1.0,17.743017259656344,25.687800914101086,17.743017259656344,25.687800914101086,0.5985703948667342,0.010205786868566902,0.02239122869792255
5502.0,220.08,1.0,17.928942647575106,25.558562939809057,17.928942647575106,25.558562939809057,0.6049187100710988,0.01326229794642253,0.0217114814882996
5503.0,220.12,1.0,18.112847345591526,25.426940479630368,18.112847345591526,25.426940479630368,0.6112058792342817,0.01659004523156695,0.02097585539514186
5504.0,220.16,1.0,18.303035854840388,25.29354611183856,18.303035854840388,25.29354611183856,0.6174468927379564,0.0200549041040645,0.020179192320209077
5505.0,220.20000000000002,1.0,18.488961639545558,25.157335955889234,18.488961639545558,25.157335955889234,0.6236558204794251,0.02348564413322556,0.019313168740021168
5506.0,220.24,1.0,18.677749132761555,25.02404310847995,18.677749132761555,25.02404310847995,0.6298475619910016,0.02672005476293402,0.018366808593815037
5507.0,220.28,1.0,18.858626804668113,24.890145664910115,18.858626804668113,24.890145664910115,0.6360362389307023,0.029592235622644257,0.017326810713288003
5508.0,220.32,1.0,19.039715666556496,24.75383298923696,19.039715666556496,24.75383298923696,0.6422337690040997,0.031966025261702356,0.016178320683303382
5509.0,220.36,1.0,19.221921067922516,24.614709975834668,19.221921067922516,24.614709975834668,0.6484528831103797,0.03367439480439467,0.014905931578598843
5510.0,220.4,1.0,19.400343121731616,24.474423595823993,19.400343121731616,24.474423595823993,0.6547030405906874,0.03458692016946381,0.013495059689853072
5511.0,220.44,1.0,19.58538310688794,24.33312705313949,19.58538310688794,24.33312705313949,0.6609947317626845,0.03461819324653774,0.011932305447222718
5512.0,220.48000000000002,1.0,19.76069772633165,24.193084760437706,19.76069772633165,24.193084760437706,0.6673369854764426,0.033723025646072456,0.010207519242560952
5513.0,220.52,1.0,19.946258262623946,24.050347885735654,19.946258262623946,24.050347885735654,0.6737358211827148,0.03186592330927085,0.008314301564108253
5514.0,220.56,1.0,20.12139154533289,23.91053917439152,20.12139154533289,23.91053917439152,0.6801976593148674,0.029051281413014652,0.006251583189462032
5515.0,220.6,1.0,20.29702619500292,23.768157693862435,20.29702619500292,23.768157693862435,0.6867240310806249,0.025321966766975734,0.004024009456945673
5516.0,220.64000000000001,1.0,20.471228800254234,23.625740181213615,20.471228800254234,23.625740181213615,0.6933169938098231,0.020784673293251243,0.001643181856437466
5517.0,220.68,1.0,20.647282772683205,23.47986053987964,20.647282772683205,23.47986053987964,0.6999744042963307,0.015571469098497891,-0.0008717057053541615
5518.0,220.72,1.0,20.816204510388726,23.340359654346173,20.816204510388726,23.340359654346173,0.7066945259032356,0.0098433990326944,-0.0034941037247785784
5519.0,220.76,1.0,20.984833266399658,23.199373351403203,20.984833266399658,23.199373351403203,0.7134750786999989,0.003758672774567917,-0.0061905836827517
5520.0,220.8,1.0,21.14897878776982,23.05668116103312,21.14897878776982,23.05668116103312,0.720312270077727,-0.0024584817263041403,-0.008921875752413896
5521.0,220.84,1.0,21.32057994509369,22.91289649042597,21.32057994509369,22.91289649042597,0.7272059880805601,-0.008590034115108502,-0.011643216668208828
5522.0,220.88,1.0,21.485969173059914,22.765437773813332,21.485969173059914,22.765437773813332,0.734153114825257,-0.014431167227403762,-0.014305222217005354
5523.0,220.92000000000002,1.0,21.65761368646673,22.617387726043788,21.65761368646673,22.617387726043788,0.7411542954018149,-0.01979349003363671,-0.01685587472090224
5524.0,220.96,1.0,21.822473719509198,22.47045468194466,21.822473719509198,22.47045468194466,0.7482089840082808,-0.0244755271825406,-0.019241818258023617
5525.0,221.0,1.0,21.991341295541755,22.318797756846045,21.991341295541755,22.318797756846045,0.7553169140512324,-0.02830488712362602,-0.021410708750055137
5526.0,221.04,1.0,22.157360884191334,22.165964301119736,22.157360884191334,22.165964301119736,0.7624792326899671,-0.03115887931332808,-0.023312454525538557
5527.0,221.08,1.0,22.324017220332713,22.009868635553183,22.324017220332713,22.009868635553183,0.7696963759066265,-0.03296533620514754,-0.024902260188607323
5528.0,221.12,1.0,22.490115462780665,21.851978246555664,22.490115462780665,21.851978246555664,0.7769726270589573,-0.03369581688371526,-0.02614187286625034
5529.0,221.16,1.0,22.65469647133242,21.69154715182915,22.65469647133242,21.69154715182915,0.7843116363061886,-0.03334698607836264,-0.027001308450420515
5530.0,221.20000000000002,1.0,22.820944534318954,21.531046314468362,22.820944534318954,21.531046314468362,0.7917193504073518,-0.03194816184008322,-0.027459530073884658
5531.0,221.24,1.0,22.978861273212665,21.366790186837548,22.978861273212665,21.366790186837548,0.7992018135154864,-0.029604324465384146,-0.027505241352618847
5532.0,221.28,1.0,23.140829038754173,21.201484901979043,23.140829038754173,21.201484901979043,0.8067622968876232,-0.026458806363276733,-0.027138510122642824
5533.0,221.32,1.0,23.293386332131767,21.036595584378063,23.293386332131767,21.036595584378063,0.8144061932671395,-0.022668803686161733,-0.026369933924448995
5534.0,221.36,1.0,23.44811059034044,20.872253755956386,23.44811059034044,20.872253755956386,0.8221326756428858,-0.018404296502151075,-0.025220101608597056
5535.0,221.4,1.0,23.60340668755112,20.704378465110572,23.60340668755112,20.704378465110572,0.8299416223481,-0.013879201446533295,-0.02371830479585451
5536.0,221.44,1.0,23.755772564013398,20.534373952785813,23.755772564013398,20.534373952785813,0.8378284410159699,-0.009315346789154244,-0.02190196455203704
5537.0,221.48000000000002,1.0,23.905330349164572,20.366574941699085,23.905330349164572,20.366574941699085,0.8457876506896648,-0.004916685308350344,-0.01981566361939815
5538.0,221.52,1.0,24.055490888275354,20.191489138277923,24.055490888275354,20.191489138277923,0.8538103185761589,-0.0008797206788549117,-0.017508504434939304
5539.0,221.56,1.0,24.205909404437822,20.012811737639804,24.205909404437822,20.012811737639804,0.861884006931726,0.0026283002132224675,-0.015032718183165792
5540.0,221.6,1.0,24.356930909222847,19.835972015087613,24.356930909222847,19.835972015087613,0.869994474017056,0.005446950117736704,-0.012440982502375967
5541.0,221.64000000000001,1.0,24.50158080811862,19.659867138472368,24.50158080811862,19.659867138472368,0.8781231442032166,0.007454410353390162,-0.009785183139485645
5542.0,221.68,1.0,24.64979984725945,19.485056923701926,24.64979984725945,19.485056923701926,0.8862516044087319,0.008569643628819045,-0.007114048481690116
5543.0,221.72,1.0,24.79277234428594,19.307093856444407,24.79277234428594,19.307093856444407,0.8943603592052171,0.008765790068182788,-0.004470796053252401
5544.0,221.76,1.0,24.93525318709127,19.126024800244032,24.93525318709127,19.126024800244032,0.9024291014131316,0.00802723539195469,-0.001893145912817589
5545.0,221.8,1.0,25.07214309105921,18.946124622212388,25.07214309105921,18.946124622212388,0.9104404015477947,0.006371386585987349,0.0005874277377320942
5546.0,221.84,1.0,25.210532759556383,18.76425179331554,25.210532759556383,18.76425179331554,0.9183773967328852,0.0038644619156254167,0.0029455599481505042
5547.0,221.88,1.0,25.345612595871067,18.583308746405866,25.345612595871067,18.583308746405866,0.9262277798025105,0.0006176217209326485,0.005163922098905101
5548.0,221.92000000000002,1.0,25.480113280601305,18.40304982018683,25.480113280601305,18.40304982018683,0.9339792918568456,-0.003243735597136044,0.007232133828681747
5549.0,221.96,1.0,25.61050734411848,18.22379823828057,25.61050734411848,18.22379823828057,0.9416251093994037,-0.00757985602980582,0.009146067548994722
5550.0,222.0,1.0,25.73901344053896,18.04217844751735,25.73901344053896,18.04217844751735,0.9491602315436417,-0.012259039111426007,0.010906153422411679
5551.0,222.04,1.0,25.866936051878135,17.863265969479492,25.866936051878135,17.863265969479492,0.9565837793006764,-0.01713705474612246,0.012516324253672537
5552.0,222.08,1.0,25.994567446813285,17.68083615104793,25.994567446813285,17.68083615104793,0.9638984810677295,-0.022076494412611104,0.013983489103527175
5553.0,222.12,1.0,26.12096780234801,17.493257939854203,26.12096780234801,17.493257939854203,0.9711078580677641,-0.026930465900645295,0.015315616092869305
5554.0,222.16,1.0,26.249062201620223,17.302262716290144,26.249062201620223,17.302262716290144,0.978218623081375,-0.03158638659232262,0.016519720834260624
5555.0,222.20000000000002,1.0,26.374727876918293,17.109189317481924,26.374727876918293,17.109189317481924,0.9852376506942655,-0.035924907886739924,0.017601103645937366
5556.0,222.24,1.0,26.49940365227073,16.91724860871978,26.49940365227073,16.91724860871978,0.9921734451858656,-0.03985099733420021,0.018562563434723196
5557.0,222.28,1.0,26.620386287067184,16.724303274683272,26.620386287067184,16.724303274683272,0.9990342919062851,-0.04328095028847663,0.01940360883414979
5558.0,222.32,1.0,26.74302717031465,16.52795893701307,26.74302717031465,16.52795893701307,1.0058283262117806,-0.046170209344889954,0.020117751469715967
5559.0,222.36,1.0,26.8612284345924,16.33225115002368,26.8612284345924,16.33225115002368,1.012565509556719,-0.04848447869726533,0.020694317222235366
5560.0,222.4,1.0,26.979656068385292,16.134429000177718,26.979656068385292,16.134429000177718,1.0192540985896483,-0.050196845806346646,0.02111799716733298
5561.0,222.44,1.0,27.097985610592282,15.938990296104274,27.097985610592282,15.938990296104274,1.0259044730866327,-0.05126999626000961,0.021370780154948456
5562.0,222.48000000000002,1.0,27.21683275886601,15.740090030254361,27.21683275886601,15.740090030254361,1.0325248297927279,-0.0516874825957222,0.021431098724431278
5563.0,222.52,1.0,27.33314803183195,15.54234927235944,27.33314803183195,15.54234927235944,1.0391242259336146,-0.051452432597041506,0.021274712969398042
5564.0,222.56,1.0,27.446918379851716,15.345112335843737,27.446918379851716,15.345112335843737,1.0457120585881603,-0.05058569838498213,0.020875863086059435
5565.0,222.6,1.0,27.56151314089424,15.14711517990499,27.56151314089424,15.14711517990499,1.0522979315310323,-0.049088463185604246,0.020210048704894575
5566.0,222.64000000000001,1.0,27.67296957519876,14.945403713637887,27.67296957519876,14.945403713637887,1.0588921433830603,-0.04696891746132041,0.019255351544991594
5567.0,222.68,1.0,27.783363140145816,14.743144309521899,27.783363140145816,14.743144309521899,1.0655039682658733,-0.04423525910020507,0.017993207149695774
5568.0,222.72,1.0,27.894224743147827,14.542789197199095,27.894224743147827,14.542789197199095,1.0721446915827726,-0.04091950378060312,0.016410093435951296
5569.0,222.76,1.0,28.002440121152993,14.339535490657425,28.002440121152993,14.339535490657425,1.0788239448925068,-0.037042312022918675,0.014500786290891163
5570.0,222.8,1.0,28.11251097947844,14.137944178964663,28.11251097947844,14.137944178964663,1.0855515100797126,-0.03263708910478742,0.012268017892084307
5571.0,222.84,1.0,28.218757066680617,13.92952302640293,28.218757066680617,13.92952302640293,1.0923357545815673,-0.02774308755019399,0.009724080820971159
5572.0,222.88,1.0,28.32920734791769,13.723615620057439,28.32920734791769,13.723615620057439,1.0991828786491569,-0.022432397631341174,0.0068904173221602995
5573.0,222.92000000000002,1.0,28.436574828540557,13.517150237264607,28.436574828540557,13.517150237264607,1.1060980546058625,-0.016774957846798322,0.0038001408039679157
5574.0,222.96,1.0,28.54390028272986,13.309772442977678,28.54390028272986,13.309772442977678,1.1130835927877372,-0.010838959641916945,0.0004970190507426018
5575.0,223.0,1.0,28.647113907480446,13.102867566094275,28.647113907480446,13.102867566094275,1.1201397548010976,-0.004707710405992138,-0.0029644085883314816
5576.0,223.04,1.0,28.750794616084402,12.892461578470204,28.750794616084402,12.892461578470204,1.1272633684846436,0.0014980285906549095,-0.006521625652027382
5577.0,223.08,1.0,28.851888196506046,12.682542493225187,28.851888196506046,12.682542493225187,1.134450220244797,0.007637168638899405,-0.01010438267761522
5578.0,223.12,1.0,28.953403198356607,12.474932140539988,28.953403198356607,12.474932140539988,1.1416956659865218,0.013563029457292064,-0.013635253892672464
5579.0,223.16,1.0,29.053442543251855,12.262472541269874,29.053442543251855,12.262472541269874,1.1489919763522927,0.01913819724408512,-0.017031534407417597
5580.0,223.20000000000002,1.0,29.155623457676747,12.047273367824783,29.155623457676747,12.047273367824783,1.1563329780693306,0.02421078639076959,-0.020208963651161684
5581.0,223.24,1.0,29.251417942769013,11.833524775407977,29.251417942769013,11.833524775407977,1.1637097799499256,0.028635272127186574,-0.023083732119190847
5582.0,223.28,1.0,29.346273042756007,11.62165411064515,29.346273042756007,11.62165411064515,1.171115805743709,0.032270852325303155,-0.02557489723968654
5583.0,223.32,1.0,29.43798940031828,11.410067028733675,29.43798940031828,11.410067028733675,1.1785431999167417,0.035011472732021966,-0.027606567966241252
5584.0,223.36,1.0,29.529673316607813,11.19865423342699,29.529673316607813,11.19865423342699,1.1859863393048597,0.03675859653673239,-0.029112018848101405
5585.0,223.4,1.0,29.616844852755577,10.987617221738262,29.616844852755577,10.987617221738262,1.1934400381886952,0.0374367531334598,-0.030035297727184707
5586.0,223.44,1.0,29.705362105224015,10.775310299614413,29.705362105224015,10.775310299614413,1.2009016035729336,0.036999291969011416,-0.030334286229587837
5587.0,223.48000000000002,1.0,29.791722100538557,10.563194504998899,29.791722100538557,10.563194504998899,1.2083711197536864,0.035447837781671,-0.02998102351017251
5588.0,223.52,1.0,29.873967338840323,10.3484505551214,29.873967338840323,10.3484505551214,1.2158494724888484,0.03282480746486396,-0.028964779271166814
5589.0,223.56,1.0,29.953447389277528,10.133527710601852,29.953447389277528,10.133527710601852,1.2233378747693606,0.029210301300839035,-0.02729375172593055
5590.0,223.6,1.0,30.030804394266926,9.914763975496427,30.030804394266926,9.914763975496427,1.2308388690434733,0.024717048339361745,-0.02499564464477514
5591.0,223.64000000000001,1.0,30.10695180477179,9.698567651536143,30.10695180477179,9.698567651536143,1.2383537000915699,0.01949707076785081,-0.02211633753231844
5592.0,223.68,1.0,30.176714266393894,9.48190131772234,30.176714266393894,9.48190131772234,1.2458854906001533,0.013733063301092984,-0.018719387495023075
5593.0,223.72,1.0,30.244359965949524,9.266798180672918,30.244359965949524,9.266798180672918,1.2534351609927963,0.0076274993908905355,-0.014885972236101021
5594.0,223.76,1.0,30.309320775332754,9.04980656272369,30.309320775332754,9.04980656272369,1.261005429443551,0.0013835573626891807,-0.010713043266953878
5595.0,223.8,1.0,30.372908580147005,8.831063040093305,30.372908580147005,8.831063040093305,1.2685974876730604,-0.004766755767921471,-0.00631027331120274
5596.0,223.84,1.0,30.43398673671938,8.615470938969715,30.43398673671938,8.615470938969715,1.2762142800134377,-0.010595408521019811,-0.0017968094677888063
5597.0,223.88,1.0,30.49427480424911,8.39752923352975,30.49427480424911,8.39752923352975,1.2838566044674602,-0.01587476461898678,0.0027025630700070343
5598.0,223.92000000000002,1.0,30.551974346080748,8.177061069721832,30.551974346080748,8.177061069721832,1.2915236306787157,-0.020396322282281876,0.007060347856896579
5599.0,223.96,1.0,30.609300492957647,7.960969444671397,30.609300492957647,7.960969444671397,1.2992135060473076,-0.023968774774918034,0.011151033401553967
5600.0,224.0,1.0,30.663858929381313,7.7405161193576175,30.663858929381313,7.7405161193576175,1.3069228601708547,-0.02643703881789692,0.01485538658326416
5601.0,224.04,1.0,30.720810537063933,7.516886251810303,30.720810537063933,7.516886251810303,1.3146475800864177,-0.02768017333623003,0.01806440401914485
5602.0,224.08,1.0,30.77431826865564,7.291339361712632,30.77431826865564,7.291339361712632,1.3223826475362803,-0.02760352897947189,0.020682051320789596
5603.0,224.12,1.0,30.82916050505934,7.065778631646639,30.82916050505934,7.065778631646639,1.3301225938390662,-0.026148652476872147,0.022628982936194114
5604.0,224.16,1.0,30.880962499623063,6.834972409824891,30.880962499623063,6.834972409824891,1.337861396967042,-0.023284460861103008,0.023846670783160776
5605.0,224.20000000000002,1.0,30.935882620290272,6.605941253755437,30.935882620290272,6.605941253755437,1.3455926699750553,-0.01900586110761928,0.024299406412758705
5606.0,224.24,1.0,30.98639703545037,6.379500384006995,30.98639703545037,6.379500384006995,1.353309766996192,-0.013358818574426622,0.02397565093725345
5607.0,224.28,1.0,31.03614261028676,6.1536586624579055,31.03614261028676,6.1536586624579055,1.3610047128753158,-0.006410012475952675,0.02288785437938447
5608.0,224.32,1.0,31.08305262180312,5.925952777822324,31.08305262180312,5.925952777822324,1.3686704336378888,0.0017518088124632626,0.0210729668921522
5609.0,224.36,1.0,31.130262558365768,5.698494367334949,31.130262558365768,5.698494367334949,1.3763009910089081,0.011022746529748195,0.01859172825888271
5610.0,224.4,1.0,31.17603465346877,5.471262550986799,31.17603465346877,5.471262550986799,1.3838909822675345,0.021268692791735842,0.015526961491844293
5611.0,224.44,1.0,31.220467347309057,5.245207558983014,31.220467347309057,5.245207558983014,1.391437178536178,0.03234964002571392,0.011980290601470068
5612.0,224.48000000000002,1.0,31.264205313038946,5.017246729960778,31.264205313038946,5.017246729960778,1.3989376113707246,0.04411034499705593,0.008068700764054847
5613.0,224.52,1.0,31.306668860253335,4.788540464329349,31.306668860253335,4.788540464329349,1.406393129122732,0.05637545148327485,0.00392125888147989
5614.0,224.56,1.0,31.34970678603245,4.555927961382267,31.34970678603245,4.555927961382267,1.413805149913914,0.06896741196230582,-0.00032537642535353657
5615.0,224.6,1.0,31.389867264842746,4.327032678540846,31.389867264842746,4.327032678540846,1.4211785802797554,0.08169453411547564,-0.004532088472640028
5616.0,224.64000000000001,1.0,31.430572861430374,4.095048887146416,31.430572861430374,4.095048887146416,1.4285186812411774,0.09436470930642374,-0.008561864549110957
5617.0,224.68,1.0,31.469262364384104,3.8651926785029715,31.469262364384104,3.8651926785029715,1.4358329390438125,0.1067894001672605,-0.012284407323814198
5618.0,224.72,1.0,31.50565364996765,3.6387516198979752,31.50565364996765,3.6387516198979752,1.443129422373962,0.11877575871962895,-0.015579839444421453
5619.0,224.76,1.0,31.537203868381265,3.4094300017660664,31.537203868381265,3.4094300017660664,1.4504172346246051,0.1301144372612531,-0.018343744271092293
5620.0,224.8,1.0,31.56567030733985,3.1844173943646696,31.56567030733985,3.1844173943646696,1.4577058940502972,0.14059052950475404,-0.020490830223441826
5621.0,224.84,1.0,31.5914972778643,2.958329353664345,31.5914972778643,2.958329353664345,1.4650061711976847,0.15000720917891514,-0.02195781567741715
5622.0,224.88,1.0,31.615367124341496,2.733270752780923,31.615367124341496,2.733270752780923,1.4723286265548658,0.1581688334072498,-0.0227042979068585
5623.0,224.92000000000002,1.0,31.63600684252831,2.5034637638746253,31.63600684252831,2.5034637638746253,1.4796829764319788,0.1649037190759512,-0.022714073636650893
5624.0,224.96,1.0,31.655347254638933,2.2787602220001157,31.655347254638933,2.2787602220001157,1.4870777090502103,0.1700545526375849,-0.021996051868498283
5625.0,225.0,1.0,31.67185892556684,2.053868965422933,31.67185892556684,2.053868965422933,1.4945203574690686,0.17347092797126892,-0.020583638122721938
5626.0,225.04,1.0,31.68530161543422,1.8286116379935282,31.68530161543422,1.8286116379935282,1.5020153488052521,0.17503763463749875,-0.018533029311923556
5627.0,225.08,1.0,31.696707294029267,1.6065746776748775,31.696707294029267,1.6065746776748775,1.5095656012402208,0.17466072716949826,-0.015920634443059762
5628.0,225.12,1.0,31.706877234226273,1.382200515393337,31.706877234226273,1.382200515393337,1.517170620779804,0.17228442946970973,-0.012840372181010109
5629.0,225.16,1.0,31.715815389573322,1.160665361806632,31.715815389573322,1.160665361806632,1.524828786229064,0.16787955843258964,-0.00940066627200294
5630.0,225.20000000000002,1.0,31.722903056018055,0.9419731975738219,31.722903056018055,0.9419731975738219,1.5325361436563782,0.1614861751421064,-0.0057200837413273874
5631.0,225.24,1.0,31.728018162148363,0.7231270672442606,31.728018162148363,0.7231270672442606,1.540286988738171,0.15319751518959035,-0.0019225532540383971
5632.0,225.28,1.0,31.729938806297678,0.5062197178190593,31.729938806297678,0.5062197178190593,1.5480729354261242,0.14315365041724476,0.0018669889483160103
5633.0,225.32,1.0,31.730159594583967,0.2873108055058842,31.730159594583967,0.2873108055058842,1.555883698752131,0.13154399058410896,0.0055258434739999165
5634.0,225.36,1.0,31.72930179650728,0.07662892269812126,31.72930179650728,0.07662892269812126,1.5637089582368335,0.11858992630412865,0.008938284518049157
5635.0,225.4,1.0,31.72723673624116,-0.134253577811622,31.72723673624116,-0.134253577811622,1.571536422829352,0.10456406675755307,0.012000292708383514
5636.0,225.44,1.0,31.72458514529324,-0.34610618760225836,31.72458514529324,-0.34610618760225836,1.5793541203241985,0.08978891067842269,0.014622598715593977
5637.0,225.48000000000002,1.0,31.71797677544531,-0.5558127081643761,31.71797677544531,-0.5558127081643761,1.587150132824616,0.07460903574462281,0.01673288492863238
5638.0,225.52,1.0,31.71025354439047,-0.7695867315447085,31.71025354439047,-0.7695867315447085,1.5949142401905578,0.05939148755864887,0.01827732977144996
5639.0,225.56,1.0,31.702609036601775,-0.9793855014693962,31.702609036601775,-0.9793855014693962,1.6026383725104973,0.04451624373911356,0.01922282277045346
5640.0,225.6,1.0,31.695979553927014,-1.1883885994568395,31.695979553927014,-1.1883885994568395,1.6103155359299297,0.03038262272253194,0.01955799019963872
5641.0,225.64000000000001,1.0,31.687412917913406,-1.3994210566149596,31.687412917913406,-1.3994210566149596,1.6179404393025265,0.017350080241570233,0.01929311566450664
5642.0,225.68,1.0,31.676027932515108,-1.6103873079929507,31.676027932515108,-1.6103873079929507,1.6255083115622486,0.0057544002499200445,0.018458132123167232
5643.0,225.72,1.0,31.664349188796127,-1.8219105417813761,31.664349188796127,-1.8219105417813761,1.6330168817109505,-0.004119984185084746,0.017101208750079082
5644.0,225.76,1.0,31.652566671146342,-2.032876158647791,31.652566671146342,-2.032876158647791,1.6404654878335883,-0.012019158700033405,0.01528769848548851
5645.0,225.8,1.0,31.638112845094877,-2.246277831380495,31.638112845094877,-2.246277831380495,1.6478539272577397,-0.017741793736736365,0.013096967372717322
5646.0,225.84,1.0,31.62341188899854,-2.4575649694475525,31.62341188899854,-2.4575649694475525,1.6551844839866856,-0.02115875850149389,0.010618277371725587
5647.0,225.88,1.0,31.607312461598315,-2.67879025512838,31.607312461598315,-2.67879025512838,1.662459765474507,-0.022216477413153624,0.007947763516450004
5648.0,225.92000000000002,1.0,31.590961340552287,-2.8943166356100014,31.590961340552287,-2.8943166356100014,1.6696848923899996,-0.020925774465757985,0.005185891694471574
5649.0,225.96,1.0,31.570700719392626,-3.11326574932079,31.570700719392626,-3.11326574932079,1.6768646898216175,-0.01735137895522132,0.002434169736951087
5650.0,226.0,1.0,31.548869565918785,-3.3339633824421973,31.548869565918785,-3.3339633824421973,1.6840049739668579,-0.011634071443561989,-0.00020936583354391609
5651.0,226.04,1.0,31.52408843405122,-3.5514379076098215,31.52408843405122,-3.5514379076098215,1.69111155179568,-0.003983279862621014,-0.002653473208466655
5652.0,226.08,1.0,31.49873734443989,-3.7701209954134605,31.49873734443989,-3.7701209954134605,1.6981901372720465,0.005358698647195292,-0.004816542342911805
5653.0,226.12,1.0,31.47247452897225,-3.98391663143058,31.47247452897225,-3.98391663143058,1.7052478333398438,0.01609562278457244,-0.006627634494762698
5654.0,226.16,1.0,31.441145132670336,-4.202565707203904,31.441145132670336,-4.202565707203904,1.7122902426979494,0.027911459129816872,-0.008029097526134208
5655.0,226.20000000000002,1.0,31.409863445977344,-4.418125689842017,31.409863445977344,-4.418125689842017,1.719322976558209,0.04044710595885934,-0.008979161605136579
5656.0,226.24,1.0,31.375197132310383,-4.632812619460498,31.375197132310383,-4.632812619460498,1.7263510413035283,0.05334745377791006,-0.00945263269715206
5657.0,226.28,1.0,31.341281847721785,-4.853499751288336,31.341281847721785,-4.853499751288336,1.7333788941636246,0.06627110509054641,-0.009439898483158928
5658.0,226.32,1.0,31.305080963249623,-5.0716663295767965,31.305080963249623,-5.0716663295767965,1.7404106439529072,0.07890198528765821,-0.008946853895936612
5659.0,226.36,1.0,31.266857778353614,-5.2900387139194684,31.266857778353614,-5.2900387139194684,1.7474478484704434,0.0909365338323191,-0.007995347524644907
5660.0,226.4,1.0,31.226934916021815,-5.5034076001995285,31.226934916021815,-5.5034076001995285,1.7544909314407462,0.10209209997391018,-0.006621778507460331
5661.0,226.44,1.0,31.18516109585446,-5.714213432883254,31.18516109585446,-5.714213432883254,1.7615374437318205,0.11213924964317339,-0.004874661856644596
5662.0,226.48000000000002,1.0,31.144395160455417,-5.924714946399957,31.144395160455417,-5.924714946399957,1.7685841956384714,0.12089391341561746,-0.0028126277964111808
5663.0,226.52,1.0,31.099456561914245,-6.136270897444794,31.099456561914245,-6.136270897444794,1.775627032798012,0.12821701758436937,-0.0005025484032342813
5664.0,226.56,1.0,31.05201107451054,-6.3452698445750375,31.05201107451054,-6.3452698445750375,1.782659536938358,0.13402658741580303,0.0019818844923634718
5665.0,226.6,1.0,31.003215914941144,-6.554929025786352,31.003215914941144,-6.554929025786352,1.7896758777475887,0.13830095937472825,0.00456344417952651
5666.0,226.64000000000001,1.0,30.954147448298954,-6.761262062079604,30.954147448298954,-6.761262062079604,1.7966694453966556,0.1410780810158341,0.007164657859399001
5667.0,226.68,1.0,30.903118436089823,-6.962264773302738,30.903118436089823,-6.962264773302738,1.8036345334851334,0.1424306302387686,0.009710263209672073
5668.0,226.72,1.0,30.851274147827656,-7.162859537867893,30.851274147827656,-7.162859537867893,1.8105646398211235,0.14246535348580144,0.012128009503734806
5669.0,226.76,1.0,30.799422678773624,-7.361109946964381,30.799422678773624,-7.361109946964381,1.8174531867956962,0.14131347539314143,0.014351197064349253
5670.0,226.8,1.0,30.744936848407008,-7.559112228427239,30.744936848407008,-7.559112228427239,1.824294208795734,0.13914656138753184,0.01632143046421822
5671.0,226.84,1.0,30.689415988327987,-7.759321535873626,30.689415988327987,-7.759321535873626,1.8310826020714057,0.13615037087462514,0.01798982918945038
5672.0,226.88,1.0,30.633712378380174,-7.958275767562422,30.633712378380174,-7.958275767562422,1.837815095467431,0.13250901728661685,0.01931734277911757
5673.0,226.92000000000002,1.0,30.576756489097157,-8.159726843185352,30.576756489097157,-8.159726843185352,1.844488764828951,0.12842054708860434,0.02027564412104619
5674.0,226.96,1.0,30.519831222899278,-8.359875374076264,30.519831222899278,-8.359875374076264,1.8511016501116153,0.12408431601394512,0.020848021568329704
5675.0,227.0,1.0,30.461207085494483,-8.560579759726258,30.461207085494483,-8.560579759726258,1.8576545203108878,0.119695190266218,0.021029777432981577
5676.0,227.04,1.0,30.402445913851512,-8.760177523909556,30.402445913851512,-8.760177523909556,1.8641478143484818,0.11541758812574505,0.020827516296621405
5677.0,227.08,1.0,30.344009574131643,-8.952475600767599,30.344009574131643,-8.952475600767599,1.8705831380531641,0.11139298392409128,0.020258256106595415
5678.0,227.12,1.0,30.2862307736335,-9.141348418521138,30.2862307736335,-9.141348418521138,1.876961209973007,0.1077381792421926,0.019348484906817523
5679.0,227.16,1.0,30.226266238658162,-9.331085659690697,30.226266238658162,-9.331085659690697,1.8832839167814703,0.10454949888969087,0.018133962814482135
5680.0,227.20000000000002,1.0,30.16331829425972,-9.522451886439004,30.16331829425972,-9.522451886439004,1.889553699484265,0.10189387451932574,0.016657663183311515
5681.0,227.24,1.0,30.097436664755584,-9.715320547015908,30.097436664755584,-9.715320547015908,1.8957738978257876,0.09980847357322253,0.014967953845228563
5682.0,227.28,1.0,30.031840298343457,-9.909076354709613,30.031840298343457,-9.909076354709613,1.9019486750970536,0.09830740026569743,0.013116958461838597
5683.0,227.32,1.0,29.963596363776112,-10.100276604446165,29.963596363776112,-10.100276604446165,1.9080821842009204,0.09738958459964023,0.011159901084509979
5684.0,227.36,1.0,29.89600702839755,-10.293796166524427,29.89600702839755,-10.293796166524427,1.9141798434772146,0.0970149518314134,0.009152807259957716
5685.0,227.4,1.0,29.827573792823852,-10.483642714785248,29.827573792823852,-10.483642714785248,1.9202470883709188,0.097121990102917,0.007150887961059943
5686.0,227.44,1.0,29.758181640513488,-10.676882102172254,29.758181640513488,-10.676882102172254,1.9262876071625843,0.0976351353024062,0.005206869044778186
5687.0,227.48000000000002,1.0,29.689527993821162,-10.867997556503349,29.689527993821162,-10.867997556503349,1.9323064549056117,0.09847882760730506,0.0033700242274712724
5688.0,227.52,1.0,29.617480114818175,-11.058728697550407,29.617480114818175,-11.058728697550407,1.9383072477975287,0.09956879130376636,0.0016845566782244677
5689.0,227.56,1.0,29.54725471898002,-11.245737746132221,29.54725471898002,-11.245737746132221,1.944294414504991,0.1008219322279477,0.0001885571278772348
5690.0,227.6,1.0,29.475880633004103,-11.432586707113668,29.475880633004103,-11.432586707113668,1.9502714177189762,0.10214817080188891,-0.0010871640965763804
5691.0,227.64000000000001,1.0,29.403092862171526,-11.61674249511103,29.403092862171526,-11.61674249511103,1.9562419737151615,0.10346912892218252,-0.0021192391478261478
5692.0,227.68,1.0,29.327773143952687,-11.801738488198733,29.327773143952687,-11.801738488198733,1.962209827148295,0.10471918213734124,-0.0028923396991107505
5693.0,227.72,1.0,29.251982136657865,-11.982812830617128,29.251982136657865,-11.982812830617128,1.9681776880834363,0.10585018733345201,-0.0033990536512970974
5694.0,227.76,1.0,29.17589450477326,-12.164110850231431,29.17589450477326,-12.164110850231431,1.974148835117735,0.10682597189909544,-0.0036403163766853077
5695.0,227.8,1.0,29.09723756025297,-12.343731685001774,29.09723756025297,-12.343731685001774,1.9801242173645968,0.10763049866699297,-0.003624442515063367
5696.0,227.84,1.0,29.018008327075098,-12.522405764148,29.018008327075098,-12.522405764148,1.9861052209861334,0.10824906403218086,-0.0033672929493202422
5697.0,227.88,1.0,28.934986651031966,-12.701724820517486,28.934986651031966,-12.701724820517486,1.9920928031002423,0.10867417214528696,-0.0028912555210416253
5698.0,227.92000000000002,1.0,28.851378891390652,-12.884542919702117,28.851378891390652,-12.884542919702117,1.998086360001793,0.10890670712509094,-0.0022251750341510425
5699.0,227.96,1.0,28.766582452159394,-13.063233162730597,28.766582452159394,-13.063233162730597,2.004086015156862,0.10897137280272362,-0.001402504342097488
5700.0,228.0,1.0,28.682287649033576,-13.243119959627796,28.682287649033576,-13.243119959627796,2.0100913482090528,0.10890067248551175,-0.00046070186620512655
5701.0,228.04,1.0,28.599582080478324,-13.418800333952356,28.599582080478324,-13.418800333952356,2.016102755003131,0.10874249134438725,0.0005599488989522373
5702.0,228.08,1.0,28.51692554260752,-13.590971502505207,28.51692554260752,-13.590971502505207,2.0221200494760714,0.10854789575139719,0.0016171609811224002
5703.0,228.12,1.0,28.435057462666094,-13.75943873578674,28.435057462666094,-13.75943873578674,2.0281424534046186,0.10835365592629338,0.002668432997895318
5704.0,228.16,1.0,28.34959217258723,-13.92951912618546,28.34959217258723,-13.92951912618546,2.034169841661735,0.10818418683579026,0.0036720368360387405
5705.0,228.20000000000002,1.0,28.26282357666496,-14.099855737206497,28.26282357666496,-14.099855737206497,2.040200538436017,0.10804637645851925,0.004587906075012222
5706.0,228.24,1.0,28.175942738797367,-14.272377615763693,28.175942738797367,-14.272377615763693,2.046235869986205,0.10794394413038369,0.005378663586127782
5707.0,228.28,1.0,28.083201172474936,-14.444622010060097,28.083201172474936,-14.444622010060097,2.05227518096749,0.10787962653615484,0.006011323821934718
5708.0,228.32,1.0,27.99251430695229,-14.615932257017686,27.99251430695229,-14.615932257017686,2.058320219913364,0.10784551485667408,0.0064575490945391655
5709.0,228.36,1.0,27.899221665596478,-14.787687671794666,27.899221665596478,-14.787687671794666,2.06437287530917,0.1078127152601563,0.006694660731680619
5710.0,228.4,1.0,27.80698264028316,-14.954748904453819,27.80698264028316,-14.954748904453819,2.0704360886007334,0.10773383881447811,0.006705729790174833
5711.0,228.44,1.0,27.7142751535116,-15.121605648596269,27.7142751535116,-15.121605648596269,2.0765125273490717,0.10755331369598446,0.006480842654379755
5712.0,228.48000000000002,1.0,27.622318990393428,-15.286539797475774,27.622318990393428,-15.286539797475774,2.0826043300028436,0.10719672360110935,0.006017485584752527
5713.0,228.52,1.0,27.528803283227,-15.452797982552031,27.528803283227,-15.452797982552031,2.088713528050201,0.10657577365505581,0.005321032678501582
5714.0,228.56,1.0,27.43583381279658,-15.61307210793348,27.43583381279658,-15.61307210793348,2.0948418836252585,0.10560915503939561,0.0044038593555862145
5715.0,228.6,1.0,27.342583605913667,-15.77566927011976,27.342583605913667,-15.77566927011976,2.1009902810822596,0.10422624554318245,0.0032853860786789387
5716.0,228.64000000000001,1.0,27.24835509542399,-15.93811145739212,27.24835509542399,-15.93811145739212,2.107160310406963,0.10237392807091887,0.0019925295870016242
5717.0,228.68,1.0,27.15285229216439,-16.099924583918423,27.15285229216439,-16.099924583918423,2.1133499628267827,0.10000180540570935,0.0005587012092884133
5718.0,228.72,1.0,27.057064834136384,-16.258063048468713,27.057064834136384,-16.258063048468713,2.1195588739544378,0.09707384045024167,-0.0009772176563682226
5719.0,228.76,1.0,26.961314245877105,-16.417512999699348,26.961314245877105,-16.417512999699348,2.12578334541175,0.09357090148353828,-0.0025712039281183007
5720.0,228.8,1.0,26.863340977255312,-16.578278574808564,26.863340977255312,-16.578278574808564,2.132019963389212,0.08951071318538009,-0.0041742269464979265
5721.0,228.84,1.0,26.765247441241502,-16.738092269717207,26.765247441241502,-16.738092269717207,2.1382627194352612,0.08492213008694512,-0.005733855851840212
5722.0,228.88,1.0,26.665685279034896,-16.896692469484968,26.665685279034896,-16.896692469484968,2.144505670392496,0.0798552195572424,-0.0071959679652532265
5723.0,228.92000000000002,1.0,26.565581276318483,-17.053008636664522,26.565581276318483,-17.053008636664522,2.150741941875305,0.07439431187199752,-0.008506148626811023
5724.0,228.96,1.0,26.46741275751895,-17.20500361029698,26.46741275751895,-17.20500361029698,2.156963667353999,0.06865776066298027,-0.009611038451875562
5725.0,229.0,1.0,26.36784814887675,-17.35844838861351,26.36784814887675,-17.35844838861351,2.163162993270892,0.06278596579561277,-0.010459306789039224
5726.0,229.04,1.0,26.265923037567795,-17.506671203859202,26.265923037567795,-17.506671203859202,2.169330980157526,0.056933059946939334,-0.011003561589401831
5727.0,229.08,1.0,26.16470471402862,-17.65672660022794,26.16470471402862,-17.65672660022794,2.175458433680526,0.05127067434233721,-0.011203235925288782
5728.0,229.12,1.0,26.061097468493273,-17.805602967303575,26.061097468493273,-17.805602967303575,2.181538069161305,0.045984766050378045,-0.011025337510250038
5729.0,229.16,1.0,25.95778407026496,-17.95341497330764,25.95778407026496,-17.95341497330764,2.187562717939578,0.04126623774413376,-0.010445636531836468
5730.0,229.20000000000002,1.0,25.85149411943746,-18.100634250866527,25.85149411943746,-18.100634250866527,2.193527431848796,0.03730299472765364,-0.009450103736241323
5731.0,229.24,1.0,25.745834957317715,-18.247117012992327,25.745834957317715,-18.247117012992327,2.199428276403526,0.03425795860386518,-0.008037466675321597
5732.0,229.28,1.0,25.638007426188334,-18.392723244387685,25.638007426188334,-18.392723244387685,2.2052636981759464,0.03228694855009615,-0.006218779858769137
5733.0,229.32,1.0,25.529199185050352,-18.538796332911872,25.529199185050352,-18.538796332911872,2.2110335933395033,0.03152744047847653,-0.004017913246693955
5734.0,229.36,1.0,25.416989397796083,-18.685678825645603,25.416989397796083,-18.685678825645603,2.216739720896438,0.0320855379649496,-0.0014716302638830112
5735.0,229.4,1.0,25.303304463915303,-18.834374762575266,25.303304463915303,-18.834374762575266,2.2223864446319372,0.03403295245537441,0.0013699453465286266
5736.0,229.44,1.0,25.188785099786752,-18.977821603134167,25.188785099786752,-18.977821603134167,2.2279784492258936,0.03740403131147847,0.004444305079212429
5737.0,229.48000000000002,1.0,25.075208943515634,-19.122311305434177,25.075208943515634,-19.122311305434177,2.233523957276703,0.04219109310924085,0.007677990226328392
5738.0,229.52,1.0,24.959345714568773,-19.264703414254708,24.959345714568773,-19.264703414254708,2.239031089065416,0.048332702052941066,0.010989656949647314
5739.0,229.56,1.0,24.84443706547025,-19.405225166618045,24.84443706547025,-19.405225166618045,2.2445084279049192,0.05572396497746131,0.014291406588536481
5740.0,229.6,1.0,24.726703634180748,-19.5440565547368,24.726703634180748,-19.5440565547368,2.2499627884441624,0.06421035418786705,0.017490926767368253
5741.0,229.64000000000001,1.0,24.608377194182584,-19.684261969844037,24.608377194182584,-19.684261969844037,2.255400122884514,0.0736002067727558,0.020494562960854664
5742.0,229.68,1.0,24.48635196264886,-19.826220899442156,24.48635196264886,-19.826220899442156,2.2608235440208655,0.08367373366540043,0.023212039287462172
5743.0,229.72,1.0,24.36459806200974,-19.966163744373844,24.36459806200974,-19.966163744373844,2.266234273956555,0.09419306332228472,0.025558294398745275
5744.0,229.76,1.0,24.240361799262185,-20.10737857336199,24.240361799262185,-20.10737857336199,2.2716306967980735,0.1048946020545263,0.027456713813129675
5745.0,229.8,1.0,24.118117562351035,-20.24481987987125,24.118117562351035,-20.24481987987125,2.2770090168083597,0.11549521980755266,0.028842012596411122
5746.0,229.84,1.0,23.996600985326477,-20.381977673166112,23.996600985326477,-20.381977673166112,2.2823621626064545,0.1256995246398365,0.029663948006679243
5747.0,229.88,1.0,23.8786765026234,-20.51428398450123,23.8786765026234,-20.51428398450123,2.287682729942809,0.13521840208800615,0.029888940437231247
5748.0,229.92000000000002,1.0,23.759425671692917,-20.649040845301034,23.759425671692917,-20.649040845301034,2.292959942897177,0.14378361469000517,0.02950170076498288
5749.0,229.96,1.0,23.63889528626359,-20.784291256023163,23.63889528626359,-20.784291256023163,2.2981836296853264,0.15115678832253693,0.028505517589588563
5750.0,230.0,1.0,23.519668398558835,-20.92164655647225,23.519668398558835,-20.92164655647225,2.303343068360348,0.15712385990581204,0.026923208759997992
5751.0,230.04,1.0,23.400634221176126,-21.056672974328126,23.400634221176126,-21.056672974328126,2.308430077507235,0.16152460691589654,0.024797066623073127
5752.0,230.08,1.0,23.281485772992514,-21.191732457427044,23.281485772992514,-21.191732457427044,2.3134380519963007,0.16424866232700105,0.022187075920078465
5753.0,230.12,1.0,23.163113839130393,-21.323124777131568,23.163113839130393,-21.323124777131568,2.3183641985138337,0.1652398494096007,0.019167516474666198
5754.0,230.16,1.0,23.04598535729956,-21.452512492468163,23.04598535729956,-21.452512492468163,2.323208761172693,0.1644763166424285,0.015825327412336467
5755.0,230.20000000000002,1.0,22.930775046251757,-21.577048069661505,22.930775046251757,-21.577048069661505,2.327975748241704,0.16199256980045995,0.012257095037780741
5756.0,230.24,1.0,22.816102110334317,-21.702134538458587,22.816102110334317,-21.702134538458587,2.3326730745511526,0.15789110551635516,0.008565156449500571
5757.0,230.28,1.0,22.69999815465059,-21.825883938023104,22.69999815465059,-21.825883938023104,2.3373130194092253,0.1523354509842288,0.004852860970388729
5758.0,230.32,1.0,22.583655831464178,-21.949685696972683,22.583655831464178,-21.949685696972683,2.3419107319708656,0.14552585974403393,0.001221145107936335
5759.0,230.36,1.0,22.46508063039844,-22.073738937838282,22.46508063039844,-22.073738937838282,2.3464848819874407,0.13769250489439078,-0.002235130033403985
5760.0,230.4,1.0,22.34869570081249,-22.194241562754666,22.34869570081249,-22.194241562754666,2.3510564677737924,0.1291062326175883,-0.005430524388707604
5761.0,230.44,1.0,22.23095297765922,-22.3133109612545,22.23095297765922,-22.3133109612545,2.35564806201952,0.12008044210086492,-0.008292534969230079
5762.0,230.48000000000002,1.0,22.114414195582967,-22.43109967783845,22.114414195582967,-22.43109967783845,2.3602821848456608,0.11093128362482804,-0.010764267404411417
5763.0,230.52,1.0,21.998082201574775,-22.548193483201437,21.998082201574775,-22.548193483201437,2.364980073357248,0.10196666727660506,-0.012805496693204303
5764.0,230.56,1.0,21.883937487624635,-22.662003116848705,21.883937487624635,-22.662003116848705,2.3697609280960883,0.09348275307228504,-0.01439281734802091
5765.0,230.6,1.0,21.76830844199018,-22.77485102173065,21.76830844199018,-22.77485102173065,2.3746408452113403,0.08577308611941566,-0.015520489042753303
5766.0,230.64000000000001,1.0,21.649602634346387,-22.889777162541343,21.649602634346387,-22.889777162541343,2.379633073896442,0.07909615352904902,-0.016199979281760812
5767.0,230.68,1.0,21.527754140395704,-23.00539902919318,21.527754140395704,-23.00539902919318,2.3847458060249425,0.07365207153877414,-0.016457404264442647
5768.0,230.72,1.0,21.405534341025906,-23.119657261895245,21.405534341025906,-23.119657261895245,2.389982665882538,0.06958268414713792,-0.016330534497202363
5769.0,230.76,1.0,21.282874294646813,-23.232351137162077,21.282874294646813,-23.232351137162077,2.3953413501489424,0.06699015911097447,-0.015866410567721517
5770.0,230.8,1.0,21.15793270614073,-23.345234328231165,21.15793270614073,-23.345234328231165,2.400814968637426,0.06593527260872192,-0.015118389980815605
5771.0,230.84,1.0,21.032329311679284,-23.457952215018597,21.032329311679284,-23.457952215018597,2.4063897475266955,0.06640380889224731,-0.014142523136737698
5772.0,230.88,1.0,20.906653139756056,-23.569260349676156,20.906653139756056,-23.569260349676156,2.412046951981571,0.06830998959887548,-0.012993843383414281
5773.0,230.92000000000002,1.0,20.781218014376282,-23.679309781072195,20.781218014376282,-23.679309781072195,2.4177628704145393,0.07152048044565104,-0.011723253986528728
5774.0,230.96,1.0,20.653398788063154,-23.789533605798205,20.653398788063154,-23.789533605798205,2.42351106488088,0.0758706314429878,-0.01037540350555536
5775.0,231.0,1.0,20.525500461301885,-23.899328462233026,20.525500461301885,-23.899328462233026,2.4292630254001724,0.0811506351602023,-0.0089866871946842
5776.0,231.04,1.0,20.397730910673385,-24.008812327934358,20.397730910673385,-24.008812327934358,2.4349903489336366,0.08709918337314937,-0.007582753407491677
5777.0,231.08,1.0,20.27146259716229,-24.116880540328616,20.27146259716229,-24.116880540328616,2.4406648883255544,0.09343798532630522,-0.0061775862620602265
5778.0,231.12,1.0,20.145950121183873,-24.222917423877135,20.145950121183873,-24.222917423877135,2.446261618307125,0.09989414841528367,-0.004774542744428274
5779.0,231.16,1.0,20.020234502033098,-24.329134937690633,20.020234502033098,-24.329134937690633,2.451758529809264,0.10620506000336469,-0.0033677178527451767
5780.0,231.20000000000002,1.0,19.89306042803908,-24.436173887146207,19.89306042803908,-24.436173887146207,2.4571387194798984,0.1121069928995119,-0.0019425337224895842
5781.0,231.24,1.0,19.766116956481316,-24.54210055373262,19.766116956481316,-24.54210055373262,2.4623884464397108,0.11734287539307058,-0.0004778597049593738
5782.0,231.28,1.0,19.636972124719122,-24.646613137304847,19.636972124719122,-24.646613137304847,2.4675003819928882,0.12169906625771439,0.0010507170600344746
5783.0,231.32,1.0,19.507550462812105,-24.75012454997176,19.507550462812105,-24.75012454997176,2.472472031251382,0.12500270814944892,0.0026675935359616438
5784.0,231.36,1.0,19.376912591366207,-24.852865485651645,19.376912591366207,-24.852865485651645,2.4773070626519624,0.12711853791065184,0.00439452776612148
5785.0,231.4,1.0,19.24721538946377,-24.95414054344635,19.24721538946377,-24.95414054344635,2.4820146559068723,0.12794169170720124,0.006248528800250173
5786.0,231.44,1.0,19.120483318344352,-25.050241350167624,19.120483318344352,-25.050241350167624,2.4866078718193694,0.1274270224808864,0.008239308057311236
5787.0,231.48000000000002,1.0,18.995507132455497,-25.14376103163529,18.995507132455497,-25.14376103163529,2.491102165155818,0.125592818030145,0.010366185606571637
5788.0,231.52,1.0,18.870786182630916,-25.235181595919492,18.870786182630916,-25.235181595919492,2.4955134214081727,0.12250549430280286,0.012616839537038963
5789.0,231.56,1.0,18.745282311752586,-25.327700628596055,18.745282311752586,-25.327700628596055,2.4998572748121526,0.11826062341339001,0.014967213154966574
5790.0,231.6,1.0,18.62079849100965,-25.41354893865897,18.62079849100965,-25.41354893865897,2.504145819325367,0.11298376636014358,0.01738187428425857
5791.0,231.64000000000001,1.0,18.493901979540535,-25.50127838780972,18.493901979540535,-25.50127838780972,2.5083883883069897,0.10684195604056543,0.019813136682641445
5792.0,231.68,1.0,18.367274381205,-25.587617043633177,18.367274381205,-25.587617043633177,2.5125921336043544,0.10002639363107661,0.022202876875557963
5793.0,231.72,1.0,18.23897465677027,-25.676073263734462,18.23897465677027,-25.676073263734462,2.5167612904115737,0.09273107420485538,0.02448528797812339
5794.0,231.76,1.0,18.111880776308276,-25.763701550112863,18.111880776308276,-25.763701550112863,2.520898761486129,0.08514661809424202,0.026590096735007646
5795.0,231.8,1.0,17.984763799085584,-25.851463513016704,17.984763799085584,-25.851463513016704,2.525004964485814,0.07746375667473492,0.02844492975922639
5796.0,231.84,1.0,17.856661002905238,-25.93954927255311,17.856661002905238,-25.93954927255311,2.529077112417658,0.06987109390952503,0.029977894696545843
5797.0,231.88,1.0,17.729313487649982,-26.0268753445679,17.729313487649982,-26.0268753445679,2.533110393614794,0.06253180852290752,0.031120959827021122
5798.0,231.92000000000002,1.0,17.60028106451233,-26.11517878265974,17.60028106451233,-26.11517878265974,2.5370980158028122,0.05558882120881783,0.03181375376052391
5799.0,231.96,1.0,17.47122476004359,-26.203640352460194,17.47122476004359,-26.203640352460194,2.5410340032164385,0.049157383381241204,0.032005919274533154
5800.0,232.0,1.0,17.341769955065253,-26.28894689249976,17.341769955065253,-26.28894689249976,2.544911683032474,0.043332695360577975,0.031658370788342986
5801.0,232.04,1.0,17.21431345789129,-26.373726593047785,17.21431345789129,-26.373726593047785,2.548730617928885,0.038181950358370374,0.030744924437963967
5802.0,232.08,1.0,17.090722348693106,-26.455573126920576,17.090722348693106,-26.455573126920576,2.5524936040041917,0.03373664191243575,0.029254938922766167
5803.0,232.12,1.0,16.966182145621218,-26.540346274347627,16.966182145621218,-26.540346274347627,2.556209771109371,0.03000741599776576,0.027193267677460314
5804.0,232.16,1.0,16.841505982610453,-26.625640358302736,16.841505982610453,-26.625640358302736,2.5598919504766906,0.02699433858195064,0.024579647651213583
5805.0,232.20000000000002,1.0,16.715557382277897,-26.710406723293914,16.715557382277897,-26.710406723293914,2.56355498564565,0.024688165219633927,0.021447261338295727
5806.0,232.24,1.0,16.58456077931571,-26.797485853036857,16.58456077931571,-26.797485853036857,2.5672157229333514,0.023061339124026692,0.017842245673274026
5807.0,232.28,1.0,16.453693277199882,-26.884189814018537,16.453693277199882,-26.884189814018537,2.570892617390866,0.02207474597714969,0.013821860373556798
5808.0,232.32,1.0,16.322589728238615,-26.969422677398235,16.322589728238615,-26.969422677398235,2.574606505404893,0.02168532360823937,0.009452198075788556
5809.0,232.36,1.0,16.191159361261093,-27.051457106747087,16.191159361261093,-27.051457106747087,2.5783802575731896,0.02184491278610462,0.00480526572922413
5810.0,232.4,1.0,16.05940669388211,-27.137413439239232,16.05940669388211,-27.137413439239232,2.582238758759275,0.022506616954133984,-4.329606183698133e-05
5811.0,232.44,1.0,15.930383085868925,-27.22009420320931,15.930383085868925,-27.22009420320931,2.586209233923789,0.023629385334546893,-0.00501506356210057
5812.0,232.48000000000002,1.0,15.80142836508916,-27.301723651622176,15.80142836508916,-27.301723651622176,2.590316279309703,0.025177125779710385,-0.010031181561646198
5813.0,232.52,1.0,15.674374997616093,-27.383466699489436,15.674374997616093,-27.383466699489436,2.594582528938326,0.02711330991992692,-0.01501481433192585
5814.0,232.56,1.0,15.54488585133305,-27.46712752939316,15.54488585133305,-27.46712752939316,2.5990236452361595,0.029402025139748534,-0.01989229180904282
5815.0,232.6,1.0,15.415769907632697,-27.548417779235223,15.415769907632697,-27.548417779235223,2.603650345235373,0.031999582967105936,-0.024593389146959476
5816.0,232.64000000000001,1.0,15.285018179996623,-27.629897233963504,15.285018179996623,-27.629897233963504,2.608469089135325,0.03486420239412831,-0.02905190199226369
5817.0,232.68,1.0,15.152747961329553,-27.710586410765124,15.152747961329553,-27.710586410765124,2.613482125175845,0.03795570063725321,-0.03320698646529605
5818.0,232.72,1.0,15.021926683603704,-27.790029732951734,15.021926683603704,-27.790029732951734,2.6186892968028617,0.04122778945641224,-0.03700288925238404
5819.0,232.76,1.0,14.892511676830111,-27.865364748198044,14.892511676830111,-27.865364748198044,2.6240862752610132,0.04462499236629093,-0.0403888648958733
5820.0,232.8,1.0,14.766234802777195,-27.94202103515614,14.766234802777195,-27.94202103515614,2.629666190701905,0.04808110625920621,-0.04331821849701041
5821.0,232.84,1.0,14.634679045025084,-28.017163974992464,14.634679045025084,-28.017163974992464,2.6354160502903694,0.05151409382440751,-0.04574801808116602
5822.0,232.88,1.0,14.50170477702244,-28.096112099173308,14.50170477702244,-28.096112099173308,2.641319030710139,0.0548275278362231,-0.04763973715077938
5823.0,232.92000000000002,1.0,14.36609040829054,-28.1710091056297,14.36609040829054,-28.1710091056297,2.6473538178467964,0.05791949851076219,-0.04895919045895277
5824.0,232.96,1.0,14.230771322465287,-28.245485514553202,14.230771322465287,-28.245485514553202,2.6534967108951237,0.06069069472533715,-0.04967687089184207
5825.0,233.0,1.0,14.093338721952652,-28.31965975264684,14.093338721952652,-28.31965975264684,2.6597238207205884,0.0630367691148753,-0.049768533705649806
5826.0,233.04,1.0,13.960052948942144,-28.390689179407737,13.960052948942144,-28.390689179407737,2.6660129986639665,0.06485463485498981,-0.04921741222936761
5827.0,233.08,1.0,13.825897878079052,-28.46179154636157,13.825897878079052,-28.46179154636157,2.672345214881575,0.06604610339011692,-0.04801470982805031
5828.0,233.12,1.0,13.692554615747136,-28.532547185093563,13.692554615747136,-28.532547185093563,2.678704973649683,0.06652424535712198,-0.04616021616024489
5829.0,233.16,1.0,13.557892968583133,-28.60415803626944,13.557892968583133,-28.60415803626944,2.6850799659262115,0.06621625612093279,-0.043663532907570225
5830.0,233.20000000000002,1.0,13.421476291009776,-28.671413614640187,13.421476291009776,-28.671413614640187,2.691460981674753,0.06507353206245482,-0.04054569167858105
5831.0,233.24,1.0,13.287499390884975,-28.73888918832962,13.287499390884975,-28.73888918832962,2.697841106283012,0.06306520983870292,-0.036840851066174254
5832.0,233.28,1.0,13.151212945632107,-28.801175095829336,13.151212945632107,-28.801175095829336,2.704216983081932,0.06020319128087269,-0.03259693212926294
5833.0,233.32,1.0,13.01573668782812,-28.861526302936262,13.01573668782812,-28.861526302936262,2.7105870935839684,0.05652931505551469,-0.027876029663254177
5834.0,233.36,1.0,12.883248462409131,-28.916451375648315,12.883248462409131,-28.916451375648315,2.7169530319788207,0.052112402100277,-0.022754007809863717
5835.0,233.4,1.0,12.751700272946143,-28.97258426323894,12.751700272946143,-28.97258426323894,2.723319088195428,0.04704403226966104,-0.01731997938486506
5836.0,233.44,1.0,12.621269437575187,-29.02574707143695,12.621269437575187,-29.02574707143695,2.729691945313969,0.04145055125092205,-0.011674990450490582
5837.0,233.48000000000002,1.0,12.488729737578103,-29.082223777901014,12.488729737578103,-29.082223777901014,2.736079154550576,0.035483144152788214,-0.005928895623965311
5838.0,233.52,1.0,12.354411660205768,-29.13695632687037,12.354411660205768,-29.13695632687037,2.742485681469904,0.029297940673356716,-0.00019812314832566257
5839.0,233.56,1.0,12.217307747140396,-29.190974769892087,12.217307747140396,-29.190974769892087,2.748913093916884,0.023056266929442536,0.005397575090541108
5840.0,233.6,1.0,12.07824162102454,-29.243037826992104,12.07824162102454,-29.243037826992104,2.755356676916107,0.016928144589829885,0.01073826772396044
5841.0,233.64000000000001,1.0,11.939692813473602,-29.295034786860317,11.939692813473602,-29.295034786860317,2.7618076139915066,0.011079942494321449,0.015708957771646118
5842.0,233.68,1.0,11.799102885960533,-29.345391819271942,11.799102885960533,-29.345391819271942,2.7682507679304806,0.005671084532459458,0.020203400819904467
5843.0,233.72,1.0,11.661367969346598,-29.395226516740543,11.661367969346598,-29.395226516740543,2.7746686608498274,0.0008254301893425908,0.024127769485196245
5844.0,233.76,1.0,11.522676475877283,-29.443364098768903,11.522676475877283,-29.443364098768903,2.7810412317919515,-0.003361041234493878,0.027403880099001354
5845.0,233.8,1.0,11.38495112987161,-29.49187829793551,11.38495112987161,-29.49187829793551,2.7873494106798233,-0.006821538347674605,0.029972435297579092
5846.0,233.84,1.0,11.246199426942443,-29.54140273738107,11.246199426942443,-29.54140273738107,2.793572744410569,-0.009515720458359656,0.03179615050713558
5847.0,233.88,1.0,11.107212905199882,-29.590746428851286,11.107212905199882,-29.590746428851286,2.7996913922463103,-0.011460118789260875,0.03286179722234845
5848.0,233.92000000000002,1.0,10.969194207817853,-29.63877028661014,10.969194207817853,-29.63877028661014,2.8056836555828237,-0.012713547006564685,0.033180452550797955
5849.0,233.96,1.0,10.83225475101782,-29.68613476270818,10.83225475101782,-29.68613476270818,2.8115292505662053,-0.013363496496226212,0.03278710357702239
5850.0,234.0,1.0,10.698805931757347,-29.734355400006205,10.698805931757347,-29.734355400006205,2.817210866564499,-0.013531815539486614,0.03173918795712357
5851.0,234.04,1.0,10.556958862115067,-29.78016925480652,10.556958862115067,-29.78016925480652,2.8227171843013945,-0.013379606125035104,0.030114901049908688
5852.0,234.08,1.0,10.416787299859509,-29.829384401328817,10.416787299859509,-29.829384401328817,2.8280427696765056,-0.013100209916419392,0.028008704251311595
5853.0,234.12,1.0,10.272557019485848,-29.876837079053637,10.272557019485848,-29.876837079053637,2.8331911551035396,-0.012896363796999589,0.025528043524638694
5854.0,234.16,1.0,10.128048370935096,-29.926044129412343,10.128048370935096,-29.926044129412343,2.8381720102679053,-0.01297157122067697,0.0227890153123493
5855.0,234.20000000000002,1.0,9.980708361924545,-29.973929755309577,9.980708361924545,-29.973929755309577,2.8430009662119873,-0.013521419157625014,0.019912762800853342
5856.0,234.24,1.0,9.835562641284325,-30.022618129515145,9.835562641284325,-30.022618129515145,2.8476950932005063,-0.014735567495489632,0.017019766004315533
5857.0,234.28,1.0,9.692638544374379,-30.06536541258156,9.692638544374379,-30.06536541258156,2.8522729415882138,-0.01679099867853747,0.01422499656895108
5858.0,234.32,1.0,9.550765191155843,-30.108479749253387,9.550765191155843,-30.108479749253387,2.8567528430425155,-0.019816208416412396,0.011632495963367549
5859.0,234.36,1.0,9.408661562470154,-30.147558750367146,9.408661562470154,-30.147558750367146,2.861154859665232,-0.02389547146178067,0.009332022495467978
5860.0,234.4,1.0,9.26806356361696,-30.187904624336493,9.26806356361696,-30.187904624336493,2.8655007219015274,-0.029076339818338116,0.007395739676417277
5861.0,234.44,1.0,9.128092529016909,-30.225333579007764,9.128092529016909,-30.225333579007764,2.86981105005621,-0.03535706909852439,0.005875599975047892
5862.0,234.48000000000002,1.0,8.989446737281565,-30.261586429759234,8.989446737281565,-30.261586429759234,2.874106880868842,-0.04268267512984987,0.004800992469276108
5863.0,234.52,1.0,8.8493971357619,-30.298031244140002,8.8493971357619,-30.298031244140002,2.8784061301936332,-0.050947330518163414,0.004179276726708732
5864.0,234.56,1.0,8.70866942479778,-30.336516495550654,8.70866942479778,-30.336516495550654,2.8827239494573678,-0.06001199190870319,0.003996277197358776
5865.0,234.6,1.0,8.56830676336102,-30.372682412884114,8.56830676336102,-30.372682412884114,2.8870697995914987,-0.06969537581892812,0.004217903992224721
5866.0,234.64000000000001,1.0,8.426233831449137,-30.410110241007686,8.426233831449137,-30.410110241007686,2.891449090674846,-0.07979104767890507,0.004791295280104983
5867.0,234.68,1.0,8.283967041004049,-30.444336647527496,8.283967041004049,-30.444336647527496,2.895862693919176,-0.09006137627067608,0.0056484732874564
5868.0,234.72,1.0,8.139595929113693,-30.479410069124224,8.139595929113693,-30.479410069124224,2.900310813171548,-0.1002498821872222,0.006709219704086744
5869.0,234.76,1.0,7.994881367020997,-30.511973457696236,7.994881367020997,-30.511973457696236,2.9047921774101453,-0.11010065970442491,0.007885765616710927
5870.0,234.8,1.0,7.8465514086529655,-30.54483735709055,7.8465514086529655,-30.54483735709055,2.9093060602205667,-0.1193709601709052,0.009086152974429013
5871.0,234.84,1.0,7.70220036696584,-30.577162948602627,7.70220036696584,-30.577162948602627,2.913849584394738,-0.1278252476849043,0.010218495332223788
5872.0,234.88,1.0,7.557968913259094,-30.609077436707405,7.557968913259094,-30.609077436707405,2.918421838198934,-0.13525474123272793,0.011195089349005368
5873.0,234.92000000000002,1.0,7.413379883453866,-30.640406106728847,7.413379883453866,-30.640406106728847,2.9230189779012035,-0.14148247891307547,0.011937181721409321
5874.0,234.96,1.0,7.264232413431975,-30.67266317435419,7.264232413431975,-30.67266317435419,2.9276378640473877,-0.14636592380151484,0.012377221340149255
5875.0,235.0,1.0,7.114794056420704,-30.70382558223045,7.114794056420704,-30.70382558223045,2.9322723608975156,-0.14979903836052255,0.012460933545235147
5876.0,235.04,1.0,6.962084509137467,-30.73459869869057,6.962084509137467,-30.73459869869057,2.936918269290063,-0.15173498514895578,0.012148940878778002
5877.0,235.08,1.0,6.809606248307506,-30.765870280928205,6.809606248307506,-30.765870280928205,2.941571756493139,-0.15216654732317966,0.011418466109930279
5878.0,235.12,1.0,6.6556545926819695,-30.796117063072707,6.6556545926819695,-30.796117063072707,2.946232834160044,-0.15113319970434938,0.010263558833605335
5879.0,235.16,1.0,6.502842079904385,-30.828950752663776,6.502842079904385,-30.828950752663776,2.9509029600150574,-0.14871753089891954,0.008694865345684949
5880.0,235.20000000000002,1.0,6.343512748687814,-30.860301436985793,6.343512748687814,-30.860301436985793,2.9555859208915174,-0.14504298980442112,0.00673832889460012
5881.0,235.24,1.0,6.186168567720831,-30.892941548366952,6.186168567720831,-30.892941548366952,2.9602860036484366,-0.14025903232395082,0.0044337798763181505
5882.0,235.28,1.0,6.027680563153864,-30.924345313238234,6.027680563153864,-30.924345313238234,2.965009465506024,-0.13453892315509672,0.001833674953383016
5883.0,235.32,1.0,5.869531948214133,-30.954689142794827,5.869531948214133,-30.954689142794827,2.969760966419272,-0.1280681576478825,-0.0009990979802236716
5884.0,235.36,1.0,5.7095748871410965,-30.981794219086765,5.7095748871410965,-30.981794219086765,2.974546298517643,-0.12103755859801346,-0.003994346622663643
5885.0,235.4,1.0,5.549448225946547,-31.010321315359942,5.549448225946547,-31.010321315359942,2.9793709191312012,-0.11364433664638915,-0.0070770936815440335
5886.0,235.44,1.0,5.389468752903239,-31.036996027279816,5.389468752903239,-31.036996027279816,2.9842432759193813,-0.10608111216651528,-0.010169711685564905
5887.0,235.48000000000002,1.0,5.227716857707291,-31.06502571247472,5.227716857707291,-31.06502571247472,2.989171923116069,-0.09851136917258925,-0.013194886717324248
5888.0,235.52,1.0,5.0662410661812505,-31.091274602339734,5.0662410661812505,-31.091274602339734,2.9941663542237813,-0.09109100942165056,-0.016078130006052533
5889.0,235.56,1.0,4.9041720850156665,-31.1186578964976,4.9041720850156665,-31.1186578964976,2.9992343631207947,-0.08396009781649212,-0.018749848394224645
5890.0,235.6,1.0,4.743157920715263,-31.14393139953136,4.743157920715263,-31.14393139953136,3.0043810403382945,-0.07723518970489793,-0.021146586996307094
5891.0,235.64000000000001,1.0,4.581486458581039,-31.17069948585936,4.581486458581039,-31.17069948585936,3.0096098699744593,-0.07099988331461016,-0.02321223874679923
5892.0,235.68,1.0,4.417496844646525,-31.194113862656497,4.417496844646525,-31.194113862656497,3.014920545390079,-0.06531949188234185,-0.024898631937419778
5893.0,235.72,1.0,4.2554181903229855,-31.216936551750035,4.2554181903229855,-31.216936551750035,3.0203104322864283,-0.0602477572754728,-0.026167791926470015
5894.0,235.76,1.0,4.095282420678424,-31.2350045246741,4.095282420678424,-31.2350045246741,3.0257748698039753,-0.05582595853779408,-0.02699240715651912
5895.0,235.8,1.0,3.934796406153729,-31.252976656454713,3.934796406153729,-31.252976656454713,3.03130885908971,-0.05208697762889854,-0.027356252019004202
5896.0,235.84,1.0,3.7739262235332105,-31.269112233299484,3.7739262235332105,-31.269112233299484,3.0369063689135904,-0.04904088347897476,-0.02725319894653372
5897.0,235.88,1.0,3.6090397515648265,-31.286217584731325,3.6090397515648265,-31.286217584731325,3.042560008556332,-0.04668446028803833,-0.026687838441398125
5898.0,235.92000000000002,1.0,3.4441150581605093,-31.303543461937068,3.4441150581605093,-31.303543461937068,3.0482613213033227,-0.045014896346751224,-0.025674132150169938
5899.0,235.96,1.0,3.27644802320998,-31.317899633731052,3.27644802320998,-31.317899633731052,3.0540002607915886,-0.04401568916821523,-0.02423520711181789
5900.0,236.0,1.0,3.115088394815434,-31.33313206232925,3.115088394815434,-31.33313206232925,3.0597670609541847,-0.043660234840440085,-0.022402426743706218
5901.0,236.04,1.0,2.951007383311629,-31.346834571044468,2.951007383311629,-31.346834571044468,3.0655536044533567,-0.04392100431580477,-0.02021490491193273
5902.0,236.08,1.0,2.786554300616855,-31.358726159738524,2.786554300616855,-31.358726159738524,3.0713503954301125,-0.04477997297749503,-0.017718434758352032
5903.0,236.12,1.0,2.619668750728937,-31.370143960507697,2.619668750728937,-31.370143960507697,3.077150626634585,-0.046204023099535266,-0.014965129289514292
5904.0,236.16,1.0,2.4551243086908334,-31.381371119354647,2.4551243086908334,-31.381371119354647,3.082947815013548,-0.0481452591031037,-0.012011375246817273
5905.0,236.20000000000002,1.0,2.288628062591781,-31.39090734124549,2.288628062591781,-31.39090734124549,3.0887386633624336,-0.05053880936042552,-0.00891676806171715
5906.0,236.24,1.0,2.1227897677175465,-31.39683128723982,2.1227897677175465,-31.39683128723982,3.0945188115990065,-0.053308959928596765,-0.005742825200348371
5907.0,236.28,1.0,1.9593308272165646,-31.401210476836134,1.9593308272165646,-31.401210476836134,3.1002857455625206,-0.056376461495376916,-0.0025525870848628084
5908.0,236.32,1.0,1.7943142796308291,-31.403793990243845,1.7943142796308291,-31.403793990243845,3.106035829706955,-0.05965191300698858,0.0005915453732661481
5909.0,236.36,1.0,1.6292593808517357,-31.405742509486053,1.6292593808517357,-31.405742509486053,3.111766331694411,-0.06302901874553297,0.003628338434832007
5910.0,236.4,1.0,1.4619453969506386,-31.407026184068634,1.4619453969506386,-31.407026184068634,3.1174745088430074,-0.0663882853840148,0.006499919546904797
5911.0,236.44,1.0,1.2976982190860769,-31.408994628271195,1.2976982190860769,-31.408994628271195,3.1231566975220284,-0.06960438105107028,0.009152560293837587
5912.0,236.48000000000002,1.0,1.1318770880204503,-31.409595129248807,1.1318770880204503,-31.409595129248807,3.128807376363169,-0.07254497056414426,0.011537810147753656
5913.0,236.52,1.0,0.9657314509489252,-31.4103566353088,0.9657314509489252,-31.4103566353088,3.1344237775785126,-0.07506244599665993,0.01361296775674525
5914.0,236.56,1.0,0.7984262824068279,-31.41022525856703,0.7984262824068279,-31.41022525856703,3.1400031752669277,-0.07702401040163451,0.01534270796500084
5915.0,236.6,1.0,0.6323910268370689,-31.409415193560164,0.6323910268370689,-31.409415193560164,3.1455440256601066,-0.07830034082263984,0.016700005316745117
5916.0,236.64000000000001,1.0,0.4638019077193838,-31.408550706434987,0.4638019077193838,-31.408550706434987,3.151042810469589,-0.07878479258327362,0.01766640400945149
5917.0,236.68,1.0,0.2969885859468645,-31.405264838982326,0.2969885859468645,-31.405264838982326,3.156497444880945,-0.07837849966015557,0.01823274616939926
5918.0,236.72,1.0,0.12759406580438645,-31.399890016344358,0.12759406580438645,-31.399890016344358,3.1619044350357215,-0.07700680880111492,0.018399306304399298
5919.0,236.76,1.0,-0.03887974590108424,-31.39745708998039,-0.03887974590108424,-31.39745708998039,3.1672627148380417,-0.07462754677379468,0.01817592571120999
5920.0,236.8,1.0,-0.20982378316253794,-31.391694090076033,-0.20982378316253794,-31.391694090076033,3.172570856934418,-0.07124190045367292,0.017582138632361504
5921.0,236.84,1.0,-0.38059899440063755,-31.38524250562814,-0.38059899440063755,-31.38524250562814,3.177829148083618,-0.06689094873440052,0.016645986829248387
5922.0,236.88,1.0,-0.5528282117189778,-31.37941349670239,-0.5528282117189778,-31.37941349670239,3.183039816208524,-0.0616499259704012,0.015402859867354174
5923.0,236.92000000000002,1.0,-0.7263562869256224,-31.37230287415244,-0.7263562869256224,-31.37230287415244,3.188208022870504,-0.055626447595370235,0.013895250296737906
5924.0,236.96,1.0,-0.9014251025786073,-31.365250327542135,-0.9014251025786073,-31.365250327542135,3.1933375964521273,-0.048970623468842865,0.012172223083062816
5925.0,237.0,1.0,-1.0778012969910868,-31.35521418115842,-1.0778012969910868,-31.35521418115842,3.1984317190290357,-0.04185455822145978,0.010287249955980404
5926.0,237.04,1.0,-1.2517907212753188,-31.34706777892755,-1.2517907212753188,-31.34706777892755,3.2034931883265854,-0.034482967503191686,0.008296041488092579
5927.0,237.08,1.0,-1.4263483879038392,-31.336648528113376,-1.4263483879038392,-31.336648528113376,3.208525106023629,-0.027069962618004206,0.006255494213014067
5928.0,237.12,1.0,-1.6002183483750616,-31.327342939106153,-1.6002183483750616,-31.327342939106153,3.2135313585673257,-0.019853621124293185,0.00422194828083413
5929.0,237.16,1.0,-1.77163899344345,-31.314046235257898,-1.77163899344345,-31.314046235257898,3.218516969492253,-0.013071379312108288,0.002249892310579797
5930.0,237.20000000000002,1.0,-1.9434184222905508,-31.300782893002253,-1.9434184222905508,-31.300782893002253,3.223487359755069,-0.006954751514081159,0.0003890759234101402
5931.0,237.24,1.0,-2.1153249453600944,-31.282614924838782,-2.1153249453600944,-31.282614924838782,3.228448401979249,-0.0017046095828337827,-0.0013169582892169928
5932.0,237.28,1.0,-2.289879928459372,-31.270431716053718,-2.289879928459372,-31.270431716053718,3.233407468145844,0.002497111667683671,-0.002832004335660583
5933.0,237.32,1.0,-2.4638432982437437,-31.255666145790816,-2.4638432982437437,-31.255666145790816,3.238370699341395,0.005497782387798589,-0.0041265903580492945
5934.0,237.36,1.0,-2.637208590271565,-31.241749869137852,-2.637208590271565,-31.241749869137852,3.2433437559920764,0.007181861991377403,-0.005180555344437098
5935.0,237.4,1.0,-2.8065539894978286,-31.224962563569438,-2.8065539894978286,-31.224962563569438,3.2483325601370945,0.0074811037192486825,-0.00598427654091821
5936.0,237.44,1.0,-2.9806949347052267,-31.206715462342896,-2.9806949347052267,-31.206715462342896,3.2533446876351584,0.006377747978606951,-0.006538068736079605
5937.0,237.48000000000002,1.0,-3.149711649933944,-31.18771715367476,-3.149711649933944,-31.18771715367476,3.2583881384252678,0.0038998013792900022,-0.006851106628854621
5938.0,237.52,1.0,-3.318284488043453,-31.16815001880993,-3.318284488043453,-31.16815001880993,3.2634728542086306,0.0001127676311936332,-0.006941515286461183
5939.0,237.56,1.0,-3.486562906858494,-31.14595127237206,-3.486562906858494,-31.14595127237206,3.2686074300015036,-0.0048689143950414685,-0.006835857607014419
5940.0,237.6,1.0,-3.6536366694236273,-31.123783190943733,-3.6536366694236273,-31.123783190943733,3.273800082423893,-0.010895213947208738,-0.006567945106715503
5941.0,237.64000000000001,1.0,-3.8207742160767304,-31.10116739160022,-3.8207742160767304,-31.10116739160022,3.2790559435547224,-0.01777627061842999,-0.006176176980192153
5942.0,237.68,1.0,-3.9874698477526613,-31.077454925411377,-3.9874698477526613,-31.077454925411377,3.284381054066987,-0.025307759891530647,-0.005701778929871014
5943.0,237.72,1.0,-4.1524399753072085,-31.051144919534835,-4.1524399753072085,-31.051144919534835,3.2897758564876383,-0.03325895898492257,-0.00518759076227718
5944.0,237.76,1.0,-4.319165082919628,-31.023272177383614,-4.319165082919628,-31.023272177383614,3.295240835207026,-0.041391927857476654,-0.004677735480608116
5945.0,237.8,1.0,-4.483173648735726,-30.995457606384285,-4.483173648735726,-30.995457606384285,3.3007727340094304,-0.049475194138059585,-0.0042137331544804275
5946.0,237.84,1.0,-4.650813342581413,-30.96623992068071,-4.650813342581413,-30.96623992068071,3.3063681695287785,-0.05728899505354994,-0.003831931911782298
5947.0,237.88,1.0,-4.819650020062089,-30.938831583045584,-4.819650020062089,-30.938831583045584,3.3120212078858104,-0.06464168320700776,-0.0035627022351146604
5948.0,237.92000000000002,1.0,-4.98847358151206,-30.909771088242337,-4.98847358151206,-30.909771088242337,3.317724886914393,-0.07135828692462506,-0.0034302087303602984
5949.0,237.96,1.0,-5.160083935757692,-30.88120299782195,-5.160083935757692,-30.88120299782195,3.3234696139982915,-0.07727979178947868,-0.003450316537844493
5950.0,238.0,1.0,-5.330754532310496,-30.850869580527142,-5.330754532310496,-30.850869580527142,3.3292450333003343,-0.08227477915228913,-0.003629320101272296
5951.0,238.04,1.0,-5.504324316670286,-30.820434781083065,-5.504324316670286,-30.820434781083065,3.3350406446436125,-0.08625351367755549,-0.003964318715832467
5952.0,238.08,1.0,-5.67230593771964,-30.784753033824376,-5.67230593771964,-30.784753033824376,3.3408470865602604,-0.08916631082180251,-0.004443467723183443
5953.0,238.12,1.0,-5.841469453972984,-30.75037700852018,-5.841469453972984,-30.75037700852018,3.3466530421305456,-0.09099757594898872,-0.005047263804570176
5954.0,238.16,1.0,-6.0101009971703245,-30.714452062001925,-6.0101009971703245,-30.714452062001925,3.3524519772652766,-0.09176715999488401,-0.005748100889220969
5955.0,238.20000000000002,1.0,-6.185322484383591,-30.679633091604046,-6.185322484383591,-30.679633091604046,3.358237657862955,-0.09152028869747275,-0.006511553677629035
5956.0,238.24,1.0,-6.356639323885895,-30.642846674707574,-6.356639323885895,-30.642846674707574,3.3640092261664956,-0.09032267261070451,-0.007299229845135685
5957.0,238.28,1.0,-6.532396471819287,-30.60645482797663,-6.532396471819287,-30.60645482797663,3.3697661209573404,-0.08826736584295762,-0.008071609122019093
5958.0,238.32,1.0,-6.7068116992274485,-30.56909895473924,-6.7068116992274485,-30.56909895473924,3.3755099545359455,-0.08546182743365656,-0.008788663525171898
5959.0,238.36,1.0,-6.880011888802301,-30.52794748785285,-6.880011888802301,-30.52794748785285,3.3812429030752726,-0.08202689646816708,-0.009411237932715786
5960.0,238.4,1.0,-7.054296386084495,-30.483698310397955,-7.054296386084495,-30.483698310397955,3.3869695832382773,-0.07809449392819112,-0.009904121406061278
5961.0,238.44,1.0,-7.230915896652955,-30.442111326878905,-7.230915896652955,-30.442111326878905,3.3926977960477274,-0.07380718538186995,-0.010238486415338865
5962.0,238.48000000000002,1.0,-7.405952642138042,-30.394876342775092,-7.405952642138042,-30.394876342775092,3.3984350847875895,-0.06928338775931983,-0.010391990913886094
5963.0,238.52,1.0,-7.578176756583661,-30.34995880837638,-7.578176756583661,-30.34995880837638,3.4041918321769047,-0.06463542103241712,-0.010350718042993801
5964.0,238.56,1.0,-7.749700724914381,-30.300972293341516,-7.749700724914381,-30.300972293341516,3.4099792305631476,-0.05996806843065024,-0.010109232055475967
5965.0,238.6,1.0,-7.920256358296321,-30.25346428056896,-7.920256358296321,-30.25346428056896,3.4158074870052446,-0.05538446179664982,-0.009672408215469639
5966.0,238.64000000000001,1.0,-8.089988276249741,-30.203800280496562,-8.089988276249741,-30.203800280496562,3.4216861074115434,-0.05097965308402301,-0.009053701686101649
5967.0,238.68,1.0,-8.25964306951419,-30.15320440385175,-8.25964306951419,-30.15320440385175,3.427619833996348,-0.04683951631462777,-0.008274436437779111
5968.0,238.72,1.0,-8.434702718888724,-30.10057264430687,-8.434702718888724,-30.10057264430687,3.433611886105291,-0.04302495578884082,-0.007361367623485497
5969.0,238.76,1.0,-8.606485102828525,-30.04784105097981,-8.606485102828525,-30.04784105097981,3.4396619009635296,-0.03958583069826047,-0.006347453343612548
5970.0,238.8,1.0,-8.780522332453213,-29.99450962095464,-8.780522332453213,-29.99450962095464,3.4457691700733184,-0.03656905619681252,-0.005269194462994851
5971.0,238.84,1.0,-8.952493222335416,-29.940836739031518,-8.952493222335416,-29.940836739031518,3.451929725058348,-0.034025711842018656,-0.0041638710836958736
5972.0,238.88,1.0,-9.126247859001621,-29.88614586243524,-9.126247859001621,-29.88614586243524,3.458134816853144,-0.031986409536999605,-0.0030666830060681405
5973.0,238.92000000000002,1.0,-9.299059436017071,-29.828838689482502,-9.299059436017071,-29.828838689482502,3.4643744720897445,-0.030492184433621096,-0.0020104942933126604
5974.0,238.96,1.0,-9.472438330538164,-29.76838302823242,-9.472438330538164,-29.76838302823242,3.470632626897371,-0.02957301996420183,-0.0010230603093866239
5975.0,239.0,1.0,-9.645727084482074,-29.707288881566654,-9.645727084482074,-29.707288881566654,3.4768923758989834,-0.029248676830123575,-0.00012536326743300892
5976.0,239.04,1.0,-9.813385846381733,-29.645588458053084,-9.813385846381733,-29.645588458053084,3.483133495528694,-0.029516153670229618,0.0006708875145397239
5977.0,239.08,1.0,-9.981472868160422,-29.5817749635956,-9.981472868160422,-29.5817749635956,3.489336400283173,-0.03036825518559727,0.0013618984482673042
5978.0,239.12,1.0,-10.14616636565025,-29.51663978432033,-10.14616636565025,-29.51663978432033,3.495483456277017,-0.031785396873477055,0.0019529152138483858
5979.0,239.16,1.0,-10.315171116292312,-29.456471657612372,-10.315171116292312,-29.456471657612372,3.5015594672371804,-0.03374881325913326,0.0024568482994277363
5980.0,239.20000000000002,1.0,-10.480417140135767,-29.396654158065893,-10.480417140135767,-29.396654158065893,3.5075531879810073,-0.036222498901047985,0.0028961339960042664
5981.0,239.24,1.0,-10.648645885820297,-29.333039815249833,-10.648645885820297,-29.333039815249833,3.5134533059261996,-0.03914942206295846,0.003299283577469799
5982.0,239.28,1.0,-10.81696183039247,-29.26895019508994,-10.81696183039247,-29.26895019508994,3.5192506728693767,-0.04244517484789449,0.003698608280836292
5983.0,239.32,1.0,-10.989844837971265,-29.20273420568674,-10.989844837971265,-29.20273420568674,3.524939566090725,-0.04602670114388374,0.0041274727233713915
5984.0,239.36,1.0,-11.159258890676757,-29.136211354346216,-11.159258890676757,-29.136211354346216,3.5305170158782055,-0.049788832623143334,0.004620008686810352
5985.0,239.4,1.0,-11.331314947808746,-29.068953933651397,-11.331314947808746,-29.068953933651397,3.535986719475429,-0.05361716416462432,0.005207895696155864
5986.0,239.44,1.0,-11.498565838195999,-28.99779300543028,-11.498565838195999,-28.99779300543028,3.5413536398835377,-0.05738196110740683,0.005917458664153867
5987.0,239.48000000000002,1.0,-11.668268697159096,-28.927232406853797,-11.668268697159096,-28.927232406853797,3.546629034486879,-0.06095623781463792,0.006766610907608416
5988.0,239.52,1.0,-11.831862018545309,-28.85281479703201,-11.831862018545309,-28.85281479703201,3.5518247252772204,-0.06419536779796911,0.007764859766660889
5989.0,239.56,1.0,-11.998317468816683,-28.77889180220235,-11.998317468816683,-28.77889180220235,3.556955260727617,-0.06695928132474187,0.008911404305735622
5990.0,239.6,1.0,-12.159079574442348,-28.70065091592099,-12.159079574442348,-28.70065091592099,3.562032968954773,-0.06910905056760619,0.010194830634475554
5991.0,239.64000000000001,1.0,-12.322081136874656,-28.62239588724467,-12.322081136874656,-28.62239588724467,3.5670686385898684,-0.07052053587985482,0.011590753446526006
5992.0,239.68,1.0,-12.48245172106387,-28.542807323026373,-12.48245172106387,-28.542807323026373,3.572073485805711,-0.0710881963714611,0.013064072082440214
5993.0,239.72,1.0,-12.646131301259814,-28.462777363766662,-12.646131301259814,-28.462777363766662,3.577058385115086,-0.07073298076697858,0.01457024717674409
5994.0,239.76,1.0,-12.810316268155905,-28.383274029497567,-12.810316268155905,-28.383274029497567,3.5820341212541087,-0.06939470931936556,0.016057335785908212
5995.0,239.8,1.0,-12.976134904157675,-28.302472719975974,-12.976134904157675,-28.302472719975974,3.587009343173311,-0.06705329422192836,0.017465984074142137
5996.0,239.84,1.0,-13.143700967988945,-28.221087306620728,-13.143700967988945,-28.221087306620728,3.591988919636781,-0.06372298324112513,0.01873290325417197
5997.0,239.88,1.0,-13.313253267192161,-28.139287158080002,-13.313253267192161,-28.139287158080002,3.59697737537871,-0.05945578511330614,0.01979453734380868
5998.0,239.92000000000002,1.0,-13.484793670652092,-28.057142266159946,-13.484793670652092,-28.057142266159946,3.601974219234706,-0.0543327013124633,0.020590461542913528
5999.0,239.96,1.0,-13.654228033527295,-27.971994789873616,-13.654228033527295,-27.971994789873616,3.6069777148419355,-0.048480422204762896,0.021065138966948137
6000.0,240.0,1.0,-13.825237055753536,-27.885202713328084,-13.825237055753536,-27.885202713328084,3.6119816285639055,-0.04204931837580324,0.021170443228291147
6001.0,240.04,1.0,-13.991402772391103,-27.795337226579598,-13.991402772391103,-27.795337226579598,3.616981703854268,-0.03520543819828272,0.020868202724307606
6002.0,240.08,1.0,-14.157397781906292,-27.7074888989317,-14.157397781906292,-27.7074888989317,3.621974541149058,-0.028136431242214478,0.020133667137428972
6003.0,240.12,1.0,-14.322267668084113,-27.617370391751187,-14.322267668084113,-27.617370391751187,3.626957288746982,-0.021043306020363174,0.018956410285872787
6004.0,240.16,1.0,-14.487766406573048,-27.5294252018577,-14.487766406573048,-27.5294252018577,3.631928392572339,-0.014134341770795023,0.017341235377409246
6005.0,240.20000000000002,1.0,-14.651193396839997,-27.44014575824935,-14.651193396839997,-27.44014575824935,3.6368849381824204,-0.0076103510033354695,0.015307743955373303
6006.0,240.24,1.0,-14.820153866234259,-27.352999718423387,-14.820153866234259,-27.352999718423387,3.6418264901355344,-0.0016534033540688054,0.012891587157157857
6007.0,240.28,1.0,-14.986384268833831,-27.262170330093973,-14.986384268833831,-27.262170330093973,3.6467532220821304,0.003575546515658057,0.01014297797786238
6008.0,240.32,1.0,-15.153206588186048,-27.173713890641768,-15.153206588186048,-27.173713890641768,3.651666070340589,0.0079297788133172,0.007124211087077151
6009.0,240.36,1.0,-15.317519155877912,-27.08307758323658,-15.317519155877912,-27.08307758323658,3.6565674476228565,0.011293651157030515,0.003907325876165274
6010.0,240.4,1.0,-15.483287850597563,-26.993604953833902,-15.483287850597563,-26.993604953833902,3.66146161938115,0.013600949358294766,0.0005720775521905069
6011.0,240.44,1.0,-15.648168937370112,-26.90429762314498,-15.648168937370112,-26.90429762314498,3.666356027352889,0.014830044554146427,-0.002796569422627574
6012.0,240.48000000000002,1.0,-15.81263354057675,-26.814148957041255,-15.81263354057675,-26.814148957041255,3.6712583685895703,0.01498350794395662,-0.006111999920311207
6013.0,240.52,1.0,-15.973084749592033,-26.724210181034756,-15.973084749592033,-26.724210181034756,3.6761770905339843,0.014113336848419023,-0.009289838956084154
6014.0,240.56,1.0,-16.130732537859224,-26.630748730879453,-16.130732537859224,-26.630748730879453,3.6811206118108815,0.012314706448029566,-0.012250978279057138
6015.0,240.6,1.0,-16.28987375586203,-26.537126144848116,-16.28987375586203,-26.537126144848116,3.6860973457802757,0.009731401030446073,-0.014924196346085264
6016.0,240.64000000000001,1.0,-16.447562856757692,-26.442674031789426,-16.447562856757692,-26.442674031789426,3.6911177205311696,0.006524557191467273,-0.017247500853568444
6017.0,240.68,1.0,-16.604123774338298,-26.347998864445493,-16.604123774338298,-26.347998864445493,3.6961902085607425,0.002881544921700896,-0.01917120653633939
6018.0,240.72,1.0,-16.76014454149404,-26.25184039423193,-16.76014454149404,-26.25184039423193,3.7013248941516546,-0.0010024884167195492,-0.02065992477713472
6019.0,240.76,1.0,-16.915771523894108,-26.155714701768233,-16.915771523894108,-26.155714701768233,3.706531019815749,-0.004897879135015382,-0.02169314135569533
6020.0,240.8,1.0,-17.073218992934166,-26.055613946543577,-17.073218992934166,-26.055613946543577,3.7118186316188817,-0.008589789483878719,-0.022264951185252242
6021.0,240.84,1.0,-17.229309940508493,-25.957305541086924,-17.229309940508493,-25.957305541086924,3.717195592886789,-0.011896067729507664,-0.02238397181690588
6022.0,240.88,1.0,-17.386190683285925,-25.856186787266445,-17.386190683285925,-25.856186787266445,3.7226680662054585,-0.014682031167529419,-0.022072851360600537
6023.0,240.92000000000002,1.0,-17.539649409461028,-25.756357372189903,-17.539649409461028,-25.756357372189903,3.728239805826805,-0.016828245922777964,-0.021366339185967857
6024.0,240.96,1.0,-17.692018704230954,-25.65045840588825,-17.692018704230954,-25.65045840588825,3.7339097767137597,-0.018254044654905942,-0.020309354158699614
6025.0,241.0,1.0,-17.849031768719108,-25.543501909520586,-17.849031768719108,-25.543501909520586,3.7396757546872395,-0.0189307310290314,-0.018954274307416173
6026.0,241.04,1.0,-18.00124429750214,-25.435783751853325,-18.00124429750214,-25.435783751853325,3.7455310190931264,-0.018899577609623953,-0.017358968599916536
6027.0,241.08,1.0,-18.153645355627425,-25.32878617672542,-18.153645355627425,-25.32878617672542,3.751466274716555,-0.018232739186379597,-0.01558505147102755
6028.0,241.12,1.0,-18.303418711424236,-25.220846872784513,-18.303418711424236,-25.220846872784513,3.7574699263696347,-0.017051515257784054,-0.013694554075874058
6029.0,241.16,1.0,-18.457129167354857,-25.112547824658442,-18.457129167354857,-25.112547824658442,3.7635281008905084,-0.015507688950375775,-0.011746591171600231
6030.0,241.20000000000002,1.0,-18.608797368400758,-25.00288451860256,-18.608797368400758,-25.00288451860256,3.7696247964418355,-0.013826840751006153,-0.009795254521287598
6031.0,241.24,1.0,-18.759573095787836,-24.8912308141164,-18.759573095787836,-24.8912308141164,3.775743123981498,-0.012242854896903998,-0.007888987659700971
6032.0,241.28,1.0,-18.91057975036519,-24.777682542621896,-18.91057975036519,-24.777682542621896,3.7818660288418924,-0.010986085677957358,-0.006068645505428784
6033.0,241.32,1.0,-19.06016784030697,-24.66687367982548,-19.06016784030697,-24.66687367982548,3.7879760799205853,-0.010266014286243342,-0.004365827166343379
6034.0,241.36,1.0,-19.214279693573342,-24.551942148858153,-19.214279693573342,-24.551942148858153,3.794056300284147,-0.010306587686475544,-0.0028029823132717647
6035.0,241.4,1.0,-19.363090689880885,-24.43648201791057,-19.363090689880885,-24.43648201791057,3.8000946664831425,-0.011323004177825257,-0.0013931719456043742
6036.0,241.44,1.0,-19.51479158035265,-24.3185090527327,-19.51479158035265,-24.3185090527327,3.806079313650477,-0.013489967804601367,-0.00014172552143818412
6037.0,241.48000000000002,1.0,-19.66226345448349,-24.20294471234515,-19.66226345448349,-24.20294471234515,3.8120040864849427,-0.016902267012567963,0.0009537219627939752
6038.0,241.52,1.0,-19.812004189062698,-24.08365324156581,-19.812004189062698,-24.08365324156581,3.8178642771063336,-0.02161137944794842,0.0019021149954230043
6039.0,241.56,1.0,-19.957829448571545,-23.965982096461694,-19.957829448571545,-23.965982096461694,3.8236605951724947,-0.027627620343649916,0.002717166064000606
6040.0,241.6,1.0,-20.102984589199586,-23.847287322673694,-20.102984589199586,-23.847287322673694,3.829395014687828,-0.034898816424272325,0.0034143317027060084
6041.0,241.64000000000001,1.0,-20.241773752657984,-23.736640341674796,-20.241773752657984,-23.736640341674796,3.835074015807762,-0.04327334598855399,0.004009909469754257
6042.0,241.68,1.0,-20.386063294100374,-23.614617608710848,-20.386063294100374,-23.614617608710848,3.8407038383784724,-0.052543283967332544,0.0045203924436225265
6043.0,241.72,1.0,-20.52426115657147,-23.494306778569207,-20.52426115657147,-23.494306778569207,3.8462935587488474,-0.0624681528838054,0.004959997708260388
6044.0,241.76,1.0,-20.66413171939464,-23.377246422521356,-20.66413171939464,-23.377246422521356,3.85185527001493,-0.07276902623002898,0.005338159236878394
6045.0,241.8,1.0,-20.79807471592694,-23.25731144787602,-20.79807471592694,-23.25731144787602,3.8574025634829803,-0.08309489423100062,0.005659597663388123
6046.0,241.84,1.0,-20.93428789502762,-23.136327413365912,-20.93428789502762,-23.136327413365912,3.8629481941087773,-0.09306405663710553,0.005923745267404982
6047.0,241.88,1.0,-21.071565860769795,-23.011676929053927,-21.071565860769795,-23.011676929053927,3.8685057341443625,-0.10229535778804175,0.006125384067022483
6048.0,241.92000000000002,1.0,-21.20624832468709,-22.890143968004544,-21.20624832468709,-22.890143968004544,3.874086676530075,-0.11045352540889755,0.006253689501744572
6049.0,241.96,1.0,-21.33826977055126,-22.766457205115994,-21.33826977055126,-22.766457205115994,3.879701860831638,-0.1172336811214029,0.006293398571841353
6050.0,242.0,1.0,-21.478842376890658,-22.640467624029622,-21.478842376890658,-22.640467624029622,3.8853588761767868,-0.12232970041154465,0.006225669542514475
6051.0,242.04,1.0,-21.619853898116943,-22.510783268234317,-21.619853898116943,-22.510783268234317,3.8910637323709296,-0.12550540167821173,0.006031497828880057
6052.0,242.08,1.0,-21.761393184289687,-22.379893503895083,-21.761393184289687,-22.379893503895083,3.896818726845466,-0.1266268973837412,0.0056909284192551155
6053.0,242.12,1.0,-21.90750147177638,-22.238223805181562,-21.90750147177638,-22.238223805181562,3.902626007631143,-0.12564941512319833,0.005184627881501419
6054.0,242.16,1.0,-22.04695356131117,-22.10709233751451,-22.04695356131117,-22.10709233751451,3.908485919060316,-0.12256753900464731,0.004496520280902966
6055.0,242.20000000000002,1.0,-22.189762987939762,-21.968178583189392,-22.189762987939762,-21.968178583189392,3.9143944861997797,-0.11745046875670728,0.0036172707248053313
6056.0,242.24,1.0,-22.329786706602626,-21.83124648871334,-22.329786706602626,-21.83124648871334,3.920347334189986,-0.11048307930080732,0.0025438245056769045
6057.0,242.28,1.0,-22.47260747261234,-21.688584711291504,-22.47260747261234,-21.688584711291504,3.926338266126745,-0.10193734894270594,0.0012802408960302602
6058.0,242.32,1.0,-22.611346263210443,-21.55062953227557,-22.611346263210443,-21.55062953227557,3.9323609026778774,-0.09212711971733789,-0.0001614403954789012
6059.0,242.36,1.0,-22.751262425979192,-21.407836590270335,-22.751262425979192,-21.407836590270335,3.938407490360484,-0.08140024560031012,-0.001759372129372716
6060.0,242.4,1.0,-22.888895928206747,-21.269107187209613,-22.888895928206747,-21.269107187209613,3.9444715356449342,-0.07013967597529211,-0.0034831908799206673
6061.0,242.44,1.0,-23.024456435781953,-21.123947151553175,-23.024456435781953,-21.123947151553175,3.9505462131389892,-0.058791681186955255,-0.005294735686251778
6062.0,242.48000000000002,1.0,-23.16010734637098,-20.986625879940156,-23.16010734637098,-20.986625879940156,3.956627388310116,-0.04779230815654918,-0.00715108731038958
6063.0,242.52,1.0,-23.300289435539348,-20.843787513389167,-23.300289435539348,-20.843787513389167,3.96271319585894,-0.03752236472737898,-0.00900311197623357
6064.0,242.56,1.0,-23.440766280991262,-20.698090319586168,-23.440766280991262,-20.698090319586168,3.9688037051031357,-0.028319037898879195,-0.010797689723715375
6065.0,242.6,1.0,-23.581400078899865,-20.5508247721972,-23.581400078899865,-20.5508247721972,3.974899343636068,-0.020525673963557846,-0.012480993927305797
6066.0,242.64000000000001,1.0,-23.720495500987433,-20.403006082039138,-23.720495500987433,-20.403006082039138,3.9810048261490465,-0.014427728290994413,-0.014002915610312736
6067.0,242.68,1.0,-23.854549184165528,-20.257700163451958,-23.854549184165528,-20.257700163451958,3.987124960952392,-0.010207847914629342,-0.015316442498452876
6068.0,242.72,1.0,-23.991788015171643,-20.107063614785805,-23.991788015171643,-20.107063614785805,3.9932670711260356,-0.007930452876779492,-0.01637987086186819
6069.0,242.76,1.0,-24.127637426410345,-19.953453721320145,-24.127637426410345,-19.953453721320145,3.9994382812608307,-0.007613256709324912,-0.01715937329981574
6070.0,242.8,1.0,-24.254157601936274,-19.802219915149564,-24.254157601936274,-19.802219915149564,4.005647414275464,-0.009209798084503151,-0.017632638106972784
6071.0,242.84,1.0,-24.37566069831362,-19.659022883953654,-24.37566069831362,-19.659022883953654,4.011903109104758,-0.012579000884103797,-0.0177885832678142
6072.0,242.88,1.0,-24.493014061772307,-19.518603536700688,-24.493014061772307,-19.518603536700688,4.018216502346766,-0.01747616094792881,-0.01762732543698761
6073.0,242.92000000000002,1.0,-24.616355178008703,-19.371598413997418,-24.616355178008703,-19.371598413997418,4.024597400766207,-0.023591856135249813,-0.01715938450467631
6074.0,242.96,1.0,-24.73683166601114,-19.218795082740495,-24.73683166601114,-19.218795082740495,4.031053692006415,-0.03060618770116872,-0.016407719656867423
6075.0,243.0,1.0,-24.856103043136788,-19.071588782363563,-24.856103043136788,-19.071588782363563,4.0375914454088875,-0.03816892634883886,-0.015406801311519027
6076.0,243.04,1.0,-24.975165634793722,-18.921628457155535,-24.975165634793722,-18.921628457155535,4.0442149747945475,-0.04587010568153358,-0.014199546166682644
6077.0,243.08,1.0,-25.09155279684829,-18.771173781276126,-25.09155279684829,-18.771173781276126,4.050924216454913,-0.0533092903347524,-0.012833868619083852
6078.0,243.12,1.0,-25.20913917027354,-18.616636793788636,-25.20913917027354,-18.616636793788636,4.0577169609894055,-0.06013601934457493,-0.01136359526193636
6079.0,243.16,1.0,-25.32548618675856,-18.461339750530037,-25.32548618675856,-18.461339750530037,4.0645871961913285,-0.06606380765793182,-0.009846150447692645
6080.0,243.20000000000002,1.0,-25.445289582957557,-18.301589806073455,-25.445289582957557,-18.301589806073455,4.071528412696612,-0.07082066952576364,-0.008338942888575047
6081.0,243.24,1.0,-25.56990863804004,-18.13480089546976,-25.56990863804004,-18.13480089546976,4.0785322803568524,-0.07415901106130562,-0.006895042407249268
6082.0,243.28,1.0,-25.687748496611285,-17.97198863162054,-25.687748496611285,-17.97198863162054,4.085589187405378,-0.07591488663926074,-0.0055624218249839125
6083.0,243.32,1.0,-25.80277038183626,-17.808050670701398,-25.80277038183626,-17.808050670701398,4.092685592576888,-0.07601692970487425,-0.004382949344228196
6084.0,243.36,1.0,-25.916891744620994,-17.645013127372877,-25.916891744620994,-17.645013127372877,4.0998067146380865,-0.07446825478918546,-0.003391034651099102
6085.0,243.4,1.0,-26.028415248037543,-17.48367337585945,-26.028415248037543,-17.48367337585945,4.106939065711513,-0.07130497623254324,-0.0026103320550665957
6086.0,243.44,1.0,-26.142532300164852,-17.31812909441446,-26.142532300164852,-17.31812909441446,4.114069039883554,-0.06662056572226331,-0.0020528713523836942
6087.0,243.48000000000002,1.0,-26.25660625636205,-17.150814185528766,-26.25660625636205,-17.150814185528766,4.121185202759358,-0.060588594088361904,-0.0017207392806648167
6088.0,243.52,1.0,-26.36928852978223,-16.98243726551059,-26.36928852978223,-16.98243726551059,4.128279639551861,-0.05343915351850918,-0.0016073040592286508
6089.0,243.56,1.0,-26.480319275025728,-16.815745794221403,-26.480319275025728,-16.815745794221403,4.135347853177662,-0.04540326113440722,-0.0016960731719085312
6090.0,243.6,1.0,-26.592975931908803,-16.646849223557307,-26.592975931908803,-16.646849223557307,4.142390115543526,-0.03672837035353364,-0.0019609363587973863
6091.0,243.64000000000001,1.0,-26.70745683493548,-16.47062498681843,-26.70745683493548,-16.47062498681843,4.1494076890216665,-0.027684075700889953,-0.0023694954452809025
6092.0,243.68,1.0,-26.824540282699708,-16.289802611277256,-26.824540282699708,-16.289802611277256,4.156404000410864,-0.01855257227729523,-0.0028858243823106353
6093.0,243.72,1.0,-26.93075547575204,-16.118192378768853,-26.93075547575204,-16.118192378768853,4.163382474035958,-0.009583471609514805,-0.003471482607533486
6094.0,243.76,1.0,-27.039513404981996,-15.945574182718625,-27.039513404981996,-15.945574182718625,4.170350351730904,-0.0009846609800007622,-0.0040863441358130895
6095.0,243.8,1.0,-27.142468380838174,-15.771485404465846,-27.142468380838174,-15.771485404465846,4.177316101168489,0.007072266271023397,-0.004690677076136051
6096.0,243.84,1.0,-27.24535159990797,-15.596114255358447,-27.24535159990797,-15.596114255358447,4.184288665578344,0.014438530814295381,-0.005248525654820332
6097.0,243.88,1.0,-27.346610789013944,-15.420161492374058,-27.346610789013944,-15.420161492374058,4.1912776220437795,0.02100875612012252,-0.005729143458617322
6098.0,243.92000000000002,1.0,-27.446918945666518,-15.243755153037299,-27.446918945666518,-15.243755153037299,4.1982919296305825,0.026730008330451405,-0.006106246772376404
6099.0,243.96,1.0,-27.546292152227522,-15.069914017641139,-27.546292152227522,-15.069914017641139,4.205338477268523,0.031623192189553714,-0.006358248797026497
6100.0,244.0,1.0,-27.64019624998597,-14.89487465854133,-27.64019624998597,-14.89487465854133,4.212420881651343,0.03572750989431821,-0.006469730149441388
6101.0,244.04,1.0,-27.732838746309604,-14.722607625647706,-27.732838746309604,-14.722607625647706,4.219537696281471,0.039112043041394394,-0.006432769505502621
6102.0,244.08,1.0,-27.824892456738787,-14.544377114789683,-27.824892456738787,-14.544377114789683,4.226685134368568,0.04188121191612004,-0.006244960882394902
6103.0,244.12,1.0,-27.917849908182557,-14.369559505361611,-27.917849908182557,-14.369559505361611,4.233856960406952,0.044161963901488833,-0.005908622621454092
6104.0,244.16,1.0,-28.009016376729782,-14.190616203558942,-28.009016376729782,-14.190616203558942,4.241047147163726,0.04608184905949666,-0.00543003335754094
6105.0,244.20000000000002,1.0,-28.100052826580093,-14.011953689336337,-28.100052826580093,-14.011953689336337,4.248246468824013,0.04776153745629874,-0.0048200912907873945
6106.0,244.24,1.0,-28.18746918154493,-13.83304779886862,-28.18746918154493,-13.83304779886862,4.255445377163601,0.04930950890866832,-0.004092577407280204
6107.0,244.28,1.0,-28.27593100811481,-13.655073315836432,-28.27593100811481,-13.655073315836432,4.2626330172175,0.05081506830220506,-0.0032627233984277386
6108.0,244.32,1.0,-28.363777038287147,-13.47444059395679,-28.363777038287147,-13.47444059395679,4.269798402376513,0.0523468267595967,-0.0023459397438451977
6109.0,244.36,1.0,-28.45024975274875,-13.291723074004613,-28.45024975274875,-13.291723074004613,4.276930458032853,0.05396346767168114,-0.0013589007702519578
6110.0,244.4,1.0,-28.533935658150586,-13.10732360030745,-28.533935658150586,-13.10732360030745,4.2840187532916545,0.055688441991407545,-0.00031896261623531804
6111.0,244.44,1.0,-28.617607175504276,-12.922169793034794,-28.617607175504276,-12.922169793034794,4.29105559383509,0.05751815958677868,0.0007568317825352589
6112.0,244.48000000000002,1.0,-28.69591331988649,-12.737573402608442,-28.69591331988649,-12.737573402608442,4.298037589504327,0.0594365362592129,0.0018526526786588429
6113.0,244.52,1.0,-28.773967312140122,-12.557652362733837,-28.773967312140122,-12.557652362733837,4.30496567957332,0.061398533759510585,0.0029526607806707544
6114.0,244.56,1.0,-28.850791173638648,-12.375408953317066,-28.850791173638648,-12.375408953317066,4.311843823303709,0.06333489005935156,0.0040408998477412805
6115.0,244.6,1.0,-28.928693220419397,-12.191799181345992,-28.928693220419397,-12.191799181345992,4.318677649642766,0.06515348598082704,0.005100877436846533
6116.0,244.64000000000001,1.0,-29.002203877555054,-12.010502784827963,-29.002203877555054,-12.010502784827963,4.325474953316054,0.06675317047079635,0.00611674512018633
6117.0,244.68,1.0,-29.07593775114305,-11.828162081140757,-29.07593775114305,-11.828162081140757,4.332244610572852,0.06802762347888211,0.007072227810429189
6118.0,244.72,1.0,-29.14481532475159,-11.646802713222154,-29.14481532475159,-11.646802713222154,4.338994807348174,0.06888471904272067,0.007950890936502461
6119.0,244.76,1.0,-29.218245511434805,-11.4610438092649,-29.218245511434805,-11.4610438092649,4.34573382828763,0.0692287457362963,0.008735333130536638
6120.0,244.8,1.0,-29.285287737581864,-11.27475633282203,-29.285287737581864,-11.27475633282203,4.352468268808235,0.06896539332015468,0.009409012254700167
6121.0,244.84,1.0,-29.3546439499759,-11.086518614959923,-29.3546439499759,-11.086518614959923,4.3592056523948255,0.06800725652073106,0.009956021808113252
6122.0,244.88,1.0,-29.419528633589827,-10.902420077781109,-29.419528633589827,-10.902420077781109,4.365950881608678,0.06630321584148649,0.010361896227312007
6123.0,244.92000000000002,1.0,-29.484409416105592,-10.716502992380738,-29.484409416105592,-10.716502992380738,4.372706502632839,0.06380341052833291,0.010614048229528208
6124.0,244.96,1.0,-29.54608608854263,-10.534582668495938,-29.54608608854263,-10.534582668495938,4.379470372794255,0.06047401542646014,0.010703662072963289
6125.0,245.0,1.0,-29.60805479590399,-10.351700038779743,-29.60805479590399,-10.351700038779743,4.386237188138866,0.05630319202045923,0.010626169551019821
6126.0,245.04,1.0,-29.668676488093343,-10.170043467440056,-29.668676488093343,-10.170043467440056,4.3929984927656855,0.05132639969453858,0.010382244644238422
6127.0,245.08,1.0,-29.727986322890693,-9.984676167913289,-29.727986322890693,-9.984676167913289,4.39974386543114,0.04559986524979744,0.009978143274233445
6128.0,245.12,1.0,-29.785620556561252,-9.800391879256692,-29.785620556561252,-9.800391879256692,4.406460439410814,0.039200016657740686,0.0094267480635303
6129.0,245.16,1.0,-29.84262334337391,-9.618083597965208,-29.84262334337391,-9.618083597965208,4.4131370914101415,0.03220110279136832,0.00874757245639637
6130.0,245.20000000000002,1.0,-29.899861042761223,-9.436695043831591,-29.899861042761223,-9.436695043831591,4.419762036891603,0.02470866649437604,0.00796701273069247
6131.0,245.24,1.0,-29.955516694070997,-9.254474061936238,-29.955516694070997,-9.254474061936238,4.426326909054422,0.016835636545974354,0.007117236816233857
6132.0,245.28,1.0,-30.012758673945335,-9.070686651157018,-30.012758673945335,-9.070686651157018,4.432821769385447,0.008709392722614506,0.006235962691800137
6133.0,245.32,1.0,-30.067709842829423,-8.884894451349433,-30.067709842829423,-8.884894451349433,4.4392393286755025,0.0004430877250769516,0.0053647565927895085
6134.0,245.36,1.0,-30.118790166412204,-8.700052058312062,-30.118790166412204,-8.700052058312062,4.445572243852138,-0.007825910066690266,0.004547594420755752
6135.0,245.4,1.0,-30.169181828576733,-8.512766815368582,-30.169181828576733,-8.512766815368582,4.451816687309069,-0.015953785260253796,0.0038282938028087353
6136.0,245.44,1.0,-30.219378418341357,-8.326062633058129,-30.219378418341357,-8.326062633058129,4.457971506794808,-0.023794918632263462,0.00324930039692668
6137.0,245.48000000000002,1.0,-30.266606918312203,-8.140081508026892,-30.266606918312203,-8.140081508026892,4.464038985157574,-0.03124087006524532,0.0028492035208352285
6138.0,245.52,1.0,-30.314771471191357,-7.953514420875403,-30.314771471191357,-7.953514420875403,4.470025204365355,-0.038172075104542014,0.002660089011983284
6139.0,245.56,1.0,-30.358544427888887,-7.765455587273552,-30.358544427888887,-7.765455587273552,4.475939389738335,-0.04446767539135961,0.002705350441557839
6140.0,245.6,1.0,-30.404612812250527,-7.581689239469815,-30.404612812250527,-7.581689239469815,4.481791953615515,-0.04999841093771995,0.0029980127627188607
6141.0,245.64000000000001,1.0,-30.447582848405908,-7.394076767648014,-30.447582848405908,-7.394076767648014,4.487595185489356,-0.05467297909177275,0.0035398243682780274
6142.0,245.68,1.0,-30.48750087778825,-7.2102229346319175,-30.48750087778825,-7.2102229346319175,4.493360115618278,-0.05841900332746308,0.004319756434746795
6143.0,245.72,1.0,-30.527333210574596,-7.020379867394661,-30.527333210574596,-7.020379867394661,4.499099357225217,-0.06117907912133933,0.0053135128429628335
6144.0,245.76,1.0,-30.56600318268402,-6.830108432756495,-30.56600318268402,-6.830108432756495,4.504824673372953,-0.06289911328430367,0.006483624039725839
6145.0,245.8,1.0,-30.60431602990649,-6.632790371153504,-30.60431602990649,-6.632790371153504,4.510550674248063,-0.06355887976033688,0.007780737054625428
6146.0,245.84,1.0,-30.640445027694067,-6.436556244741283,-30.640445027694067,-6.436556244741283,4.51629111152034,-0.06316542323758564,0.009144872266980904
6147.0,245.88,1.0,-30.67529173924435,-6.242050406364,-30.67529173924435,-6.242050406364,4.522059499927141,-0.06174836232275134,0.01050698826919178
6148.0,245.92000000000002,1.0,-30.709262073081476,-6.049226322832597,-30.709262073081476,-6.049226322832597,4.527868008069722,-0.05932863731300821,0.011791699280241114
6149.0,245.96,1.0,-30.743312409541357,-5.854291043789675,-30.743312409541357,-5.854291043789675,4.533725503596761,-0.055972250791904356,0.012921077048476823
6150.0,246.0,1.0,-30.776937596258232,-5.6589382174979495,-30.776937596258232,-5.6589382174979495,4.5396392844019955,-0.05177944558519672,0.013817793935344599
6151.0,246.04,1.0,-30.807526641382697,-5.463264853908562,-30.807526641382697,-5.463264853908562,4.54561287192592,-0.046877243908619984,0.01440831510066255
6152.0,246.08,1.0,-30.8377427392026,-5.2689963265675,-30.8377427392026,-5.2689963265675,4.551648003459973,-0.04137627786813127,0.014625633911599916
6153.0,246.12,1.0,-30.866548352534682,-5.068859486399606,-30.866548352534682,-5.068859486399606,4.5577449381664605,-0.03539582323389785,0.01441346343620926
6154.0,246.16,1.0,-30.89726084413622,-4.87037786065941,-30.89726084413622,-4.87037786065941,4.563903227445065,-0.029072710187557593,0.013728813965533031
6155.0,246.20000000000002,1.0,-30.925855166783748,-4.673362758877888,-30.925855166783748,-4.673362758877888,4.57012153650087,-0.022559632107330297,0.012545023343630826
6156.0,246.24,1.0,-30.95443960443443,-4.479703293095144,-30.95443960443443,-4.479703293095144,4.576395352096194,-0.015999669981253573,0.010852487082095375
6157.0,246.28,1.0,-30.982002532060285,-4.281061479888721,-30.982002532060285,-4.281061479888721,4.582719244053441,-0.009513851133377372,0.008660861051770425
6158.0,246.32,1.0,-31.009085841860497,-4.082629429705943,-31.009085841860497,-4.082629429705943,4.5890863425648725,-0.0032222719112284803,0.005999158756380947
6159.0,246.36,1.0,-31.03429409941902,-3.884365448172379,-31.03429409941902,-3.884365448172379,4.5954895963331825,0.00274674720167678,0.0029157436317290386
6160.0,246.4,1.0,-31.06056778961124,-3.683894093438279,-31.06056778961124,-3.683894093438279,4.60192314987819,0.008286288268390085,-0.0005236981055203177
6161.0,246.44,1.0,-31.085195799923355,-3.4864758491899175,-31.085195799923355,-3.4864758491899175,4.608380961196703,0.013330761275588942,-0.004237684737134667
6162.0,246.48000000000002,1.0,-31.110240019656267,-3.2857587173395153,-31.110240019656267,-3.2857587173395153,4.614860643449221,0.017841388294902717,-0.00813154365426394
6163.0,246.52,1.0,-31.13352840103675,-3.0876689549643443,-31.13352840103675,-3.0876689549643443,4.621361210562203,0.02178145406418124,-0.012100196620079521
6164.0,246.56,1.0,-31.157637850937885,-2.8889706194555402,-31.157637850937885,-2.8889706194555402,4.627884440882476,0.02514385514187991,-0.01603245105856948
6165.0,246.6,1.0,-31.178086770537867,-2.6959229946950565,-31.178086770537867,-2.6959229946950565,4.634432475428736,0.02795381820184366,-0.019814463975530956
6166.0,246.64000000000001,1.0,-31.198460899756764,-2.499834671229899,-31.198460899756764,-2.499834671229899,4.641009271215333,0.030267837544364885,-0.023334381612056563
6167.0,246.68,1.0,-31.21560950552514,-2.302848803905181,-31.21560950552514,-2.302848803905181,4.647620211945624,0.032152379036398185,-0.026485326136915965
6168.0,246.72,1.0,-31.23135162011663,-2.105651811678886,-31.23135162011663,-2.105651811678886,4.65427186918308,0.03367142995613,-0.029170248120354902
6169.0,246.76000000000002,1.0,-31.245219031427325,-1.9090187230259197,-31.245219031427325,-1.9090187230259197,4.660971775003882,0.03490972461380144,-0.03130472228050257
6170.0,246.8,1.0,-31.255950407864123,-1.7139181135256525,-31.255950407864123,-1.7139181135256525,4.667727538143808,0.035961609179787635,-0.03282055096815111
6171.0,246.84,1.0,-31.26574445212802,-1.5187765802055604,-31.26574445212802,-1.5187765802055604,4.6745461194903,0.03692556650908459,-0.03366747126655419
6172.0,246.88,1.0,-31.273928912258917,-1.3231490131986727,-31.273928912258917,-1.3231490131986727,4.681434469438136,0.03786339818450253,-0.033815314121198876
6173.0,246.92000000000002,1.0,-31.280361386424925,-1.130536136490763,-31.280361386424925,-1.130536136490763,4.68839725313152,0.0388227324984157,-0.033254438620390195
6174.0,246.96,1.0,-31.284052796620063,-0.9356510262495334,-31.284052796620063,-0.9356510262495334,4.695436948596582,0.03983893907312073,-0.031996132167028075
6175.0,247.0,1.0,-31.28511401750625,-0.7392816797553305,-31.28511401750625,-0.7392816797553305,4.7025519102393485,0.04092865421828036,-0.030071693376719433
6176.0,247.04,1.0,-31.285000961866388,-0.5389853215849597,-31.285000961866388,-0.5389853215849597,4.709738824257864,0.042074633829035604,-0.027531385801603286
6177.0,247.08,1.0,-31.282730900539622,-0.34068493095956454,-31.282730900539622,-0.34068493095956454,4.716990364839743,0.04322430067153456,-0.02444205276596997
6178.0,247.12,1.0,-31.279472294967512,-0.1435008200148663,-31.279472294967512,-0.1435008200148663,4.724297221234689,0.04429779535095417,-0.020884892791019974
6179.0,247.16,1.0,-31.273892856335276,0.05149207475681873,-31.273892856335276,0.05149207475681873,4.7316472626059936,0.04519788902321424,-0.016951921945054807
6180.0,247.20000000000002,1.0,-31.266493166733966,0.24580097374768944,-31.266493166733966,0.24580097374768944,4.739026535650506,0.04580586463239735,-0.012743271729987895
6181.0,247.24,1.0,-31.25771577056754,0.44332852777662496,-31.25771577056754,0.44332852777662496,4.74641967556819,0.04599307825396617,-0.008363375475847108
6182.0,247.28,1.0,-31.24816429432074,0.6404145555357326,-31.24816429432074,0.6404145555357326,4.753810518279533,0.045618147759988556,-0.003917548528716439
6183.0,247.32,1.0,-31.236698658246574,0.836536065436546,-31.236698658246574,0.836536065436546,4.761181890479365,0.044553936242813896,0.0004919539701775634
6184.0,247.36,1.0,-31.224191056161793,1.029967472225405,-31.224191056161793,1.029967472225405,4.768515633640745,0.04267324063269613,0.004768387518046739
6185.0,247.4,1.0,-31.209962771929412,1.2228455981624413,-31.209962771929412,1.2228455981624413,4.7757940982251945,0.0398715665438764,0.008823611665081721
6186.0,247.44,1.0,-31.19424601730064,1.4153974242604739,-31.19424601730064,1.4153974242604739,4.783002084293711,0.03605227027825915,0.012580657322317643
6187.0,247.48000000000002,1.0,-31.17773302128445,1.6088286887028882,-31.17773302128445,1.6088286887028882,4.790124930208961,0.031159519205324136,0.015975510897719675
6188.0,247.52,1.0,-31.159606353427307,1.8025286256150135,-31.159606353427307,1.8025286256150135,4.797151109071562,0.025176826253165953,0.01895818647221158
6189.0,247.56,1.0,-31.13999111055989,1.9940391077144555,-31.13999111055989,1.9940391077144555,4.804070652146323,0.01814124863080957,0.021493253831643123
6190.0,247.6,1.0,-31.118194684647108,2.186397578796835,-31.118194684647108,2.186397578796835,4.810875986443454,0.01013178599675526,0.02355973827654006
6191.0,247.64000000000001,1.0,-31.098384798021527,2.376341192000779,-31.098384798021527,2.376341192000779,4.817561065437732,0.0012701793344300327,0.025151099221787404
6192.0,247.68,1.0,-31.07667352773343,2.5680979753579036,-31.07667352773343,2.5680979753579036,4.824121548688653,-0.008281146947229945,0.026274406701415905
6193.0,247.72,1.0,-31.05414786776054,2.7570102467494686,-31.05414786776054,2.7570102467494686,4.830554695284507,-0.018309521908305083,0.02694837694857617
6194.0,247.76000000000002,1.0,-31.030821148793127,2.9460799642576045,-31.030821148793127,2.9460799642576045,4.83685982323761,-0.028563855676647966,0.027200768731573743
6195.0,247.8,1.0,-31.00615398605196,3.1314938847029254,-31.00615398605196,3.1314938847029254,4.843039970087309,-0.03875817809297251,0.027066975346105977
6196.0,247.84,1.0,-30.980062664676133,3.3169359237937215,-30.980062664676133,3.3169359237937215,4.849100159938002,-0.04860790962762092,0.026587800113254612
6197.0,247.88,1.0,-30.954797340237736,3.5016431571604194,-30.954797340237736,3.5016431571604194,4.855047870050541,-0.05780296328808214,0.025806196537570537
6198.0,247.92000000000002,1.0,-30.925974965082627,3.6892289652873913,-30.925974965082627,3.6892289652873913,4.86089373407926,-0.06603752050017395,0.02476524487832572
6199.0,247.96,1.0,-30.897301585994587,3.880221624430201,-30.897301585994587,3.880221624430201,4.866650479665227,-0.07301641774137926,0.023506321356862838
6200.0,248.0,1.0,-30.86611726349056,4.074766316360266,-30.86611726349056,4.074766316360266,4.8723335373528,-0.07849270855409649,0.02206734475529424
6201.0,248.04,1.0,-30.833943764865285,4.266134833389936,-30.833943764865285,4.266134833389936,4.87796084769766,-0.08224925164139818,0.020481247073052607
6202.0,248.08,1.0,-30.801585467897475,4.4576506745625375,-30.801585467897475,4.4576506745625375,4.883552952011506,-0.08411675433807267,0.018774552853295472
6203.0,248.12,1.0,-30.765468179194592,4.65177339850494,-30.765468179194592,4.65177339850494,4.889132101404337,-0.08397266476742749,0.01696641921994154
6204.0,248.16,1.0,-30.73076209146911,4.8470088952416726,-30.73076209146911,4.8470088952416726,4.894721973848521,-0.08177029830979063,0.01506918695824451
6205.0,248.20000000000002,1.0,-30.694826356015977,5.0439493693817825,-30.694826356015977,5.0439493693817825,4.900346794223038,-0.07753288134365928,0.013089652959054792
6206.0,248.24,1.0,-30.655390822699047,5.23881983299003,-30.655390822699047,5.23881983299003,4.906028091110255,-0.07135046692237923,0.011029066867865579
6207.0,248.28,1.0,-30.61834517409265,5.432962833394865,-30.61834517409265,5.432962833394865,4.911787256426242,-0.06335875188840327,0.008883838330242835
6208.0,248.32,1.0,-30.579964105110225,5.627674665112343,-30.579964105110225,5.627674665112343,4.917640819150506,-0.053768932642043674,0.0066484271486515045
6209.0,248.36,1.0,-30.537790325153907,5.8246772506610105,-30.537790325153907,5.8246772506610105,4.923602013863068,-0.04285528822890783,0.0043173379726337184
6210.0,248.4,1.0,-30.494324683062263,6.0210146474254405,-30.494324683062263,6.0210146474254405,4.929679400606035,-0.030938482778913378,0.0018864276654665408
6211.0,248.44,1.0,-30.44899471920872,6.220159231872134,-30.44899471920872,6.220159231872134,4.9358774399925744,-0.01834070405978332,-0.000645070316174131
6212.0,248.48000000000002,1.0,-30.40273378962134,6.416534477583731,-30.40273378962134,6.416534477583731,4.942194969838291,-0.00542233581869751,-0.0032722937663435293
6213.0,248.52,1.0,-30.356864482516407,6.615416129085867,-30.356864482516407,6.615416129085867,4.948625622796188,0.00744656395267711,-0.005983045549694822
6214.0,248.56,1.0,-30.31127872618302,6.814388783965595,-30.31127872618302,6.814388783965595,4.9551597243967995,0.01988743089716185,-0.008756467474511037
6215.0,248.6,1.0,-30.265511065051548,7.008828572745526,-30.265511065051548,7.008828572745526,4.961783792001611,0.03155782279969617,-0.011562719391288005
6216.0,248.64000000000001,1.0,-30.21516050466124,7.210825825752087,-30.21516050466124,7.210825825752087,4.968481794008338,0.042146701564976706,-0.014363618278222062
6217.0,248.68,1.0,-30.16685737881365,7.408230379328923,-30.16685737881365,7.408230379328923,4.975238971152839,0.05137968589137261,-0.01711165072370309
6218.0,248.72,1.0,-30.118373305275885,7.604842283503396,-30.118373305275885,7.604842283503396,4.982038420209862,0.059021694105841946,-0.01975071433916447
6219.0,248.76000000000002,1.0,-30.07028973764407,7.794276201288201,-30.07028973764407,7.794276201288201,4.9888670154746055,0.06491198108923753,-0.022218695640968702
6220.0,248.8,1.0,-30.01967191551477,7.987120047459524,-30.01967191551477,7.987120047459524,4.995712601082881,0.06896554565664559,-0.02445018216376473
6221.0,248.84,1.0,-29.96947849234681,8.176189370020587,-29.96947849234681,8.176189370020587,5.0025672963758945,0.07115337110525266,-0.026377751374543023
6222.0,248.88,1.0,-29.915476968293678,8.366972459202374,-29.915476968293678,8.366972459202374,5.0094253663469654,0.07148148557342963,-0.02793485499462738
6223.0,248.92000000000002,1.0,-29.862884176668945,8.5507669230877,-29.862884176668945,8.5507669230877,5.016285449465074,0.07002938742666118,-0.029059634168306037
6224.0,248.96,1.0,-29.806669083840944,8.737392635353347,-29.806669083840944,8.737392635353347,5.023150164075852,0.0669373307580812,-0.029698042891594056
6225.0,249.0,1.0,-29.749307975630888,8.919733572715568,-29.749307975630888,8.919733572715568,5.0300228141676495,0.062394115226165316,-0.029806509972580237
6226.0,249.04,1.0,-29.693225312515487,9.102999070149764,-29.693225312515487,9.102999070149764,5.036910401277029,0.056606222334002546,-0.02935452187312803
6227.0,249.08,1.0,-29.62803618377196,9.282975297684379,-29.62803618377196,9.282975297684379,5.043820492368341,0.04980939108694484,-0.028325882575961192
6228.0,249.12,1.0,-29.56459204395364,9.464506166950649,-29.56459204395364,9.464506166950649,5.050760231463982,0.042260402449043034,-0.026721738526595384
6229.0,249.16,1.0,-29.500139880734544,9.64346326876372,-29.500139880734544,9.64346326876372,5.057737536211102,0.03422543237315647,-0.024561041088895882
6230.0,249.20000000000002,1.0,-29.43504276013461,9.823207384885638,-29.43504276013461,9.823207384885638,5.064757853195425,0.025944347613384842,-0.02188002822553879
6231.0,249.24,1.0,-29.36462277228717,10.001343838976052,-29.36462277228717,10.001343838976052,5.071825245731053,0.017624860363929407,-0.018730883718157267
6232.0,249.28,1.0,-29.293298780810677,10.17932494250049,-29.293298780810677,10.17932494250049,5.078939197977493,0.009473686654355107,-0.015182178386503245
6233.0,249.32,1.0,-29.218676353556724,10.358631294519762,-29.218676353556724,10.358631294519762,5.086096333486439,0.001679768516993785,-0.011316208699812156
6234.0,249.36,1.0,-29.142303797260723,10.537255017067345,-29.142303797260723,10.537255017067345,5.0932892321155885,-0.0056094799961758255,-0.007225367605572153
6235.0,249.4,1.0,-29.065207715449116,10.719229868794159,-29.065207715449116,10.719229868794159,5.100506795797712,-0.012301272666693053,-0.0030086092182692757
6236.0,249.44,1.0,-28.992774098513358,10.894643039587145,-28.992774098513358,10.894643039587145,5.107737518627642,-0.018327109416759035,0.0012315580846596543
6237.0,249.48000000000002,1.0,-28.91469601188559,11.072242720429816,-28.91469601188559,11.072242720429816,5.114964547138756,-0.023638937929650106,0.005393134301557265
6238.0,249.52,1.0,-28.83543302193629,11.250413196169072,-28.83543302193629,11.250413196169072,5.122171752494954,-0.028219536184269044,0.009377868214781482
6239.0,249.56,1.0,-28.75371565414049,11.432793168614376,-28.75371565414049,11.432793168614376,5.129340440910973,-0.032083484316729804,0.013095773455619113
6240.0,249.6,1.0,-28.672502661861905,11.607096277577861,-28.672502661861905,11.607096277577861,5.136451206514929,-0.035262000939863536,0.016468097487061992
6241.0,249.64000000000001,1.0,-28.587866540999322,11.783256910030008,-28.587866540999322,11.783256910030008,5.143483888163183,-0.03778968553484592,0.019429772259605804
6242.0,249.68,1.0,-28.503429611855616,11.957913326770717,-28.503429611855616,11.957913326770717,5.150418717856452,-0.03969774752085122,0.02193057783968274
6243.0,249.72,1.0,-28.418661507917648,12.132485347144296,-28.418661507917648,12.132485347144296,5.157238679360345,-0.04104716947466058,0.02393819202492115
6244.0,249.76000000000002,1.0,-28.33147534283473,12.30668082960102,-28.33147534283473,12.30668082960102,5.163929649426622,-0.04189112813600058,0.02543772176746454
6245.0,249.8,1.0,-28.244407741129947,12.483885638121428,-28.244407741129947,12.483885638121428,5.1704819742103245,-0.042263903431569584,0.026430738804789588
6246.0,249.84,1.0,-28.153875238509652,12.660310086076164,-28.153875238509652,12.660310086076164,5.176889664674536,-0.04216519656418356,0.02693414208707104
6247.0,249.88,1.0,-28.066846570142637,12.83790720479912,-28.066846570142637,12.83790720479912,5.183149485193853,-0.04161327613003207,0.02697932915383173
6248.0,249.92000000000002,1.0,-27.978549973413465,13.011597518882615,-27.978549973413465,13.011597518882615,5.189265116271669,-0.04062656599869909,0.026609515514029625
6249.0,249.96,1.0,-27.889182386389166,13.184936563294148,-27.889182386389166,13.184936563294148,5.195240811529126,-0.03922108530756274,0.025876827612356167
6250.0,250.0,1.0,-27.800916209679276,13.358118082982605,-27.800916209679276,13.358118082982605,5.201086253197771,-0.03739182728986969,0.02483890500692436
6251.0,250.04,1.0,-27.708292740792235,13.531602140191598,-27.708292740792235,13.531602140191598,5.206813870887514,-0.035140072387376084,0.023555640689087762
6252.0,250.08,1.0,-27.614310794053388,13.704765297761265,-27.614310794053388,13.704765297761265,5.212441126180943,-0.03247173540290167,0.02208607362612331
6253.0,250.12,1.0,-27.518460216719138,13.878175604233704,-27.518460216719138,13.878175604233704,5.217988677044021,-0.029405208689672467,0.020486424306453498
6254.0,250.16,1.0,-27.422381004361068,14.048727310989786,-27.422381004361068,14.048727310989786,5.223478609370463,-0.02595277732440755,0.01880700350844203
6255.0,250.20000000000002,1.0,-27.325987370280274,14.220491402547347,-27.325987370280274,14.220491402547347,5.228933981152218,-0.022160327806106172,0.017090656033854196
6256.0,250.24,1.0,-27.225879337111866,14.393047840316262,-27.225879337111866,14.393047840316262,5.234376128184524,-0.018103590839864236,0.01537191376755274
6257.0,250.28,1.0,-27.124939232956443,14.566332354120698,-27.124939232956443,14.566332354120698,5.239825456458982,-0.013895160576005216,0.013676381995097067
6258.0,250.32,1.0,-27.02338787270213,14.737713094642476,-27.02338787270213,14.737713094642476,5.245300117636225,-0.009629550751209526,0.0120201158454312
6259.0,250.36,1.0,-26.919248334841654,14.908510171465974,-26.919248334841654,14.908510171465974,5.250813577939757,-0.005419947742307118,0.010410403097768911
6260.0,250.4,1.0,-26.815292266612012,15.080120560406632,-26.815292266612012,15.080120560406632,5.256378278280494,-0.0013980871530389293,0.008847299990453342
6261.0,250.44,1.0,-26.70996128781683,15.249817066550296,-26.70996128781683,15.249817066550296,5.262000473846891,0.0022703826119586878,0.007324875091837699
6262.0,250.48000000000002,1.0,-26.6064490429533,15.417396844681397,-26.6064490429533,15.417396844681397,5.267684323025309,0.005432648169578558,0.005833269327194788
6263.0,250.52,1.0,-26.500169298515214,15.58884622896107,-26.500169298515214,15.58884622896107,5.273428873131491,0.00794632891528475,0.0043606632679452275
6264.0,250.56,1.0,-26.392407952555857,15.757701456415868,-26.392407952555857,15.757701456415868,5.279229967713901,0.009677454167190036,0.0028953097491951373
6265.0,250.6,1.0,-26.28489057378433,15.924514912446256,-26.28489057378433,15.924514912446256,5.285081059727797,0.010489768123635645,0.0014272224826972393
6266.0,250.64000000000001,1.0,-26.180611839267385,16.08974841474992,-26.180611839267385,16.08974841474992,5.290972952169117,0.010283095087190875,-4.96014748233943e-05
6267.0,250.68,1.0,-26.075634127568133,16.253662603916144,-26.075634127568133,16.253662603916144,5.296896338252796,0.008994833299295846,-0.0015362914429657413
6268.0,250.72,1.0,-25.967027755769912,16.418969277368873,-25.967027755769912,16.418969277368873,5.30284078893575,0.006599996920385309,-0.003028558025980583
6269.0,250.76000000000002,1.0,-25.858737504008765,16.585345550104382,-25.858737504008765,16.585345550104382,5.308796892530143,0.0030813308155460684,-0.004516551578217303
6270.0,250.8,1.0,-25.748336469930855,16.7487342584407,-25.748336469930855,16.7487342584407,5.314757586884333,-0.0015273627037494463,-0.00598464729008898
6271.0,250.84,1.0,-25.63858986245707,16.91305629292025,-25.63858986245707,16.91305629292025,5.320716623830489,-0.007142824783421031,-0.007412718774611635
6272.0,250.88,1.0,-25.529316423596047,17.075688335863,-25.529316423596047,17.075688335863,5.326674205118603,-0.013628132973990148,-0.008776549211094475
6273.0,250.92000000000002,1.0,-25.419750125801535,17.234934791887927,-25.419750125801535,17.234934791887927,5.332632160360008,-0.020848937790387833,-0.010049634410652028
6274.0,250.96,1.0,-25.309478169852103,17.392431052581294,-25.309478169852103,17.392431052581294,5.338596441220315,-0.028655958242839175,-0.011204558137414005
6275.0,251.0,1.0,-25.19632977537062,17.550010221757592,-25.19632977537062,17.550010221757592,5.344575697315878,-0.03686792427195886,-0.012215250905866873
6276.0,251.04,1.0,-25.08140504233272,17.705191980306953,-25.08140504233272,17.705191980306953,5.3505802516294505,-0.04527105472324548,-0.013058111598746324
6277.0,251.08,1.0,-24.96214461337472,17.864928469326166,-24.96214461337472,17.864928469326166,5.356622491041164,-0.05365773230152728,-0.013714414660069988
6278.0,251.12,1.0,-24.843576290633486,18.02171890275258,-24.843576290633486,18.02171890275258,5.362713393846763,-0.06184730465778041,-0.014171347814372534
6279.0,251.16,1.0,-24.725150227630415,18.177507226281417,-24.725150227630415,18.177507226281417,5.368865708913505,-0.06966288925119205,-0.014423124891579408
6280.0,251.20000000000002,1.0,-24.603334372743713,18.331157031864887,-24.603334372743713,18.331157031864887,5.375090270958187,-0.07691995229890805,-0.014471041309521792
6281.0,251.24,1.0,-24.483121514900898,18.4859735540847,-24.483121514900898,18.4859735540847,5.381397384222727,-0.08346335925273433,-0.014324620203672053
6282.0,251.28,1.0,-24.35887886920182,18.640629056216575,-24.35887886920182,18.640629056216575,5.3877957160269805,-0.08918403766815701,-0.014000019321325816
6283.0,251.32,1.0,-24.237937322458173,18.792610784341576,-24.237937322458173,18.792610784341576,5.394289125381411,-0.0940187400423782,-0.01351959291051461
6284.0,251.36,1.0,-24.115376798238056,18.943350129706456,-24.115376798238056,18.943350129706456,5.400878525695093,-0.0979088045844703,-0.012910224819071184
6285.0,251.4,1.0,-23.98827359472319,19.098274079549338,-23.98827359472319,19.098274079549338,5.407559702049594,-0.1008290911551806,-0.012202145131108778
6286.0,251.44,1.0,-23.856577286677823,19.252925953392996,-23.856577286677823,19.252925953392996,5.414323780699783,-0.10280901970394263,-0.011426693597985153
6287.0,251.48000000000002,1.0,-23.722595399621408,19.410276587009907,-23.722595399621408,19.410276587009907,5.421158731331641,-0.1039193672808481,-0.010615121747102618
6288.0,251.52,1.0,-23.586086169487224,19.563799367960613,-23.586086169487224,19.563799367960613,5.428049063761575,-0.10422847889446821,-0.009796337405202702
6289.0,251.56,1.0,-23.44883867424081,19.718519668289307,-23.44883867424081,19.718519668289307,5.434980286201489,-0.10379308334398576,-0.008995089574726608
6290.0,251.6,1.0,-23.31002814763837,19.87082140427851,-23.31002814763837,19.87082140427851,5.4419342945157165,-0.10269992794614098,-0.008230108367751317
6291.0,251.64000000000001,1.0,-23.175591974036042,20.02647573243594,-23.175591974036042,20.02647573243594,5.448895827637245,-0.10107086553459596,-0.007513283857810892
6292.0,251.68,1.0,-23.039160432416633,20.17565152537324,-23.039160432416633,20.17565152537324,5.455846855384862,-0.09904144316679579,-0.00684797082947883
6293.0,251.72,1.0,-22.90304883755898,20.32782457633122,-22.90304883755898,20.32782457633122,5.462771651291147,-0.09671306526992936,-0.006229971989121232
6294.0,251.76000000000002,1.0,-22.764296438799605,20.479643490290517,-22.764296438799605,20.479643490290517,5.469654999445576,-0.09417444471756993,-0.005647626456327652
6295.0,251.8,1.0,-22.623040897727815,20.63019009117864,-22.623040897727815,20.63019009117864,5.476483045671423,-0.09151940659900945,-0.005082792619625628
6296.0,251.84,1.0,-22.482031079196624,20.780746318095517,-22.482031079196624,20.780746318095517,5.48324555963657,-0.08882793103129234,-0.004511725418856917
6297.0,251.88,1.0,-22.341157469565232,20.921158773879103,-22.341157469565232,20.921158773879103,5.4899354844979875,-0.08613663012599755,-0.003907652434250975
6298.0,251.92000000000002,1.0,-22.198568926616193,21.06816796357912,-22.198568926616193,21.06816796357912,5.496549809411922,-0.08345536654589916,-0.0032422411203673644
6299.0,251.96,1.0,-22.04977905167818,21.21214426376643,-22.04977905167818,21.21214426376643,5.503088804679849,-0.08081078680665824,-0.0024874710073241545
6300.0,252.0,1.0,-21.90179543975447,21.357280137003187,-21.90179543975447,21.357280137003187,5.509554829259212,-0.07823429715587926,-0.0016183058421343302
6301.0,252.04,1.0,-21.7533824544308,21.500599773148828,-21.7533824544308,21.500599773148828,5.515954680371025,-0.0757263991146792,-0.0006147696898151165
6302.0,252.08,1.0,-21.604876037486935,21.646056113055447,-21.604876037486935,21.646056113055447,5.522292939710665,-0.07326464560172954,0.0005360078670404465
6303.0,252.12,1.0,-21.449946457249617,21.789253532640224,-21.449946457249617,21.789253532640224,5.528577725925715,-0.07081631501038532,0.001838244780395365
6304.0,252.16,1.0,-21.296266551173154,21.932238933248318,-21.296266551173154,21.932238933248318,5.534814881582029,-0.0683804394028242,0.003286230908817251
6305.0,252.20000000000002,1.0,-21.14206419382591,22.069928341318924,-21.14206419382591,22.069928341318924,5.541012462168331,-0.06595364079639435,0.004863540768580617
6306.0,252.24,1.0,-20.984483805348475,22.211109392072682,-20.984483805348475,22.211109392072682,5.5471795954422065,-0.06351826613418124,0.006542753006662667
6307.0,252.28,1.0,-20.826159574468555,22.350364857849407,-20.826159574468555,22.350364857849407,5.5533251464242674,-0.06105033314485726,0.008285719081970167
6308.0,252.32,1.0,-20.667905781058177,22.490504095857382,-20.667905781058177,22.490504095857382,5.559459019212193,-0.05856131395900945,0.0100456706535899
6309.0,252.36,1.0,-20.509475255966663,22.626757250263395,-20.509475255966663,22.626757250263395,5.565588870341585,-0.05607942283897767,0.01176823619318352
6310.0,252.4,1.0,-20.34945341350911,22.762674840987895,-20.34945341350911,22.762674840987895,5.571722705457501,-0.05362403096287978,0.013392952018381057
6311.0,252.44,1.0,-20.18922828599464,22.89155449902498,-20.18922828599464,22.89155449902498,5.577865228026782,-0.051214726449537264,0.014856263981204968
6312.0,252.48000000000002,1.0,-20.02787154090459,23.026173071636528,-20.02787154090459,23.026173071636528,5.584018854455076,-0.04889775914793417,0.016094123903731376
6313.0,252.52,1.0,-19.863480688019035,23.15678807516842,-19.863480688019035,23.15678807516842,5.590185908723119,-0.04672767255588839,0.017045024169267748
6314.0,252.56,1.0,-19.696931080748953,23.289834882831343,-19.696931080748953,23.289834882831343,5.596367566507112,-0.04474782280741383,0.01765149552146702
6315.0,252.6,1.0,-19.53190144273996,23.42314028364446,-19.53190144273996,23.42314028364446,5.602566981036434,-0.04298043307969879,0.017863938982487837
6316.0,252.64000000000001,1.0,-19.36443791160233,23.557060120069018,-19.36443791160233,23.557060120069018,5.60878615384014,-0.041442659089324874,0.017642929626543867
6317.0,252.68,1.0,-19.199528413018108,23.692834914255315,-19.199528413018108,23.692834914255315,5.615026861218189,-0.04016099556541326,0.016961790448533375
6318.0,252.72,1.0,-19.0335368112646,23.822187540378334,-19.0335368112646,23.822187540378334,5.621290483228309,-0.03916344662150577,0.015807693350199905
6319.0,252.76000000000002,1.0,-18.87042961106213,23.952318920778904,-18.87042961106213,23.952318920778904,5.627576670408669,-0.038449538580062836,0.014182776237774669
6320.0,252.8,1.0,-18.706221076079004,24.07903874211457,-18.706221076079004,24.07903874211457,5.633884995472792,-0.03800600788293431,0.012105295623154353
6321.0,252.84,1.0,-18.53727267711282,24.207505604289963,-18.53727267711282,24.207505604289963,5.640212390379614,-0.0378238551355176,0.009609933549251107
6322.0,252.88,1.0,-18.366542156673106,24.334273661478203,-18.366542156673106,24.334273661478203,5.646557942374686,-0.037886336521687755,0.0067463325980385135
6323.0,252.92000000000002,1.0,-18.19552371504872,24.462706199490622,-18.19552371504872,24.462706199490622,5.652920491993628,-0.03815292895551057,0.0035773995337673656
6324.0,252.96,1.0,-18.02217269636459,24.590959447854313,-18.02217269636459,24.590959447854313,5.6593011495783845,-0.038568247963832694,0.00017789034004808793
6325.0,253.0,1.0,-17.848788958579735,24.719400277710115,-17.848788958579735,24.719400277710115,5.6657009092927755,-0.03908464997436663,-0.0033664265948882277
6326.0,253.04,1.0,-17.6800995072063,24.842372266202,-17.6800995072063,24.842372266202,5.672120232620696,-0.039658719486369697,-0.006962652368406125
6327.0,253.08,1.0,-17.5106503371615,24.96491672078945,-17.5106503371615,24.96491672078945,5.6785595155048805,-0.040252759260728375,-0.010513941431299264
6328.0,253.12,1.0,-17.341826535054224,25.08768664717895,-17.341826535054224,25.08768664717895,5.685018631273862,-0.040828971710283254,-0.013923048942277158
6329.0,253.16,1.0,-17.16868152667798,25.210127697560573,-17.16868152667798,25.210127697560573,5.691497605298809,-0.04136001914560674,-0.017094189721824853
6330.0,253.20000000000002,1.0,-16.995510273447305,25.331292432548743,-16.995510273447305,25.331292432548743,5.697996901155691,-0.04183381037988867,-0.019937288092787216
6331.0,253.24,1.0,-16.819492517264983,25.450492692484293,-16.819492517264983,25.450492692484293,5.704518426333733,-0.04225524084320507,-0.022371616044158094
6332.0,253.28,1.0,-16.64140449064848,25.570197616221982,-16.64140449064848,25.570197616221982,5.711067303186775,-0.04262126301140943,-0.024328932957974246
6333.0,253.32,1.0,-16.46212900363117,25.687650397632503,-16.46212900363117,25.687650397632503,5.717648915317561,-0.0429470445948064,-0.02575497649596189
6334.0,253.36,1.0,-16.282664954710192,25.805482004744203,-16.282664954710192,25.805482004744203,5.72427100233636,-0.04326385390023928,-0.026610890239337298
6335.0,253.4,1.0,-16.09792058943372,25.917554295050753,-16.09792058943372,25.917554295050753,5.730939507218393,-0.04362631636930971,-0.026875701628092764
6336.0,253.44,1.0,-15.914894880143772,26.02797857146544,-15.914894880143772,26.02797857146544,5.737660897804638,-0.04408550787595082,-0.026547990474771854
6337.0,253.48000000000002,1.0,-15.729797983841712,26.139658495953505,-15.729797983841712,26.139658495953505,5.7444413609629095,-0.04469595926838954,-0.02564508259063646
6338.0,253.52,1.0,-15.544704312687164,26.25182986797618,-15.544704312687164,26.25182986797618,5.75128695020466,-0.045507068948184036,-0.02420165398023153
6339.0,253.56,1.0,-15.355478899221342,26.36219840212022,-15.355478899221342,26.36219840212022,5.758202639911923,-0.046568621364330084,-0.022269132947305793
6340.0,253.6,1.0,-15.167215290962432,26.469404821296564,-15.167215290962432,26.469404821296564,5.765192669963385,-0.0479181346075074,-0.019915683680844627
6341.0,253.64000000000001,1.0,-14.980455318348508,26.573191264042766,-14.980455318348508,26.573191264042766,5.772260730028352,-0.04958643480227583,-0.017223005544656805
6342.0,253.68,1.0,-14.795664090534132,26.673735443706505,-14.795664090534132,26.673735443706505,5.779409101897387,-0.051581592493892735,-0.014282623755265567
6343.0,253.72,1.0,-14.610429728562469,26.771707455059378,-14.610429728562469,26.771707455059378,5.7866366425087845,-0.05390392274332532,-0.011192586306041943
6344.0,253.76000000000002,1.0,-14.421089598469806,26.870248778316334,-14.421089598469806,26.870248778316334,5.793939914095712,-0.056524326287153426,-0.008054847283334127
6345.0,253.8,1.0,-14.228607602249607,26.968788349521553,-14.228607602249607,26.968788349521553,5.801311725853887,-0.059398079830694096,-0.00497212209148417
6346.0,253.84,1.0,-14.032586403845718,27.064136020383614,-14.032586403845718,27.064136020383614,5.808744628405192,-0.062453537899649914,-0.002043123637823665
6347.0,253.88,1.0,-13.837774330078807,27.1592231321625,-13.837774330078807,27.1592231321625,5.816229486624198,-0.065618508349095,0.000641420653348173
6348.0,253.92000000000002,1.0,-13.64226724838775,27.251843345573754,-13.64226724838775,27.251843345573754,5.823755787047359,-0.06880391514405906,0.0030012422734309457
6349.0,253.96,1.0,-13.445971421106634,27.345522533633062,-13.445971421106634,27.345522533633062,5.831311716116369,-0.07191411873591196,0.004967938481947524
6350.0,254.0,1.0,-13.250315820360523,27.4393372265228,-13.250315820360523,27.4393372265228,5.838886201683345,-0.07483170050980874,0.00648855736504673
6351.0,254.04,1.0,-13.051667690387145,27.535190325759793,-13.051667690387145,27.535190325759793,5.846468264531457,-0.0774346270055212,0.007528738862716111
6352.0,254.08,1.0,-12.855586831769804,27.627405003711154,-12.855586831769804,27.627405003711154,5.8540469739835,-0.07959315929580286,0.008073417192517668
6353.0,254.12,1.0,-12.660284404233625,27.720352459356878,-12.660284404233625,27.720352459356878,5.86161096919828,-0.08119213388617866,0.008125741710457149
6354.0,254.16,1.0,-12.46703564880584,27.80640645839036,-12.46703564880584,27.80640645839036,5.869149914705459,-0.08213523935983602,0.007707138740183243
6355.0,254.20000000000002,1.0,-12.270452821168087,27.89718796132608,-12.270452821168087,27.89718796132608,5.876654773798406,-0.08235243525928555,0.006857016529293875
6356.0,254.24,1.0,-12.069890431497342,27.98565213932349,-12.069890431497342,27.98565213932349,5.884118595450662,-0.08178993358911979,0.005631614906191644
6357.0,254.28,1.0,-11.86660289972724,28.06866261622944,-11.86660289972724,28.06866261622944,5.891535092539696,-0.0804213550411829,0.004100646230746712
6358.0,254.32,1.0,-11.663450088212688,28.14885786440122,-11.663450088212688,28.14885786440122,5.898898857512382,-0.07824693149813503,0.0023441005291561707
6359.0,254.36,1.0,-11.458018678846027,28.23263863954142,-11.458018678846027,28.23263863954142,5.906207336667829,-0.07530364471487958,0.0004492073734310029
6360.0,254.4,1.0,-11.251396728764442,28.316864103593964,-11.251396728764442,28.316864103593964,5.9134602858708165,-0.0716591384258198,-0.0014913203977373537
6361.0,254.44,1.0,-11.04130359061665,28.40070220124977,-11.04130359061665,28.40070220124977,5.9206594925050835,-0.06741560571299425,-0.0033841181900923847
6362.0,254.48000000000002,1.0,-10.827759876919469,28.482616657887966,-10.827759876919469,28.482616657887966,5.9278071637144905,-0.06270193765661365,-0.005139510703091681
6363.0,254.52,1.0,-10.614422755968034,28.563786876436843,-10.614422755968034,28.563786876436843,5.934907084428294,-0.057676238893353896,-0.006675038120879409
6364.0,254.56,1.0,-10.404562642883,28.64165087816006,-10.404562642883,28.64165087816006,5.941963897042924,-0.05250848931784262,-0.0079169663886859
6365.0,254.6,1.0,-10.19706443678501,28.71639414561007,-10.19706443678501,28.71639414561007,5.948984799159286,-0.04736256865097983,-0.008803909254543519
6366.0,254.64000000000001,1.0,-9.989294394105036,28.79129172774153,-9.989294394105036,28.79129172774153,5.955975750145211,-0.04239945808013468,-0.00928967726505012
6367.0,254.68,1.0,-9.777960192175897,28.863104946499455,-9.777960192175897,28.863104946499455,5.962944560278699,-0.03778493862870769,-0.009345773072891339
6368.0,254.72,1.0,-9.566859877597192,28.931579945102932,-9.566859877597192,28.931579945102932,5.969896261240605,-0.033673531815632526,-0.00896105184719467
6369.0,254.76000000000002,1.0,-9.357339740694833,28.997871408547166,-9.357339740694833,28.997871408547166,5.976841119644563,-0.030186042812123205,-0.008142391307309399
6370.0,254.8,1.0,-9.143211118010223,29.063646048786143,-9.143211118010223,29.063646048786143,5.983780239315419,-0.027415850823189404,-0.006913159783521067
6371.0,254.84,1.0,-8.926711147413647,29.12808192414293,-8.926711147413647,29.12808192414293,5.99072045629538,-0.025434465197223012,-0.0053148462115435125
6372.0,254.88,1.0,-8.709904763206755,29.18825763310295,-8.709904763206755,29.18825763310295,5.997651620043272,-0.024295840288919977,-0.0034030052456758574
6373.0,254.92000000000002,1.0,-8.49311286852436,29.24716883058063,-8.49311286852436,29.24716883058063,6.004576910074424,-0.02401381846562567,-0.001247139970916459
6374.0,254.96,1.0,-8.274096545017727,29.306025173051864,-8.274096545017727,29.306025173051864,6.011469986804423,-0.024561079356016147,0.001075742146871507
6375.0,255.0,1.0,-8.055845426589267,29.361433262885004,-8.055845426589267,29.361433262885004,6.018331034581928,-0.025867174911198165,0.003477927515172495
6376.0,255.04,1.0,-7.8379750882296575,29.41446379773642,-7.8379750882296575,29.41446379773642,6.02510226521449,-0.027854391655994393,0.005871405232600808
6377.0,255.08,1.0,-7.622972982419005,29.467389079111598,-7.622972982419005,29.467389079111598,6.0317807169976145,-0.030420950325399886,0.00816166021631232
6378.0,255.12,1.0,-7.405127724522215,29.51916637348607,-7.405127724522215,29.51916637348607,6.0382508300989235,-0.033427363594753956,0.010264626061539835
6379.0,255.16,1.0,-7.192599722105892,29.566296375523045,-7.192599722105892,29.566296375523045,6.044508648355641,-0.0367099590702122,0.012089374773484988
6380.0,255.20000000000002,1.0,-6.975570202704171,29.61396405173416,-6.975570202704171,29.61396405173416,6.05032285216124,-0.04011624399134293,0.01356737209034462
6381.0,255.24,1.0,-6.7615351627558,29.658246448176534,-6.7615351627558,29.658246448176534,6.055690369791004,-0.04349812524885917,0.014615054670652322
6382.0,255.28,1.0,-6.545847769750145,29.702910837839077,-6.545847769750145,29.702910837839077,6.0601573685370145,-0.04669670783249695,0.015189600520151999
6383.0,255.32,1.0,-6.327956869991277,29.747329234684134,-6.327956869991277,29.747329234684134,6.063730552495647,-0.04954869472080026,0.015210760791974486
6384.0,255.36,1.0,-6.104997157325734,29.79089931869649,-6.104997157325734,29.79089931869649,6.06551369499776,-0.05192197596420822,0.014667761777392884
6385.0,255.4,1.0,-5.879012875056392,29.833743210800684,-5.879012875056392,29.833743210800684,6.065531694393104,-0.0537156117780754,0.013459950011564154
6386.0,255.44,1.0,-5.651285931435419,29.87306423651858,-5.651285931435419,29.87306423651858,6.062000188880035,-0.05486118588410993,0.01160986711148405
6387.0,255.48000000000002,1.0,-5.421791104376244,29.9119867730444,-5.421791104376244,29.9119867730444,6.054974789543091,-0.0552886257387768,0.009150184782788609
6388.0,255.52,1.0,-5.188255680560284,29.953125136738844,-5.188255680560284,29.953125136738844,6.040892142848855,-0.05495786116773107,0.006131918696393049
6389.0,255.56,1.0,-4.95390806329904,29.992304219700124,-4.95390806329904,29.992304219700124,6.019866510530824,-0.0538744492507385,0.0026098596997038473
6390.0,255.6,1.0,-4.7226160222017715,30.03204194698433,-4.7226160222017715,30.03204194698433,5.984771859984749,-0.05209129077071968,-0.0013405798320968733
6391.0,255.64000000000001,1.0,-4.491988852285781,30.06919487406416,-4.491988852285781,30.06919487406416,5.935838137157336,-0.04965878241567869,-0.005650589796687691
6392.0,255.68,1.0,-4.260147948281056,30.108717723641654,-4.260147948281056,30.108717723641654,5.873089666453079,-0.046632823694428935,-0.010222728686593413
6393.0,255.72,1.0,-4.02977566027397,30.147247941673005,-4.02977566027397,30.147247941673005,5.796981744283741,-0.043098531400307546,-0.014983333363396406
6394.0,255.76000000000002,1.0,-3.798356566561695,30.18392666642354,-3.798356566561695,30.18392666642354,5.707551821799181,-0.03916458917926493,-0.019809934604017705
6395.0,255.8,1.0,-3.574125466075613,30.219302075371207,-3.574125466075613,30.219302075371207,5.605700225585359,-0.03493969317411283,-0.024633248672570145
6396.0,255.84,1.0,-3.351315810477886,30.24968562657195,-3.351315810477886,30.24968562657195,5.491488929576133,-0.030524124505473683,-0.02928846995359043
6397.0,255.88,1.0,-3.124972312801565,30.2798859267004,-3.124972312801565,30.2798859267004,5.366708259868114,-0.026029956658772547,-0.033717105933177796
6398.0,255.92000000000002,1.0,-2.8992687498898384,30.30633686409543,-2.8992687498898384,30.30633686409543,5.2314757411756245,-0.02159066984382598,-0.03787330881178863
6399.0,255.96,1.0,-2.671876455312162,30.332516178400574,-2.671876455312162,30.332516178400574,5.089364334986902,-0.017332218648958574,-0.041709258058708634
6400.0,256.0,1.0,-2.4466411744282506,30.356243220578726,-2.4466411744282506,30.356243220578726,4.940602925744892,-0.013356636975657366,-0.04509355522210791
6401.0,256.04,1.0,-2.217337766776475,30.379061291711302,-2.217337766776475,30.379061291711302,4.792328949092621,-0.009737360096627134,-0.04798759935096114
6402.0,256.08,1.0,-1.987709764987752,30.400416256786354,-1.987709764987752,30.400416256786354,4.644994373249635,-0.006561960383109166,-0.05032988639465864
6403.0,256.12,1.0,-1.7586003372355854,30.41915539911502,-1.7586003372355854,30.41915539911502,4.498587748189834,-0.003910210835362182,-0.052076210992683405
6404.0,256.16,1.0,-1.5343059739392833,30.435994101743564,-1.5343059739392833,30.435994101743564,4.354005417954573,-0.0018407184408113953,-0.05320370363408526
6405.0,256.2,1.0,-1.3096599316143362,30.45069810051537,-1.3096599316143362,30.45069810051537,4.20407893289319,-0.00038474416627041206,-0.05363385730576296
6406.0,256.24,1.0,-1.087012778883728,30.464542389092948,-1.087012778883728,30.464542389092948,4.050594863827026,0.00042984934404479704,-0.053358302064293775
6407.0,256.28000000000003,1.0,-0.8665209721461629,30.4766684814799,-0.8665209721461629,30.4766684814799,3.889927101450632,0.0005723774555495664,-0.05241391206731381
6408.0,256.32,1.0,-0.64933920220238,30.48807319672637,-0.64933920220238,30.48807319672637,3.7256467496747994,3.405061210153271e-05,-0.05077833301925977
6409.0,256.36,1.0,-0.4329163752598596,30.49753910035177,-0.4329163752598596,30.49753910035177,3.555854961097571,-0.0011743472149508439,-0.04849403690442165
6410.0,256.4,1.0,-0.2170113172194989,30.504797757855908,-0.2170113172194989,30.504797757855908,3.3876872124048516,-0.0030312622917225696,-0.04548939111955609
6411.0,256.44,1.0,-0.0012057300401061121,30.507349419603134,-0.0012057300401061121,30.507349419603134,3.220021901446652,-0.005520965020646962,-0.0419120947028775
6412.0,256.48,1.0,0.21417239328974116,30.506899383383587,0.21417239328974116,30.506899383383587,3.0528526337526065,-0.008621416552050953,-0.037823699035602565
6413.0,256.52,1.0,0.4310960369276569,30.50190785134052,0.4310960369276569,30.50190785134052,2.8852769060056254,-0.012287202066807756,-0.03331798101806487
6414.0,256.56,1.0,0.6450982221472377,30.495978987818813,0.6450982221472377,30.495978987818813,2.717286836468676,-0.016470072579928385,-0.028476451219473804
6415.0,256.6,1.0,0.8600180251554074,30.484325016498776,0.8600180251554074,30.484325016498776,2.5477555830655705,-0.021114169061193788,-0.02336599789048301
6416.0,256.64,1.0,1.0770485483886976,30.474450577822,1.0770485483886976,30.474450577822,2.383817933067813,-0.02616477731624296,-0.01811216601813529
6417.0,256.68,1.0,1.295990737006647,30.46281625574242,1.295990737006647,30.46281625574242,2.2235692201588195,-0.03154207986693749,-0.012774747104949302
6418.0,256.72,1.0,1.5203975118229769,30.45201675271852,1.5203975118229769,30.45201675271852,2.0705744699249022,-0.037157112734816256,-0.00736793263443194
6419.0,256.76,1.0,1.7451053442668158,30.438237117342304,1.7451053442668158,30.438237117342304,1.9212007037275451,-0.04291349788823795,-0.0019680476389001425
6420.0,256.8,1.0,1.971313025645521,30.42113722413177,1.971313025645521,30.42113722413177,1.777228177702554,-0.04871391075482334,0.00331351637974162
6421.0,256.84000000000003,1.0,2.1969037422516537,30.405026589640112,2.1969037422516537,30.405026589640112,1.6314866116203468,-0.0544470089150058,0.008352231268242439
6422.0,256.88,1.0,2.4245856270546353,30.38692057148762,2.4245856270546353,30.38692057148762,1.4848649173410295,-0.059980711031277445,0.01309371620435439
6423.0,256.92,1.0,2.6489362515802184,30.3702409608788,2.6489362515802184,30.3702409608788,1.3373501136445014,-0.06518847144241058,0.01754477369318194
6424.0,256.96,1.0,2.8770142362237654,30.347294950506942,2.8770142362237654,30.347294950506942,1.1893881481355333,-0.06994948236942877,0.021673949623673673
6425.0,257.0,1.0,3.1007912682928636,30.32454194485137,3.1007912682928636,30.32454194485137,1.04811669981547,-0.07414830944344426,0.02536951369294414
6426.0,257.04,1.0,3.3268331570830108,30.301349332321458,3.3268331570830108,30.301349332321458,0.9137622930477518,-0.07767841375892175,0.02860082554597662
6427.0,257.08,1.0,3.555300801675999,30.2764392945622,3.555300801675999,30.2764392945622,0.7898949745301647,-0.08044596343865858,0.03132158409764811
6428.0,257.12,1.0,3.78451963494228,30.24636355819494,3.78451963494228,30.24636355819494,0.6766282326713127,-0.08237686048646484,0.033479344509519
6429.0,257.16,1.0,4.016956155660099,30.213458610560053,4.016956155660099,30.213458610560053,0.5757473598754428,-0.08339515726069124,0.03506030021915351
6430.0,257.2,1.0,4.249556666832152,30.177571891976545,4.249556666832152,30.177571891976545,0.487311027549764,-0.08344771353421446,0.03595379896889432
6431.0,257.24,1.0,4.482422293053432,30.14209443078198,4.482422293053432,30.14209443078198,0.4122143224875848,-0.08249287109337489,0.03626711278881001
6432.0,257.28000000000003,1.0,4.716036855676114,30.10416000845202,4.716036855676114,30.10416000845202,0.35048782202921513,-0.08053028842143344,0.036012306987577715
6433.0,257.32,1.0,4.950699943840731,30.066712318837688,4.950699943840731,30.066712318837688,0.30258215546106204,-0.07759617220890895,0.0352542401866638
6434.0,257.36,1.0,5.191559834612066,30.028690655312005,5.191559834612066,30.028690655312005,0.26851184683918794,-0.07374464745834945,0.03400444902771181
6435.0,257.4,1.0,5.433037228568258,29.99317853151526,5.433037228568258,29.99317853151526,0.24850307171646335,-0.06904803875076429,0.03231349295189501
6436.0,257.44,1.0,5.677430144336535,29.95400190779238,5.677430144336535,29.95400190779238,0.2354209780097456,-0.06360505742627065,0.03031753853791941
6437.0,257.48,1.0,5.9159433598678755,29.91316832769387,5.9159433598678755,29.91316832769387,0.2293759807471198,-0.05754476486063087,0.028071796145369782
6438.0,257.52,1.0,6.150634670217679,29.86972558136103,6.150634670217679,29.86972558136103,0.22679830418429922,-0.051008309006556084,0.025650554995746998
6439.0,257.56,1.0,6.383837445405343,29.823326030357055,6.383837445405343,29.823326030357055,0.2277401678597136,-0.04416079024951276,0.023133826476547912
6440.0,257.6,1.0,6.618907148910336,29.77698832370885,6.618907148910336,29.77698832370885,0.23041494023818693,-0.03718634645383188,0.020566424390514988
6441.0,257.64,1.0,6.855725110442181,29.72720832969525,6.855725110442181,29.72720832969525,0.23484480599895607,-0.030271560572595814,0.018088299554260362
6442.0,257.68,1.0,7.088054750703099,29.676122966694578,7.088054750703099,29.676122966694578,0.24013234721160717,-0.023604526484288523,0.01572857853899266
6443.0,257.72,1.0,7.3228312970832,29.620598081112952,7.3228312970832,29.620598081112952,0.2462834601012268,-0.017361463926499333,0.01350248783262294
6444.0,257.76,1.0,7.553722699950994,29.566852377476874,7.553722699950994,29.566852377476874,0.25284415000911925,-0.011704514048153225,0.011432185717950242
6445.0,257.8,1.0,7.783870878201294,29.51158007365141,7.783870878201294,29.51158007365141,0.2598121139773895,-0.006779985943040368,0.009655079786877883
6446.0,257.84000000000003,1.0,8.007801527829765,29.452552877221514,8.007801527829765,29.452552877221514,0.2669537120609825,-0.0027267962650256326,0.00818676612510301
6447.0,257.88,1.0,8.233419311227673,29.389443650783583,8.233419311227673,29.389443650783583,0.27426302863459096,0.0003558298179313635,0.0070975130787139075
6448.0,257.92,1.0,8.458796321899543,29.323989327938204,8.458796321899543,29.323989327938204,0.28161752237023696,0.0024095058743940577,0.006395196850675464
6449.0,257.96,1.0,8.682632525751549,29.257170911525627,8.682632525751549,29.257170911525627,0.2890116845901786,0.0034003017289323534,0.006113679886225904
6450.0,258.0,1.0,8.910218588474324,29.188263337873497,8.910218588474324,29.188263337873497,0.29638191159927063,0.0033360937011929883,0.0062525722284189015
6451.0,258.04,1.0,9.135280242641581,29.116903121439616,9.135280242641581,29.116903121439616,0.30372281871247375,0.0022509284931059746,0.006819676828625271
6452.0,258.08,1.0,9.35907175362331,29.046223490427174,9.35907175362331,29.046223490427174,0.31099948041779946,0.000207179085958642,0.007801531209901999
6453.0,258.12,1.0,9.58345693455046,28.973090503529857,9.58345693455046,28.973090503529857,0.31820800299838753,-0.0027068996467277894,0.009185510141438976
6454.0,258.16,1.0,9.804527468013394,28.896810023949303,9.804527468013394,28.896810023949303,0.32533154356396954,-0.006373692834278577,0.010944610971324337
6455.0,258.2,1.0,10.026747306008208,28.81846278520549,10.026747306008208,28.81846278520549,0.33236985334660346,-0.010667465727507874,0.01304737695502135
6456.0,258.24,1.0,10.245116422222202,28.741227230289383,10.245116422222202,28.741227230289383,0.3393168223770257,-0.015454952221611728,0.015328436152423195
6457.0,258.28000000000003,1.0,10.46242137712789,28.661415526395746,10.46242137712789,28.661415526395746,0.3461775520699164,-0.020583078213561777,0.01774065595865335
6458.0,258.32,1.0,10.6800900323997,28.57962619736831,10.6800900323997,28.57962619736831,0.3529540617435435,-0.025900518243238514,0.02016754438702771
6459.0,258.36,1.0,10.899505753340458,28.49468426473154,10.899505753340458,28.49468426473154,0.3596578871050502,-0.031268538501689605,0.02254879711805544
6460.0,258.4,1.0,11.115599004365606,28.406936393296963,11.115599004365606,28.406936393296963,0.36629672301662664,-0.036556929106290756,0.024786986313811037
6461.0,258.44,1.0,11.32884325519225,28.317916119075676,11.32884325519225,28.317916119075676,0.37288376744114654,-0.04165906016669143,0.0268125857294703
6462.0,258.48,1.0,11.53979014801607,28.227384295555687,11.53979014801607,28.227384295555687,0.3794304199666856,-0.04649462159753455,0.02853940291828149
6463.0,258.52,1.0,11.755031000315158,28.136549197209526,11.755031000315158,28.136549197209526,0.3859527402984989,-0.05100358515676895,0.029897319841673247
6464.0,258.56,1.0,11.970515093883174,28.043565815396278,11.970515093883174,28.043565815396278,0.39246497349304893,-0.055157954365923856,0.030810804719055857
6465.0,258.6,1.0,12.190523638800887,27.94843056726487,12.190523638800887,27.94843056726487,0.3989831615567781,-0.05896320529350909,0.031216969256904946
6466.0,258.64,1.0,12.412846615786213,27.85076529985576,12.412846615786213,27.85076529985576,0.4055216056435638,-0.06243589735801416,0.031056909353048955
6467.0,258.68,1.0,12.629154666672116,27.755168638200406,12.629154666672116,27.755168638200406,0.4120948552179228,-0.06561361554545175,0.030285875451218323
6468.0,258.72,1.0,12.847892049250756,27.658437877652055,12.847892049250756,27.658437877652055,0.4187146624465708,-0.0685686398435634,0.02886946139580912
6469.0,258.76,1.0,13.065367351594574,27.561402225074072,13.065367351594574,27.561402225074072,0.4253906248826227,-0.07140140753869342,0.026790155622296592
6470.0,258.8,1.0,13.281547974599755,27.462805363328005,13.281547974599755,27.462805363328005,0.4321287927835713,-0.07421465289317061,0.02404650623991294
6471.0,258.84000000000003,1.0,13.496923548835321,27.363449827961155,13.496923548835321,27.363449827961155,0.43893417174881283,-0.07711723563047627,0.020656784524572213
6472.0,258.88,1.0,13.714124459268998,27.26190295255366,13.714124459268998,27.26190295255366,0.4458097521774437,-0.08021358935125525,0.01665773595591465
6473.0,258.92,1.0,13.928581391745587,27.162390351247318,13.928581391745587,27.162390351247318,0.4527574672732947,-0.08360061540830635,0.012106201603946706
6474.0,258.96,1.0,14.143030317078015,27.062031169556597,14.143030317078015,27.062031169556597,0.45977606925066994,-0.08736038279427341,0.0070782280529639975
6475.0,259.0,1.0,14.358427797758498,26.960505520062565,14.358427797758498,26.960505520062565,0.46686310184492186,-0.09155306796559295,0.0016687103490408647
6476.0,259.04,1.0,14.574740074848005,26.854903249547437,14.574740074848005,26.854903249547437,0.47401328382330393,-0.09619673731826447,-0.004011093074268177
6477.0,259.08,1.0,14.792446403768409,26.74933697675514,14.792446403768409,26.74933697675514,0.48122137121339587,-0.10128092943826295,-0.009835645340569302
6478.0,259.12,1.0,15.007656734990514,26.643388453636504,15.007656734990514,26.643388453636504,0.48848149448733424,-0.10675614912086048,-0.015668006263008516
6479.0,259.16,1.0,15.22143887492901,26.53496094541879,15.22143887492901,26.53496094541879,0.4957879378698705,-0.11252546323081473,-0.02136357349668695
6480.0,259.2,1.0,15.434014801205894,26.428428467809887,15.434014801205894,26.428428467809887,0.503136231275487,-0.11844957487907241,-0.02677454582255149
6481.0,259.24,1.0,15.647225836602374,26.31921960282792,15.647225836602374,26.31921960282792,0.5105230579903138,-0.12436760284736215,-0.03175435021557702
6482.0,259.28000000000003,1.0,15.86215022059572,26.20919879721343,15.86215022059572,26.20919879721343,0.5179466161044701,-0.1300811110785393,-0.036162077051382566
6483.0,259.32,1.0,16.07310434914225,26.095281928599046,16.07310434914225,26.095281928599046,0.5254045941571514,-0.13536986989627584,-0.03986686185616491
6484.0,259.36,1.0,16.28713773838534,25.978899272319865,16.28713773838534,25.978899272319865,0.5328961401138789,-0.13997593539737935,-0.042753304301313105
6485.0,259.4,1.0,16.497850104768975,25.857226858687227,16.497850104768975,25.857226858687227,0.5404203285412399,-0.1436488596710403,-0.044725696961266485
6486.0,259.44,1.0,16.710773025234708,25.736440008271217,16.710773025234708,25.736440008271217,0.5479784423182379,-0.14612196959038204,-0.045712090557906614
6487.0,259.48,1.0,16.92146004192086,25.609639601767434,16.92146004192086,25.609639601767434,0.5555727619842254,-0.1471651053990058,-0.04566648351556417
6488.0,259.52,1.0,17.130139600998397,25.482463707022454,17.130139600998397,25.482463707022454,0.5632066597793239,-0.14655968270346156,-0.044571635925762534
6489.0,259.56,1.0,17.335219313122128,25.350168750116172,17.335219313122128,25.350168750116172,0.5708836195815769,-0.14413524099345573,-0.042440710808819185
6490.0,259.6,1.0,17.53999951361744,25.21489425641554,17.53999951361744,25.21489425641554,0.5786078531039027,-0.13975376895490643,-0.03931725435338017
6491.0,259.64,1.0,17.74427810646458,25.076183878774486,17.74427810646458,25.076183878774486,0.5863826672564959,-0.13333328617748003,-0.03527418083179898
6492.0,259.68,1.0,17.948960353895835,24.93620760006437,17.948960353895835,24.93620760006437,0.594210538315294,-0.12483259655437148,-0.030412125500081398
6493.0,259.72,1.0,18.15410455948582,24.788089595885463,18.15410455948582,24.788089595885463,0.6020907732528947,-0.11428247545145995,-0.02485760415449807
6494.0,259.76,1.0,18.355685615331193,24.63908582992907,18.355685615331193,24.63908582992907,0.6100224370510045,-0.1017628877026305,-0.018758959015531894
6495.0,259.8,1.0,18.55485509075454,24.4856812547837,18.55485509075454,24.4856812547837,0.6180010300454387,-0.08743410250220336,-0.012281633307065698
6496.0,259.84000000000003,1.0,18.75903423136231,24.332813230369467,18.75903423136231,24.332813230369467,0.6260229419397979,-0.07149642371745941,-0.005602534332132517
6497.0,259.88,1.0,18.962355753974226,24.17674277049714,18.962355753974226,24.17674277049714,0.6340800058054299,-0.05423888841805917,0.0010954178094455028
6498.0,259.92,1.0,19.164827809359252,24.020397960030614,19.164827809359252,24.020397960030614,0.6421636757773996,-0.035979001045078826,0.007628602103839763
6499.0,259.96,1.0,19.370548454663457,23.86025944703361,19.370548454663457,23.86025944703361,0.6502618566239275,-0.01709344755849851,0.0138190071567243
6500.0,260.0,1.0,19.572156361729668,23.698466716988488,19.572156361729668,23.698466716988488,0.6583616471045582,0.002047400242647468,0.019500283565924544
6501.0,260.04,1.0,19.77812379029208,23.528727064219208,19.77812379029208,23.528727064219208,0.6664478510665968,0.02103537078830453,0.0245231852159142
6502.0,260.08,1.0,19.97765127239867,23.361148451817975,19.97765127239867,23.361148451817975,0.674502936325807,0.03948629397886692,0.028759478401787338
6503.0,260.12,1.0,20.18403840635802,23.194302276612643,20.18403840635802,23.194302276612643,0.6825094775972187,0.05701438457518904,0.03210605066857161
6504.0,260.16,1.0,20.37225463064824,23.03018748142421,20.37225463064824,23.03018748142421,0.6904505175677136,0.07327590968324833,0.034488735874658
6505.0,260.2,1.0,20.56808068628808,22.86653310294152,20.56808068628808,22.86653310294152,0.6983123285505077,0.08794813124276779,0.035863700601969806
6506.0,260.24,1.0,20.74472309129381,22.704030951929546,20.74472309129381,22.704030951929546,0.7060835890103115,0.10076947538801359,0.03621880571489276
6507.0,260.28000000000003,1.0,20.936933621572365,22.541613215001174,20.936933621572365,22.541613215001174,0.7137557876398857,0.11153355909256299,0.035572586341957715
6508.0,260.32,1.0,21.11937381968292,22.3797587465036,21.11937381968292,22.3797587465036,0.7213247240385857,0.12012268859141344,0.033973696957612765
6509.0,260.36,1.0,21.31235689659352,22.216652980885453,21.31235689659352,22.216652980885453,0.7287895288792635,0.12648242645963007,0.031498230602744336
6510.0,260.4,1.0,21.497105834440596,22.054017380479465,21.497105834440596,22.054017380479465,0.7361526708184297,0.13063052294934913,0.028246768293165015
6511.0,260.44,1.0,21.685341429430558,21.888566439497993,21.685341429430558,21.888566439497993,0.7434187768932417,0.13262790308577269,0.024339576743749473
6512.0,260.48,1.0,21.867023337674627,21.72177980071047,21.867023337674627,21.72177980071047,0.7505961038082318,0.13262721385685913,0.019911497957709794
6513.0,260.52,1.0,22.053846336494438,21.555960084723978,22.053846336494438,21.555960084723978,0.757699567621463,0.13082256719299878,0.01510755100371015
6514.0,260.56,1.0,22.23957970550753,21.390309452431843,22.23957970550753,21.390309452431843,0.7647462319090075,0.1274582189388542,0.010077604305278823
6515.0,260.6,1.0,22.42431554810701,21.225586208055187,22.42431554810701,21.225586208055187,0.7717590688459784,0.12280580729299392,0.004971054632721768
6516.0,260.64,1.0,22.598469576623366,21.061404529832338,22.598469576623366,21.061404529832338,0.7787591693923317,0.11717410821762382,-6.835459657257986e-05
6517.0,260.68,1.0,22.773309989215264,20.893230654598685,22.773309989215264,20.893230654598685,0.7857716248582995,0.11088089638830427,-0.004907146985113036
6518.0,260.72,1.0,22.945730419077588,20.724452317531927,22.945730419077588,20.724452317531927,0.7928183580981246,0.10423232621872722,-0.009425731609303777
6519.0,260.76,1.0,23.113433992998157,20.556321010222455,23.113433992998157,20.556321010222455,0.7999219540140212,0.09752834728759056,-0.013521676413635072
6520.0,260.8,1.0,23.28097070407628,20.387419121042203,23.28097070407628,20.387419121042203,0.8071006282264541,0.0910369775372111,-0.01711183370192848
6521.0,260.84000000000003,1.0,23.43795348458664,20.216388929674352,23.43795348458664,20.216388929674352,0.8143718543107623,0.08500562307818951,-0.020134978888666215
6522.0,260.88,1.0,23.598630643151374,20.043029053700344,23.598630643151374,20.043029053700344,0.8217516321135365,0.07962642230251431,-0.0225517388081767
6523.0,260.92,1.0,23.750961220253956,19.86769715472793,23.750961220253956,19.86769715472793,0.8292537268147104,0.07502828496171472,-0.02434383222348188
6524.0,260.96,1.0,23.918137723419083,19.690571492807003,23.918137723419083,19.690571492807003,0.8368863562004302,0.07126853792788226,-0.02551289046076114
6525.0,261.0,1.0,24.07901182655273,19.507459671546492,24.07901182655273,19.507459671546492,0.844653674426386,0.06838089311740161,-0.02607881477689309
6526.0,261.04,1.0,24.253594351289784,19.325034637598428,24.253594351289784,19.325034637598428,0.8525528124779781,0.06633653996042106,-0.026077828044111608
6527.0,261.08,1.0,24.412998237130225,19.138768246259392,24.412998237130225,19.138768246259392,0.8605779475529548,0.0650620441209335,-0.025558597829820662
6528.0,261.12,1.0,24.58053687758602,18.952575104648506,24.58053687758602,18.952575104648506,0.8687159626809848,0.06443224455204961,-0.024579730954943594
6529.0,261.16,1.0,24.73050430180997,18.76704004342556,24.73050430180997,18.76704004342556,0.8769517450719159,0.06432149009436705,-0.02320621249212638
6530.0,261.2,1.0,24.885961060637122,18.581284630937127,24.885961060637122,18.581284630937127,0.885266187284343,0.06456626839562955,-0.021507648025581822
6531.0,261.24,1.0,25.03387289579384,18.39643208573373,25.03387289579384,18.39643208573373,0.893641079671571,0.06501202198187872,-0.0195544915810775
6532.0,261.28000000000003,1.0,25.186725106726715,18.21013601576525,25.186725106726715,18.21013601576525,0.9020581120866364,0.06548299487978763,-0.017414317083500504
6533.0,261.32,1.0,25.328145597111824,18.022579461535603,25.328145597111824,18.022579461535603,0.9104984170782462,0.06584568975744495,-0.015149413735254944
6534.0,261.36,1.0,25.472173345112406,17.831704924291053,25.472173345112406,17.831704924291053,0.9189436540959484,0.06597073623971106,-0.012816394074114602
6535.0,261.4,1.0,25.61323128089943,17.63966586085223,25.61323128089943,17.63966586085223,0.9273757612909203,0.06578712468771328,-0.010465136002866412
6536.0,261.44,1.0,25.75679640019886,17.445380563249053,25.75679640019886,17.445380563249053,0.9357800354105168,0.06521132784811638,-0.008137700659727961
6537.0,261.48,1.0,25.89478628760088,17.25370879596813,25.89478628760088,17.25370879596813,0.9441430228013161,0.06422497271669163,-0.005867627862817681
6538.0,261.52,1.0,26.03401991123524,17.057825952272648,26.03401991123524,17.057825952272648,0.9524553105849801,0.0628378342562526,-0.003681642694034136
6539.0,261.56,1.0,26.167349673856336,16.865942818393318,26.167349673856336,16.865942818393318,0.9607102884313109,0.061117585397043726,-0.0016002145953345898
6540.0,261.6,1.0,26.302784171533034,16.669805709780952,26.302784171533034,16.669805709780952,0.9689066839198356,0.05911748325852937,0.0003607757261691498
6541.0,261.64,1.0,26.438632031947,16.481819977550373,26.438632031947,16.481819977550373,0.9770470407426025,0.056937887869026316,0.0021907484135871456
6542.0,261.68,1.0,26.57240792394503,16.28699416453957,26.57240792394503,16.28699416453957,0.9851372593400051,0.054674493220972994,0.00388189726068158
6543.0,261.72,1.0,26.702431483517508,16.09136669215912,26.702431483517508,16.09136669215912,0.9931830690003715,0.05246887891782408,0.0054276173575837725
6544.0,261.76,1.0,26.828649393871267,15.888034943166772,26.828649393871267,15.888034943166772,1.0011917304892999,0.050436677751946976,0.006820476902909242
6545.0,261.8,1.0,26.948318098439227,15.69299913799808,26.948318098439227,15.69299913799808,1.0091699308674946,0.048706522763073766,0.008053683476063481
6546.0,261.84000000000003,1.0,27.068833078444083,15.491558881291102,27.068833078444083,15.491558881291102,1.0171260974885048,0.047371595454352475,0.009120014079416311
6547.0,261.88,1.0,27.185911415843254,15.295143290787454,27.185911415843254,15.295143290787454,1.0250674885792264,0.04653264224370342,0.010010880188344003
6548.0,261.92,1.0,27.3029724855813,15.088647350114337,27.3029724855813,15.088647350114337,1.0330033275759873,0.04624025118865367,0.010715696102540964
6549.0,261.96,1.0,27.422972324092655,14.88515213296527,27.422972324092655,14.88515213296527,1.0409410517121573,0.04651380571098094,0.01122362972087566
6550.0,262.0,1.0,27.542052127150633,14.677105740260235,27.542052127150633,14.677105740260235,1.0488891178047877,0.04732324345680557,0.011524625267554437
6551.0,262.04,1.0,27.659428700303987,14.471125149289739,27.659428700303987,14.471125149289739,1.0568519906910159,0.048643665643568215,0.011610660568966289
6552.0,262.08,1.0,27.773954486116388,14.264374376745792,27.773954486116388,14.264374376745792,1.0648298168307033,0.050397353396321384,0.011475399369416227
6553.0,262.12,1.0,27.88784483246247,14.056538182232416,27.88784483246247,14.056538182232416,1.0728179107794802,0.0524972768381899,0.01111612959777395
6554.0,262.16,1.0,27.999261186094706,13.84878611605772,27.999261186094706,13.84878611605772,1.0808103071111625,0.054810886681226155,0.010534965129104314
6555.0,262.2,1.0,28.108517342870396,13.640946414572303,28.108517342870396,13.640946414572303,1.0887993934147313,0.057215911500476134,0.009740642898845384
6556.0,262.24,1.0,28.216115508905858,13.43219824234086,28.216115508905858,13.43219824234086,1.0967779382899245,0.05958127729238825,0.008747173472166633
6557.0,262.28000000000003,1.0,28.323469954789527,13.222840934080514,28.323469954789527,13.222840934080514,1.1047388934313402,0.06179080792403959,0.007574821262619491
6558.0,262.32,1.0,28.429058621351864,13.011032125324613,28.429058621351864,13.011032125324613,1.1126759751511854,0.06372042411798169,0.0062508317836136446
6559.0,262.36,1.0,28.533971055791692,12.799163520006372,28.533971055791692,12.799163520006372,1.1205837578458904,0.06527081541210242,0.004809929007706482
6560.0,262.4,1.0,28.63660191148877,12.590499769368352,28.63660191148877,12.590499769368352,1.1284574794331905,0.06637726730351541,0.0032924858939828287
6561.0,262.44,1.0,28.73764124958628,12.381461630280892,28.73764124958628,12.381461630280892,1.136291996235959,0.06700443444679424,0.0017432357871078386
6562.0,262.48,1.0,28.836027071219274,12.173810547903033,28.836027071219274,12.173810547903033,1.1440833720729993,0.06713167092935915,0.00020972936117342537
6563.0,262.52,1.0,28.932309483188977,11.966000802972655,28.932309483188977,11.966000802972655,1.151831767382305,0.06677105902820582,-0.0012587368695762984
6564.0,262.56,1.0,29.02734054082339,11.759257887932332,29.02734054082339,11.759257887932332,1.1595408724244687,0.06596980212177075,-0.002613412619814892
6565.0,262.6,1.0,29.121272698298288,11.54715951176131,29.121272698298288,11.54715951176131,1.1672174923360874,0.0648001389744562,-0.0038085200070596377
6566.0,262.64,1.0,29.21277242038618,11.336280206405585,29.21277242038618,11.336280206405585,1.1748705533471167,0.06334387463923294,-0.004803495986257189
6567.0,262.68,1.0,29.30245059043431,11.122814849260617,29.30245059043431,11.122814849260617,1.182509698909038,0.061700281467229855,-0.005563733339404284
6568.0,262.72,1.0,29.387694737390696,10.91260688540568,29.387694737390696,10.91260688540568,1.190143721732348,0.05997421115537636,-0.006062263893959919
6569.0,262.76,1.0,29.472421793525008,10.696394215309333,29.472421793525008,10.696394215309333,1.1977806024519082,0.05829395561130553,-0.006281330579970689
6570.0,262.8,1.0,29.553102417676616,10.48316826335586,29.553102417676616,10.48316826335586,1.2054261151811696,0.05678206500939711,-0.006213727872037791
6571.0,262.84000000000003,1.0,29.6306930286246,10.269059419348185,29.6306930286246,10.269059419348185,1.213085330291141,0.0555354738669638,-0.005862458341447885
6572.0,262.88,1.0,29.70797110943721,10.051132420186287,29.70797110943721,10.051132420186287,1.2207625571241345,0.05464170728763771,-0.005240681928653527
6573.0,262.92,1.0,29.783297046945773,9.835685598222714,29.783297046945773,9.835685598222714,1.2284618212262253,0.0541701420700907,-0.0043710878211740195
6574.0,262.96,1.0,29.8583169877672,9.616820677257737,29.8583169877672,9.616820677257737,1.2361851358044706,0.05418323282632518,-0.0032852449091999294
6575.0,263.0,1.0,29.933351337679813,9.399563979005283,29.933351337679813,9.399563979005283,1.2439327310198722,0.05469665415172118,-0.002022118697370373
6576.0,263.04,1.0,30.005157542906147,9.183221470006062,30.005157542906147,9.183221470006062,1.2517016141928374,0.05571312971906117,-0.0006259250655698816
6577.0,263.08,1.0,30.075940842265005,8.965514817871298,30.075940842265005,8.965514817871298,1.2594858231184847,0.05721334325132832,0.0008559121615042992
6578.0,263.12,1.0,30.143276619472893,8.751396673280267,30.143276619472893,8.751396673280267,1.2672773475022607,0.059163073688533484,0.002374418027665131
6579.0,263.16,1.0,30.210438681237758,8.53238742952062,30.210438681237758,8.53238742952062,1.2750670469307366,0.06149866031861777,0.0038810579239432416
6580.0,263.2,1.0,30.274216217953118,8.312747797105494,30.274216217953118,8.312747797105494,1.2828453047589945,0.06412687871432679,0.005329940581995243
6581.0,263.24,1.0,30.33573554764046,8.092141097215258,30.33573554764046,8.092141097215258,1.2906025544168394,0.0669418102022565,0.006679754054762771
6582.0,263.28000000000003,1.0,30.395966142350375,7.8718960510081235,30.395966142350375,7.8718960510081235,1.2983299418723167,0.06984211012487233,0.007894990482068551
6583.0,263.32,1.0,30.455133981348887,7.647921327474407,30.455133981348887,7.647921327474407,1.3060187586219159,0.07271542576233862,0.008947221097908062
6584.0,263.36,1.0,30.512955587636025,7.426940957132278,30.512955587636025,7.426940957132278,1.3136611594746217,0.07544247950519951,0.009815904332055078
6585.0,263.4,1.0,30.569678973074833,7.206621019162701,30.569678973074833,7.206621019162701,1.3212493520847985,0.07789702850095939,0.010489121026170008
6586.0,263.44,1.0,30.62535913530432,6.986363869658152,30.62535913530432,6.986363869658152,1.3287763123578027,0.07997841275694169,0.01096358049773931
6587.0,263.48,1.0,30.67724536902176,6.766085385765258,30.67724536902176,6.766085385765258,1.3362367280909486,0.0815908886141932,0.011243958009048946
6588.0,263.52,1.0,30.730155005435268,6.544007007120285,30.730155005435268,6.544007007120285,1.3436279079066222,0.08265488654132166,0.011341912394844741
6589.0,263.56,1.0,30.779776943404546,6.325997835608954,30.779776943404546,6.325997835608954,1.3509493113419724,0.08307837309992647,0.011275146640965725
6590.0,263.6,1.0,30.829392445799307,6.109396282055146,30.829392445799307,6.109396282055146,1.3582031523643319,0.0827971919196201,0.011066176295085235
6591.0,263.64,1.0,30.87670120506441,5.892560534784157,30.87670120506441,5.892560534784157,1.3653930560274206,0.08176162924535679,0.010740402616103425
6592.0,263.68,1.0,30.921501160916904,5.67714151350336,30.921501160916904,5.67714151350336,1.3725247305958344,0.07993621461209402,0.010324464768342357
6593.0,263.72,1.0,30.964434037058737,5.458436722744229,30.964434037058737,5.458436722744229,1.379603847270375,0.07728522450398359,0.00984484091177459
6594.0,263.76,1.0,31.006029631498926,5.241583213077597,31.006029631498926,5.241583213077597,1.3866381452657843,0.07379314950909155,0.009326526920677591
6595.0,263.8,1.0,31.043038720152786,5.021904478208578,31.043038720152786,5.021904478208578,1.393634580820181,0.06947064057239208,0.008791689534159052
6596.0,263.84000000000003,1.0,31.080559789224406,4.800570647654691,31.080559789224406,4.800570647654691,1.4006016875017042,0.06434298914756831,0.008258501368721223
6597.0,263.88,1.0,31.116508301903213,4.580815664919024,31.116508301903213,4.580815664919024,1.407548476356683,0.05843754772367704,0.0077403606384310875
6598.0,263.92,1.0,31.150627509974107,4.361584773550573,31.150627509974107,4.361584773550573,1.4144843919805306,0.05178607840990015,0.007245607689245098
6599.0,263.96,1.0,31.183427646665002,4.146362736018472,31.183427646665002,4.146362736018472,1.4214187381967365,0.04442130138797089,0.006777359870421207
6600.0,264.0,1.0,31.21465830741149,3.9291893149524917,31.21465830741149,3.9291893149524917,1.428359853617943,0.03640716181418298,0.00633364254039733
6601.0,264.04,1.0,31.245427538471596,3.710886583734186,31.245427538471596,3.710886583734186,1.4353142369584335,0.027812355779779252,0.005907567589901892
6602.0,264.08,1.0,31.27444217170167,3.4943626403043084,31.27444217170167,3.4943626403043084,1.4422872009562242,0.01871446600222291,0.005488617724801956
6603.0,264.12,1.0,31.30265344855051,3.2764185865640227,31.30265344855051,3.2764185865640227,1.4492823324204132,0.009195132395216476,0.0050636003137125365
6604.0,264.16,1.0,31.3273394468283,3.0590168764018073,31.3273394468283,3.0590168764018073,1.4563027255066838,-0.0006396107700470833,0.004617721613453828
6605.0,264.2,1.0,31.351593006445597,2.841721762082728,31.351593006445597,2.841721762082728,1.4633493135924092,-0.010684750084296724,0.004135311996214497
6606.0,264.24,1.0,31.372850831656717,2.623125413479951,31.372850831656717,2.623125413479951,1.4704238053675984,-0.020837121923807933,0.003601398728303525
6607.0,264.28000000000003,1.0,31.396393894585895,2.4043617387709464,31.396393894585895,2.4043617387709464,1.4775265601106113,-0.03099420419230845,0.0030028168887623274
6608.0,264.32,1.0,31.41491687120135,2.190897407748839,31.41491687120135,2.190897407748839,1.4846571743482566,-0.0410506587235296,0.002329235902282365
6609.0,264.36,1.0,31.43454308168545,1.9736242865035447,31.43454308168545,1.9736242865035447,1.4918147096378045,-0.05089012403489457,0.0015740100455762947
6610.0,264.4,1.0,31.449286888819888,1.7534870139394088,31.449286888819888,1.7534870139394088,1.4989961976740684,-0.06039085093933851,0.0007350448137744797
6611.0,264.44,1.0,31.464848860935973,1.5321742772458413,31.464848860935973,1.5321742772458413,1.506199512317562,-0.06943773394725963,-0.00018483773809379044
6612.0,264.48,1.0,31.47796221991282,1.3103703385370564,31.47796221991282,1.3103703385370564,1.513422266034019,-0.07792284716265344,-0.0011772598170981404
6613.0,264.52,1.0,31.493290332318878,1.0907758894736608,31.493290332318878,1.0907758894736608,1.5206635873086287,-0.08573680008030238,-0.002228768045933255
6614.0,264.56,1.0,31.502018886338902,0.8732671120913251,31.502018886338902,0.8732671120913251,1.5279219168473674,-0.09276721984295448,-0.0033209592795170233
6615.0,264.6,1.0,31.51470069419621,0.6507613219104279,31.51470069419621,0.6507613219104279,1.5351969001645247,-0.09891847177783072,-0.004431315425328456
6616.0,264.64,1.0,31.52254359695799,0.4281178935235877,31.52254359695799,0.4281178935235877,1.5424882662613983,-0.10410314626243813,-0.005533331985243393
6617.0,264.68,1.0,31.529010862204963,0.20680912120326633,31.529010862204963,0.20680912120326633,1.549794641370683,-0.10825123375558084,-0.006598049620105276
6618.0,264.72,1.0,31.537336184827485,-0.01569083667561255,31.537336184827485,-0.01569083667561255,1.5571145113396165,-0.11130229520124875,-0.007595054869129892
6619.0,264.76,1.0,31.540224141725172,-0.2396761239742667,31.540224141725172,-0.2396761239742667,1.5644458098296938,-0.11320571044685715,-0.00849351554780443
6620.0,264.8,1.0,31.54241966233849,-0.46751842831650325,31.54241966233849,-0.46751842831650325,1.5717860085981912,-0.11392929418556141,-0.009263569543976776
6621.0,264.84000000000003,1.0,31.54155914385378,-0.6975629607572065,31.54155914385378,-0.6975629607572065,1.5791348321166605,-0.11345864142595385,-0.009877656041361201
6622.0,264.88,1.0,31.539838924927587,-0.9282132243083595,31.539838924927587,-0.9282132243083595,1.5864910244881398,-0.1117962508912596,-0.010311474469431781
6623.0,264.92,1.0,31.535636416753324,-1.1555533650114755,31.535636416753324,-1.1555533650114755,1.5938550536243299,-0.1089485151990374,-0.010545406202644877
6624.0,264.96,1.0,31.530971596752853,-1.3818982684180297,31.530971596752853,-1.3818982684180297,1.6012252540577858,-0.10494207404848048,-0.01056559088036341
6625.0,265.0,1.0,31.523319085506472,-1.6102001165160407,31.523319085506472,-1.6102001165160407,1.608602409292794,-0.0998178892759581,-0.010364723454618313
6626.0,265.04,1.0,31.514459463989333,-1.8385576369638472,31.514459463989333,-1.8385576369638472,1.615985493353806,-0.09363872823216897,-0.0099423573982809
6627.0,265.08,1.0,31.501972653458285,-2.066938482490122,31.501972653458285,-2.066938482490122,1.6233746836268828,-0.08647542982706939,-0.009305709881471311
6628.0,265.12,1.0,31.489934131399544,-2.2985069639412083,31.489934131399544,-2.2985069639412083,1.6307717991050232,-0.07840341697912727,-0.008469349934495024
6629.0,265.16,1.0,31.47326856821697,-2.526560225361598,31.47326856821697,-2.526560225361598,1.6381790334364943,-0.06951140129701869,-0.007455131816784441
6630.0,265.2,1.0,31.457793554262963,-2.760439175806415,31.457793554262963,-2.760439175806415,1.6456010217696995,-0.059904563027285265,-0.0062918398462060545
6631.0,265.24,1.0,31.43946310647491,-2.993681023280731,31.43946310647491,-2.993681023280731,1.6530426149860145,-0.04970106982879716,-0.005014126248352483
6632.0,265.28000000000003,1.0,31.41880472799138,-3.2262441928157,31.41880472799138,-3.2262441928157,1.660508074505037,-0.039020211314339436,-0.0036613152005983093
6633.0,265.32,1.0,31.394056145556895,-3.4588823846527474,31.394056145556895,-3.4588823846527474,1.6680013331789572,-0.02798629363010352,-0.0022763332603931118
6634.0,265.36,1.0,31.370498705870336,-3.692951273805074,31.370498705870336,-3.692951273805074,1.6755245107047514,-0.016741478327691395,-0.0009042947528421143
6635.0,265.4,1.0,31.341411565393173,-3.9246033584822455,31.341411565393173,-3.9246033584822455,1.68308043399783,-0.005435604460791365,0.000409962363029915
6636.0,265.44,1.0,31.312546660331897,-4.15460594864435,31.312546660331897,-4.15460594864435,1.6906689154256784,0.005770923188543308,0.00162305595277916
6637.0,265.48,1.0,31.282307726330334,-4.387535827362594,31.282307726330334,-4.387535827362594,1.6982902352594142,0.01673845039192563,0.0026947018143164423
6638.0,265.52,1.0,31.24829385391576,-4.618300712955095,31.24829385391576,-4.618300712955095,1.705942524542743,0.0273261995276896,0.0035896612201029065
6639.0,265.56,1.0,31.215222701760304,-4.849101886962082,31.215222701760304,-4.849101886962082,1.713621116831653,0.03740443721368101,0.0042792362957847635
6640.0,265.6,1.0,31.181711977848817,-5.079373669432989,31.181711977848817,-5.079373669432989,1.7213211195611933,0.04685415671000641,0.004742791571094461
6641.0,265.64,1.0,31.146392495534077,-5.303771290425226,31.146392495534077,-5.303771290425226,1.7290331942576667,0.055579449574617044,0.0049688691840964255
6642.0,265.68,1.0,31.109799975659314,-5.532850835135427,31.109799975659314,-5.532850835135427,1.7367476853339703,0.06350159051634519,0.0049556048555698135
6643.0,265.72,1.0,31.07047836920045,-5.761014318157605,31.07047836920045,-5.761014318157605,1.7444526654129446,0.07055442007034282,0.004710882974203832
6644.0,265.76,1.0,31.030249739984963,-5.989884654608113,31.030249739984963,-5.989884654608113,1.7521377244406444,0.0766904451941588,0.004252459013873203
6645.0,265.8,1.0,30.986996077080697,-6.217980407615012,30.986996077080697,-6.217980407615012,1.7597923048530304,0.08188801447700289,0.0036079026751542355
6646.0,265.84000000000003,1.0,30.94352952370963,-6.446853447515963,30.94352952370963,-6.446853447515963,1.7674072757342916,0.08616648915832684,0.002812630753824405
6647.0,265.88,1.0,30.900011799136053,-6.673548374070665,30.900011799136053,-6.673548374070665,1.7749756290367364,0.0895755051772065,0.0019091848169660447
6648.0,265.92,1.0,30.854636209950076,-6.898308112426577,30.854636209950076,-6.898308112426577,1.782491136369961,0.09217292505603125,0.0009455622146165666
6649.0,265.96,1.0,30.80974090657993,-7.122922609907128,30.80974090657993,-7.122922609907128,1.7899503132972092,0.09404220524596688,-2.7036138235675412e-05
6650.0,266.0,1.0,30.760366632616535,-7.341884827313029,30.760366632616535,-7.341884827313029,1.7973523882524352,0.09528229737092556,-0.0009565662622890263
6651.0,266.04,1.0,30.710919909762463,-7.561649935367444,30.710919909762463,-7.561649935367444,1.8046974655320305,0.09601370030399851,-0.0017924181391077855
6652.0,266.08,1.0,30.659699705610592,-7.7793470283361845,30.659699705610592,-7.7793470283361845,1.8119901080023606,0.0963577775688631,-0.002487668283362412
6653.0,266.12,1.0,30.606196229636765,-7.995800883244044,30.606196229636765,-7.995800883244044,1.819236034659124,0.09644798542380473,-0.0030011711705845135
6654.0,266.16,1.0,30.553461180747274,-8.2132849641497,30.553461180747274,-8.2132849641497,1.8264451223328813,0.09640929252957149,-0.0032992174712275614
6655.0,266.2,1.0,30.496325517168692,-8.427064456191754,30.496325517168692,-8.427064456191754,1.833626302364801,0.09636456592494085,-0.00335771457246236
6656.0,266.24,1.0,30.436586947601093,-8.642560065308828,30.436586947601093,-8.642560065308828,1.8407909375105214,0.09642903944387812,-0.00316352213409772
6657.0,266.28000000000003,1.0,30.374630623771303,-8.855396242222046,30.374630623771303,-8.855396242222046,1.8479486937903176,0.09667664498833217,-0.002714586175044436
6658.0,266.32,1.0,30.30949910359386,-9.072152775203364,30.30949910359386,-9.072152775203364,1.8551086696174857,0.09715829240627902,-0.0020202917248506812
6659.0,266.36,1.0,30.24403476130508,-9.287064587262481,30.24403476130508,-9.287064587262481,1.8622796144336462,0.0979114045689341,-0.0011011613921170164
6660.0,266.4,1.0,30.175553980358927,-9.499569270133183,30.175553980358927,-9.499569270133183,1.869467514692932,0.09895132441137693,1.2154198681262746e-05
6661.0,266.44,1.0,30.105916221984604,-9.715090615008105,30.105916221984604,-9.715090615008105,1.8766768874074509,0.10025959853195916,0.0012804391641383452
6662.0,266.48,1.0,30.034790319080333,-9.928790387438578,30.034790319080333,-9.928790387438578,1.883909843323088,0.10179023874487492,0.002657350481186073
6663.0,266.52,1.0,29.964925647546455,-10.140986429060137,29.964925647546455,-10.140986429060137,1.8911660455313661,0.10348715972446787,0.004091456171516671
6664.0,266.56,1.0,29.89243185597495,-10.35116829268251,29.89243185597495,-10.35116829268251,1.8984427179212335,0.10527929200565019,0.005528944932114842
6665.0,266.6,1.0,29.820770874868607,-10.563635822496934,29.820770874868607,-10.563635822496934,1.905733063035676,0.10710850599931991,0.006915662679726657
6666.0,266.64,1.0,29.745100257496738,-10.770776756035016,29.745100257496738,-10.770776756035016,1.913028968786738,0.10890839312524267,0.008200526533073325
6667.0,266.68,1.0,29.669662611189512,-10.977672946420796,29.669662611189512,-10.977672946420796,1.9203197315370943,0.11060366212554999,0.009337291055227834
6668.0,266.72,1.0,29.590637466099878,-11.1836731795029,29.590637466099878,-11.1836731795029,1.9275949749953594,0.11214499169693828,0.010286714216769693
6669.0,266.76,1.0,29.512570228204975,-11.386809126057704,29.512570228204975,-11.386809126057704,1.9348442053695767,0.11349688676029528,0.011018193364471249
6670.0,266.8,1.0,29.432122050990984,-11.589818461553328,29.432122050990984,-11.589818461553328,1.9420558416235933,0.11462543115316048,0.011511458333049262
6671.0,266.84000000000003,1.0,29.35134851440958,-11.791008726723025,29.35134851440958,-11.791008726723025,1.9492201729274572,0.11550873913582813,0.011757053529038549
6672.0,266.88,1.0,29.26890956140325,-11.990763758184979,29.26890956140325,-11.990763758184979,1.9563276704894483,0.11616827585680958,0.011756440047762485
6673.0,266.92,1.0,29.18667940768038,-12.194749500150419,29.18667940768038,-12.194749500150419,1.9633713309983225,0.11664762829700719,0.011522063194084706
6674.0,266.96,1.0,29.100410876002126,-12.397699265173646,29.100410876002126,-12.397699265173646,1.970344348964376,0.11700002945704024,0.011076575000621366
6675.0,267.0,1.0,29.017798449074867,-12.597340197820822,29.017798449074867,-12.597340197820822,1.9772429766539807,0.11728167525226711,0.010451070439133188
6676.0,267.04,1.0,28.93484505981823,-12.793701220715684,28.93484505981823,-12.793701220715684,1.9840659020656872,0.11754009679845809,0.00968361473081097
6677.0,267.08,1.0,28.851564324838574,-12.989859592443779,28.851564324838574,-12.989859592443779,1.990815378912263,0.11783805101443716,0.008816706896488353
6678.0,267.12,1.0,28.766664225143735,-13.185550393175305,28.766664225143735,-13.185550393175305,1.9974958215448606,0.11825864198116251,0.007895835818103054
6679.0,267.16,1.0,28.680607334228874,-13.380098781774297,28.680607334228874,-13.380098781774297,2.004113153601984,0.11887019578581581,0.006966762826459011
6680.0,267.2,1.0,28.590491502469384,-13.573766228219535,28.590491502469384,-13.573766228219535,2.010673775534412,0.11971975908753738,0.006073041336685628
6681.0,267.24,1.0,28.499684715703808,-13.763599063997933,28.499684715703808,-13.763599063997933,2.0171865349722773,0.12084738773476873,0.005253145306207023
6682.0,267.28000000000003,1.0,28.408738096200672,-13.951439140789414,28.408738096200672,-13.951439140789414,2.023660562909651,0.12227779291107446,0.004539550288386499
6683.0,267.32,1.0,28.31254633828835,-14.139880669047468,28.31254633828835,-14.139880669047468,2.0301062894547584,0.12398124462103752,0.003957394336329107
6684.0,267.36,1.0,28.2147391375724,-14.3319808312087,28.2147391375724,-14.3319808312087,2.036534299911085,0.12589728164298414,0.00352314888029616
6685.0,267.4,1.0,28.115334296152422,-14.51991208687308,28.115334296152422,-14.51991208687308,2.042957035289242,0.12793887043388613,0.003243843823235801
6686.0,267.44,1.0,28.01827267327472,-14.707340429294153,28.01827267327472,-14.707340429294153,2.049385602508494,0.1300013012524264,0.0031172284059170405
6687.0,267.48,1.0,27.917528459515676,-14.899176037578318,27.917528459515676,-14.899176037578318,2.055830396275236,0.1319647171547137,0.003132380369155784
6688.0,267.52,1.0,27.81868016163345,-15.087362222390249,27.81868016163345,-15.087362222390249,2.062298170821812,0.1336801128808296,0.0032702433944470618
6689.0,267.56,1.0,27.714657142219217,-15.275608752738616,27.714657142219217,-15.275608752738616,2.068792747622893,0.13497560966328723,0.0035042263558390354
6690.0,267.6,1.0,27.613862306488045,-15.460633437221219,27.613862306488045,-15.460633437221219,2.075315403114746,0.13568822922545373,0.0038019434825753125
6691.0,267.64,1.0,27.51061958914692,-15.643970776789473,27.51061958914692,-15.643970776789473,2.081866652095235,0.13568375079428027,0.00412776484071861
6692.0,267.68,1.0,27.408668963807408,-15.825480212465445,27.408668963807408,-15.825480212465445,2.0884453523960045,0.13483500838859014,0.004445108363552175
6693.0,267.72,1.0,27.30738602359184,-15.999156447991414,27.30738602359184,-15.999156447991414,2.0950495105158757,0.13302249424149154,0.004717240975057579
6694.0,267.76,1.0,27.207169547064503,-16.168177057254564,27.207169547064503,-16.168177057254564,2.1016763589222025,0.1301687988572078,0.004909023091389184
6695.0,267.8,1.0,27.10487045059358,-16.339757924035162,27.10487045059358,-16.339757924035162,2.1083216672464986,0.12623277662243673,0.0049893168986437225
6696.0,267.84000000000003,1.0,27.0006832404166,-16.512008288397194,27.0006832404166,-16.512008288397194,2.1149795821070954,0.12122187843802687,0.004932752808651071
6697.0,267.88,1.0,26.89263314136763,-16.687625631728572,26.89263314136763,-16.687625631728572,2.121643704901407,0.11518421819975419,0.004720610168737277
6698.0,267.92,1.0,26.783107353261254,-16.86316641418565,26.783107353261254,-16.86316641418565,2.128307294711042,0.10820781565280446,0.004340834593607399
6699.0,267.96,1.0,26.67173474281327,-17.039136575219644,26.67173474281327,-17.039136575219644,2.134965348566699,0.1004219222497218,0.0037887287097715014
6700.0,268.0,1.0,26.564491127238313,-17.21046688722511,26.564491127238313,-17.21046688722511,2.1416164719302464,0.09200025043853817,0.0030674128772171664
6701.0,268.04,1.0,26.456555393976423,-17.380660888199497,26.456555393976423,-17.380660888199497,2.148262272277468,0.08314612947188196,0.002187485835450006
6702.0,268.08,1.0,26.347932767126895,-17.548621882659326,26.347932767126895,-17.548621882659326,2.154906235486588,0.07407010541241607,0.0011653041634511515
6703.0,268.12,1.0,26.241524403815312,-17.71684731368558,26.241524403815312,-17.71684731368558,2.1615529969617038,0.06501560493942596,2.2267057430987865e-05
6704.0,268.16,1.0,26.133854281830178,-17.88204155238314,26.133854281830178,-17.88204155238314,2.1682082022959923,0.05625172625702104,-0.0012154263577772752
6705.0,268.2,1.0,26.02559232110135,-18.04321963341456,26.02559232110135,-18.04321963341456,2.1748770201196175,0.04805058746205271,-0.002518143179491969
6706.0,268.24,1.0,25.911790902855973,-18.208288602482018,25.911790902855973,-18.208288602482018,2.181566168152514,0.040670765623411584,-0.003855432679488986
6707.0,268.28000000000003,1.0,25.797938015121048,-18.36577146785942,25.797938015121048,-18.36577146785942,2.188282560749503,0.03434521419936547,-0.005197384439016467
6708.0,268.32,1.0,25.680832826281733,-18.5242342807043,25.680832826281733,-18.5242342807043,2.19503469935125,0.02928531625769588,-0.006515483708674659
6709.0,268.36,1.0,25.566740871921542,-18.681549459860133,25.566740871921542,-18.681549459860133,2.2018322480815464,0.025677608248922446,-0.007782825671028619
6710.0,268.4,1.0,25.44915354897956,-18.842054268739414,25.44915354897956,-18.842054268739414,2.2086859401140746,0.02367795522961813,-0.008974964444281613
6711.0,268.44,1.0,25.331904840032312,-19.001428086690826,25.331904840032312,-19.001428086690826,2.2156040014351284,0.0233758506381625,-0.010070829106430621
6712.0,268.48,1.0,25.212237169832445,-19.163422517491977,25.212237169832445,-19.163422517491977,2.222592351895116,0.024795972116987232,-0.01105300225067964
6713.0,268.52,1.0,25.089467132824243,-19.325794777882287,25.089467132824243,-19.325794777882287,2.229653997688146,0.027915540850484623,-0.011906767192771076
6714.0,268.56,1.0,24.961841823315318,-19.492656513166814,24.961841823315318,-19.492656513166814,2.236789128586918,0.0326595027263253,-0.012620063433065262
6715.0,268.6,1.0,24.83282785067209,-19.656922577945004,24.83282785067209,-19.656922577945004,2.243994404489854,0.03889603714720373,-0.01318396598717407
6716.0,268.64,1.0,24.703706207499962,-19.81953169968435,24.703706207499962,-19.81953169968435,2.2512652119114094,0.04644464788913531,-0.013591632299202471
6717.0,268.68,1.0,24.575743532200725,-19.9760701477612,24.575743532200725,-19.9760701477612,2.258592930599148,0.05509446896214561,-0.013836697811683143
6718.0,268.72,1.0,24.450106847409813,-20.128874272373263,24.450106847409813,-20.128874272373263,2.2659682209529555,0.0645998154464229,-0.013912734774943997
6719.0,268.76,1.0,24.32233048331135,-20.281175491723097,24.32233048331135,-20.281175491723097,2.2733786602231403,0.07468060632474434,-0.013813002707563036
6720.0,268.8,1.0,24.19453169813888,-20.43450325145538,24.19453169813888,-20.43450325145538,2.2808100611314113,0.08502376080744593,-0.013529890907082223
6721.0,268.84000000000003,1.0,24.06261505393183,-20.587803117477783,24.06261505393183,-20.587803117477783,2.288244323528286,0.09530059486866918,-0.013054434985291796
6722.0,268.88,1.0,23.929397463257118,-20.741210895540085,23.929397463257118,-20.741210895540085,2.295663139815224,0.1052068534823287,-0.012375968310081345
6723.0,268.92,1.0,23.793930297886746,-20.88998891689818,23.793930297886746,-20.88998891689818,2.303046613756478,0.11445786486118123,-0.011482439262350552
6724.0,268.96,1.0,23.6588027466082,-21.035746545676854,23.6588027466082,-21.035746545676854,2.3103750358837725,0.12278277640606883,-0.010361646331337581
6725.0,269.0,1.0,23.52407098786018,-21.183914916177958,23.52407098786018,-21.183914916177958,2.317630984507601,0.12991742165355022,-0.00900228329234377
6726.0,269.04,1.0,23.39073573633656,-21.325925732563494,23.39073573633656,-21.325925732563494,2.3248000386527687,0.13564036945776625,-0.0073938706969477715
6727.0,269.08,1.0,23.256521644462158,-21.469538840408426,23.256521644462158,-21.469538840408426,2.331870375049005,0.13977925090811955,-0.0055288058550292335
6728.0,269.12,1.0,23.120665512038645,-21.61163284016788,23.120665512038645,-21.61163284016788,2.338834713348869,0.14220555303287277,-0.0034038566794470293
6729.0,269.16,1.0,22.981718649255065,-21.75763706141425,22.981718649255065,-21.75763706141425,2.345687335433011,0.14283730839866818,-0.001021574986333399
6730.0,269.2,1.0,22.84353784909304,-21.896409564607506,22.84353784909304,-21.896409564607506,2.352425223969175,0.1416560365735858,0.001609058159143522
6731.0,269.24,1.0,22.705445054236172,-22.033502659460964,22.705445054236172,-22.033502659460964,2.3590463075643684,0.13870704616049104,0.004470576504715986
6732.0,269.28000000000003,1.0,22.567613166539694,-22.165580032781993,22.567613166539694,-22.165580032781993,2.365551734231389,0.1340884580687528,0.007536431648132236
6733.0,269.32,1.0,22.430407629194665,-22.296451253059608,22.430407629194665,-22.296451253059608,2.3719438443782197,0.12793253502522547,0.010770168412737377
6734.0,269.36,1.0,22.294572424408425,-22.42051583391441,22.294572424408425,-22.42051583391441,2.3782287312874453,0.12042167192868314,0.014125569392501133
6735.0,269.4,1.0,22.15893728792296,-22.5475455313476,22.15893728792296,-22.5475455313476,2.384415666014812,0.11179564009147396,0.017547144135041638
6736.0,269.44,1.0,22.019010114725955,-22.67206269122186,22.019010114725955,-22.67206269122186,2.390513244270219,0.1023418412642693,0.020971384440416883
6737.0,269.48,1.0,21.87927753585229,-22.797948807133178,21.87927753585229,-22.797948807133178,2.3965306770829335,0.09235802171108151,0.02432714231244229
6738.0,269.52,1.0,21.738143428908327,-22.918866653037536,21.738143428908327,-22.918866653037536,2.402474756458843,0.08214741465122628,0.027538389102554982
6739.0,269.56,1.0,21.600057299141536,-23.037788638894323,21.600057299141536,-23.037788638894323,2.4083503739846526,0.0720154335499219,0.030526528683369265
6740.0,269.6,1.0,21.457269895432365,-23.15732730897598,21.457269895432365,-23.15732730897598,2.414159474038083,0.06227899344178074,0.033213248852425006
6741.0,269.64,1.0,21.31791601793301,-23.277110381440544,21.31791601793301,-23.277110381440544,2.419902991043272,0.05322777919072654,0.03552230427550493
6742.0,269.68,1.0,21.17487652563507,-23.39467714720872,21.17487652563507,-23.39467714720872,2.425581205170048,0.04512321429955644,0.03738343197613553
6743.0,269.72,1.0,21.031072261297737,-23.51582176959335,21.031072261297737,-23.51582176959335,2.431194181796289,0.038199242221146325,0.03873412179122286
6744.0,269.76,1.0,20.886163187746483,-23.636887995978093,20.886163187746483,-23.636887995978093,2.436741935484354,0.032667866347062,0.03952283472002368
6745.0,269.8,1.0,20.73869976857994,-23.757759274618138,20.73869976857994,-23.757759274618138,2.4422227284629674,0.02869160688672485,0.039711078999441145
6746.0,269.84000000000003,1.0,20.591863069782395,-23.879623505165647,20.591863069782395,-23.879623505165647,2.447632003613966,0.02636499550926652,0.039275639027271644
6747.0,269.88,1.0,20.446347988337774,-24.00029731352469,20.446347988337774,-24.00029731352469,2.4529661472074773,0.025728574460478826,0.038209398856315316
6748.0,269.92,1.0,20.30236117251514,-24.11950797181057,20.30236117251514,-24.11950797181057,2.458220411879121,0.02678594210495213,0.03652274183149682
6749.0,269.96,1.0,20.157094861830693,-24.2360442430238,20.157094861830693,-24.2360442430238,2.4633932331035777,0.02949125417809271,0.03424288702383538
6750.0,270.0,1.0,20.01249241133854,-24.352639918907464,20.01249241133854,-24.352639918907464,2.468485061551154,0.03374148060159452,0.03141296876746761
6751.0,270.04,1.0,19.867065776298652,-24.46894617908417,19.867065776298652,-24.46894617908417,2.473501834189121,0.039373893606126975,0.028090505041717746
6752.0,270.08,1.0,19.72135804178586,-24.585522656692035,19.72135804178586,-24.585522656692035,2.4784519671865644,0.0461940480890185,0.024346426569630396
6753.0,270.12,1.0,19.572461632709725,-24.704590897995452,19.572461632709725,-24.704590897995452,2.4833475382392978,0.05397630074522388,0.02026193971352789
6754.0,270.16,1.0,19.422614799831187,-24.825881032652152,19.422614799831187,-24.825881032652152,2.488202173477103,0.062461207944189814,0.01592661541647674
6755.0,270.2,1.0,19.269846698901144,-24.94312818729457,19.269846698901144,-24.94312818729457,2.4930307093612365,0.0713505074572901,0.011434602951352202
6756.0,270.24,1.0,19.119174555477002,-25.060286303405103,19.119174555477002,-25.060286303405103,2.4978503346833465,0.08034416060232541,0.006881621688434991
6757.0,270.28000000000003,1.0,18.967530474491216,-25.174910077235,18.967530474491216,-25.174910077235,2.5026806899800587,0.08915882704116107,0.0023616205773099156
6758.0,270.32,1.0,18.815952561831338,-25.291206149348163,18.815952561831338,-25.291206149348163,2.507542592593452,0.09752622549345924,-0.002035251471011181
6759.0,270.36,1.0,18.662832607679416,-25.406590997850167,18.662832607679416,-25.406590997850167,2.5124579799650943,0.10518428619574371,-0.006225958079660382
6760.0,270.4,1.0,18.512450155254037,-25.51879715037911,18.512450155254037,-25.51879715037911,2.517447799790993,0.11189452947980541,-0.01013649720555152
6761.0,270.44,1.0,18.363318230850545,-25.62886751778086,18.363318230850545,-25.62886751778086,2.5225305001050597,0.11746763841735904,-0.01370333152802739
6762.0,270.48,1.0,18.21615676126673,-25.73750040520671,18.21615676126673,-25.73750040520671,2.5277203842713023,0.1217574443653956,-0.016874470832120653
6763.0,270.52,1.0,18.068204805786962,-25.843399119839898,18.068204805786962,-25.843399119839898,2.533027698734119,0.12465935648878035,-0.019610542781921286
6764.0,270.56,1.0,17.9194307421725,-25.948196664232807,17.9194307421725,-25.948196664232807,2.538457428790166,0.12611875930186878,-0.021884502650614358
6765.0,270.6,1.0,17.773270287440706,-26.04983889351439,17.773270287440706,-26.04983889351439,2.5440101770089774,0.12614038701320515,-0.023681283699890608
6766.0,270.64,1.0,17.625295661926003,-26.150293778663002,17.625295661926003,-26.150293778663002,2.5496838153646206,0.12478967132185137,-0.024996300534347097
6767.0,270.68,1.0,17.476973950329132,-26.249440968959988,17.476973950329132,-26.249440968959988,2.555471912191823,0.12216235206511905,-0.025834295821128634
6768.0,270.72,1.0,17.327664654785885,-26.34835202050159,17.327664654785885,-26.34835202050159,2.5613651156244095,0.1183790467226852,-0.026207733264976357
6769.0,270.76,1.0,17.17779237463911,-26.44714890044918,17.17779237463911,-26.44714890044918,2.567350126017747,0.11358824339328374,-0.026136132401142438
6770.0,270.8,1.0,17.026463759865088,-26.54589103254036,17.026463759865088,-26.54589103254036,2.573410754724538,0.10797913529311491,-0.02564359740786041
6771.0,270.84000000000003,1.0,16.872963482706197,-26.643273066624438,16.872963482706197,-26.643273066624438,2.5795275398241304,0.10176952596619153,-0.024757369659621255
6772.0,270.88,1.0,16.720544623562155,-26.737999442564433,16.720544623562155,-26.737999442564433,2.5856803338024847,0.0951855627909958,-0.02350660876207891
6773.0,270.92,1.0,16.570057023169344,-26.830587041465492,16.570057023169344,-26.830587041465492,2.591847877091408,0.08846477176313561,-0.02192155348574797
6774.0,270.96,1.0,16.42138444987577,-26.920121807959696,16.42138444987577,-26.920121807959696,2.5980108095592875,0.08184542369944019,-0.02003246206458516
6775.0,271.0,1.0,16.274373266634377,-27.01002699458315,16.274373266634377,-27.01002699458315,2.604152218095817,0.07555498581499107,-0.0178691680815831
6776.0,271.04,1.0,16.126674737820068,-27.09922993038536,16.126674737820068,-27.09922993038536,2.610258574138697,0.06979262451187314,-0.015461132130520245
6777.0,271.08,1.0,15.977936773318202,-27.188613648248953,15.977936773318202,-27.188613648248953,2.6163178953140496,0.06473833958162903,-0.012837915270692963
6778.0,271.12,1.0,15.828019902135505,-27.275412532121145,15.828019902135505,-27.275412532121145,2.622320734690149,0.060553240490601554,-0.010029582299093825
6779.0,271.16,1.0,15.676433760882224,-27.362095943566498,15.676433760882224,-27.362095943566498,2.6282593594258543,0.057374614135349854,-0.0070673843717473425
6780.0,271.2,1.0,15.522051016960102,-27.446493314834687,15.522051016960102,-27.446493314834687,2.634127862624794,0.055303643964262704,-0.003983863762097574
6781.0,271.24,1.0,15.367662293485191,-27.53066772286518,15.367662293485191,-27.53066772286518,2.6399232952169585,0.054396431957977345,-0.000814154213935488
6782.0,271.28000000000003,1.0,15.209355730237927,-27.611692738941677,15.209355730237927,-27.611692738941677,2.645645457919514,0.05467332699932344,0.0024036345489007
6783.0,271.32,1.0,15.049091218753464,-27.693536064162622,15.049091218753464,-27.693536064162622,2.651297374588035,0.05611826429039042,0.005627821446303508
6784.0,271.36,1.0,14.890169968692012,-27.773294323217282,14.890169968692012,-27.773294323217282,2.656885122468167,0.058671817151029,0.008813615462777166
6785.0,271.4,1.0,14.729764445146927,-27.853264371860668,14.729764445146927,-27.853264371860668,2.662415218091668,0.06223984959390838,0.01191289127648871
6786.0,271.44,1.0,14.572480176412379,-27.931488719425857,14.572480176412379,-27.931488719425857,2.667893556075428,0.06670301253579913,0.014874704311488362
6787.0,271.48,1.0,14.413852962865997,-28.009264416116206,14.413852962865997,-28.009264416116206,2.6733243746465276,0.07192819148517512,0.017646042013895462
6788.0,271.52,1.0,14.256162911742669,-28.08573567584749,14.256162911742669,-28.08573567584749,2.678710488888693,0.07775026105888656,0.020173229093371388
6789.0,271.56,1.0,14.098348825386882,-28.159902957173863,14.098348825386882,-28.159902957173863,2.684053602842969,0.08399332502481358,0.022403427648938986
6790.0,271.6,1.0,13.940663431596693,-28.233433829860907,13.940663431596693,-28.233433829860907,2.6893541407990575,0.09047086994807652,0.024286209373491904
6791.0,271.64,1.0,13.782512125909665,-28.308427932241347,13.782512125909665,-28.308427932241347,2.694614191391543,0.09700425018228379,0.025775154473060096
6792.0,271.68,1.0,13.623684718415891,-28.382999250275343,13.623684718415891,-28.382999250275343,2.699834472574127,0.10341237100627858,0.026829796173652908
6793.0,271.72,1.0,13.46671120887243,-28.45611670813684,13.46671120887243,-28.45611670813684,2.705016897367535,0.10951658690594357,0.027417497865624883
6794.0,271.76,1.0,13.308627250230675,-28.52835606785738,13.308627250230675,-28.52835606785738,2.710160649390268,0.1151455552185375,0.02751554744785653
6795.0,271.8,1.0,13.153082557068316,-28.59910059538816,13.153082557068316,-28.59910059538816,2.7152642187091263,0.12015335272131286,0.02711191175732295
6796.0,271.84000000000003,1.0,12.993979663346948,-28.66827470745569,12.993979663346948,-28.66827470745569,2.7203251037503167,0.12441175761926075,0.02620640293716176
6797.0,271.88,1.0,12.837941693350269,-28.736875873132693,12.837941693350269,-28.736875873132693,2.7253420247725737,0.12780014534609377,0.02481131152997696
6798.0,271.92,1.0,12.6790486116642,-28.80511918132723,12.6790486116642,-28.80511918132723,2.7303148515242395,0.13021590804684985,0.022951957764427204
6799.0,271.96,1.0,12.5226275241087,-28.872721354267348,12.5226275241087,-28.872721354267348,2.7352458914589435,0.1315986204960997,0.020666031416883654
6800.0,272.0,1.0,12.366169500012258,-28.94127573108826,12.366169500012258,-28.94127573108826,2.7401402317459214,0.1319148350351129,0.01800269570422819
6801.0,272.04,1.0,12.2080556889587,-29.008939851205167,12.2080556889587,-29.008939851205167,2.745005714736471,0.13115829055248887,0.015021731284417972
6802.0,272.08,1.0,12.053807782610594,-29.078001459304907,12.053807782610594,-29.078001459304907,2.7498490770597592,0.1293384360143744,0.011792043958614952
6803.0,272.12,1.0,11.904107099696734,-29.14288774453401,11.904107099696734,-29.14288774453401,2.7546782759147694,0.12650119456110062,0.008389981525411533
6804.0,272.16,1.0,11.75268170832724,-29.205755065351603,11.75268170832724,-29.205755065351603,2.7594987575182066,0.12271916700557824,0.004896522495050258
6805.0,272.2,1.0,11.602306200754224,-29.26689491629214,11.602306200754224,-29.26689491629214,2.7643176770744855,0.11809579396187828,0.0013945197019059104
6806.0,272.24,1.0,11.450944223144415,-29.328819305972655,11.450944223144415,-29.328819305972655,2.7691416888241327,0.11274131239063041,-0.0020332866736878495
6807.0,272.28000000000003,1.0,11.301257711249253,-29.38872437437401,11.301257711249253,-29.38872437437401,2.773978859630459,0.10678792046125236,-0.005306016109922742
6808.0,272.32,1.0,11.151392047674124,-29.448857541678585,11.151392047674124,-29.448857541678585,2.7788372142091915,0.10039148704169935,-0.0083475533034808
6809.0,272.36,1.0,11.002859749425323,-29.506349799332526,11.002859749425323,-29.506349799332526,2.7837250047238316,0.09371591205062749,-0.011088998480639217
6810.0,272.4,1.0,10.852924778164347,-29.565914768578846,10.852924778164347,-29.565914768578846,2.788650185769805,0.08690809247187228,-0.013470157132697017
6811.0,272.44,1.0,10.703974326891382,-29.62104868870233,10.703974326891382,-29.62104868870233,2.793617004841029,0.08010732326580432,-0.015440481111019736
6812.0,272.48,1.0,10.550438976079892,-29.677402721376588,10.550438976079892,-29.677402721376588,2.7986270898082553,0.07345740119221345,-0.016960925117206975
6813.0,272.52,1.0,10.394644109573743,-29.73213181607818,10.394644109573743,-29.73213181607818,2.8036800349681212,0.06709964840168202,-0.018004804754517878
6814.0,272.56,1.0,10.238350651200614,-29.78672761440213,10.238350651200614,-29.78672761440213,2.8087734054479805,0.06115873567850968,-0.018558608058775242
6815.0,272.6,1.0,10.081908319251172,-29.83980840250349,10.081908319251172,-29.83980840250349,2.8139058014116576,0.05573570041434393,-0.018621103577360767
6816.0,272.64,1.0,9.930049610293171,-29.892200058269754,9.930049610293171,-29.892200058269754,2.819074623908377,0.05090469704345818,-0.01820304124981218
6817.0,272.68,1.0,9.777459451547589,-29.942014875760655,9.777459451547589,-29.942014875760655,2.8242772630742516,0.0467261075724521,-0.017326940375880374
6818.0,272.72,1.0,9.628832941804495,-29.991646042324117,9.628832941804495,-29.991646042324117,2.8295097164079226,0.04323121907798248,-0.016027342220739878
6819.0,272.76,1.0,9.477535461185372,-30.040303790361463,9.477535461185372,-30.040303790361463,2.834766692576824,0.04041921447325423,-0.014348304618311153
6820.0,272.8,1.0,9.327174944456647,-30.087496886034387,9.327174944456647,-30.087496886034387,2.8400415416753586,0.03826451997889972,-0.012341475916086076
6821.0,272.84000000000003,1.0,9.175774003851389,-30.13279861092995,9.175774003851389,-30.13279861092995,2.845324907497534,0.03673403807404822,-0.010065004345835304
6822.0,272.88,1.0,9.024643229557784,-30.177192169054035,9.024643229557784,-30.177192169054035,2.850610081811842,0.03577283155253337,-0.00758309142903717
6823.0,272.92,1.0,8.86712220021148,-30.22111248236623,8.86712220021148,-30.22111248236623,2.855890317313915,0.03529064598540562,-0.0049633736626451775
6824.0,272.96,1.0,8.71121166464695,-30.265689100842206,8.71121166464695,-30.265689100842206,2.8611623202107888,0.03517192545800778,-0.002275449877775385
6825.0,273.0,1.0,8.554273887619832,-30.30850453816696,8.554273887619832,-30.30850453816696,2.8664243062642187,0.035286926467276145,0.00041130802130161443
6826.0,273.04,1.0,8.39645110126389,-30.349646309505523,8.39645110126389,-30.349646309505523,2.8716745932455705,0.03550597541236146,0.0030281587613633374
6827.0,273.08,1.0,8.238466511046662,-30.390992408223497,8.238466511046662,-30.390992408223497,2.8769122287213844,0.035694294232469406,0.0055091810671241605
6828.0,273.12,1.0,8.080881165405657,-30.431565502095985,8.080881165405657,-30.431565502095985,2.8821360348720013,0.035718226618703906,0.0077930909979628885
6829.0,273.16,1.0,7.924426344853117,-30.473773674915954,7.924426344853117,-30.473773674915954,2.8873459199899525,0.03544800975827672,0.009825890122962552
6830.0,273.2,1.0,7.7667986849273465,-30.511082303062825,7.7667986849273465,-30.511082303062825,2.8925412595438713,0.03477555044009052,0.011560530951584718
6831.0,273.24,1.0,7.609655595695434,-30.54928683581905,7.609655595695434,-30.54928683581905,2.8977223232887375,0.03360805482779163,0.012957260242670451
6832.0,273.28000000000003,1.0,7.456870078474999,-30.585237811694547,7.456870078474999,-30.585237811694547,2.9028908982279775,0.03186503612676458,0.013985337636777135
6833.0,273.32,1.0,7.305699476855213,-30.62037008328698,7.305699476855213,-30.62037008328698,2.908047355967535,0.02949089120208106,0.014625072795873315
6834.0,273.36,1.0,7.155186589762609,-30.656087996538012,7.155186589762609,-30.656087996538012,2.913192990464349,0.026465716288657924,0.014867482894117328
6835.0,273.40000000000003,1.0,7.003042492090392,-30.690696813267834,7.003042492090392,-30.690696813267834,2.918325818249729,0.022798597688047796,0.014714621046426197
6836.0,273.44,1.0,6.850103925686706,-30.725144730271232,6.850103925686706,-30.725144730271232,2.923443351144823,0.018520688937208863,0.014179370853590051
6837.0,273.48,1.0,6.696363644795068,-30.758583995693492,6.696363644795068,-30.758583995693492,2.928542070856755,0.013677753866368192,0.013286514658482785
6838.0,273.52,1.0,6.541132902925412,-30.79218239414261,6.541132902925412,-30.79218239414261,2.9336180920212027,0.008342950830104579,0.01207151621090485
6839.0,273.56,1.0,6.385980259393957,-30.823797347361527,6.385980259393957,-30.823797347361527,2.93866729689262,0.002613414906662781,0.010579915419820769
6840.0,273.6,1.0,6.228995694368754,-30.85622591997683,6.228995694368754,-30.85622591997683,2.9436836943230746,-0.0033872820497470426,0.008864856648088146
6841.0,273.64,1.0,6.072565492963086,-30.888968561719498,6.072565492963086,-30.888968561719498,2.948663097496986,-0.009527005162722878,0.006987246615188468
6842.0,273.68,1.0,5.916377400013753,-30.920593091100574,5.916377400013753,-30.920593091100574,2.953600188574917,-0.01566081693423397,0.005014307682654626
6843.0,273.72,1.0,5.765381372291488,-30.951395741816146,5.765381372291488,-30.951395741816146,2.9584909372457866,-0.02163953490113484,0.0030168413582666864
6844.0,273.76,1.0,5.614197164264484,-30.98040937627413,5.614197164264484,-30.98040937627413,2.9633315519531838,-0.027312647261137024,0.0010660634909234793
6845.0,273.8,1.0,5.4619953464330395,-31.00905370610564,5.4619953464330395,-31.00905370610564,2.968119076432677,-0.03254704835400916,-0.0007676839524314406
6846.0,273.84000000000003,1.0,5.30702536740303,-31.037667656875357,5.30702536740303,-31.037667656875357,2.9728537315128456,-0.03721705752627501,-0.0024164761693127234
6847.0,273.88,1.0,5.150241164225108,-31.065254265756217,5.150241164225108,-31.065254265756217,2.9775360774826787,-0.04120695462577847,-0.0038173110788073507
6848.0,273.92,1.0,4.9933426663032705,-31.092424831519963,4.9933426663032705,-31.092424831519963,2.98216929426976,-0.04441280562330581,-0.0049150312806336745
6849.0,273.96,1.0,4.8358328862602935,-31.117020501642582,4.8358328862602935,-31.117020501642582,2.9867561747709104,-0.046758209817121324,-0.005664194727483728
6850.0,274.0,1.0,4.680371201112743,-31.14245723713237,4.680371201112743,-31.14245723713237,2.9913012668701655,-0.048198501941950224,-0.00603137867467562
6851.0,274.04,1.0,4.5227441147733405,-31.164910037003914,4.5227441147733405,-31.164910037003914,2.9958103333272574,-0.04872367188813809,-0.0059955778161498
6852.0,274.08,1.0,4.363582740491404,-31.18740783867173,4.363582740491404,-31.18740783867173,3.0002886483516247,-0.0483463375527169,-0.005550415088962345
6853.0,274.12,1.0,4.202647500236235,-31.20914873023362,4.202647500236235,-31.20914873023362,3.004742889259286,-0.04711109627155091,-0.004704441019193032
6854.0,274.16,1.0,4.041710401179666,-31.230360638058233,4.041710401179666,-31.230360638058233,3.009178708135889,-0.04508726637900325,-0.003480985324680387
6855.0,274.2,1.0,3.879957670617396,-31.2503953630882,3.879957670617396,-31.2503953630882,3.013603196873946,-0.04237151187099285,-0.0019165937515142073
6856.0,274.24,1.0,3.719664901872979,-31.27007058418453,3.719664901872979,-31.27007058418453,3.0180227907472528,-0.03907116771122018,-6.121891777027683e-05
6857.0,274.28000000000003,1.0,3.556039658407298,-31.288500269737114,3.556039658407298,-31.288500269737114,3.022442207011962,-0.03530731937270263,0.002022392561661962
6858.0,274.32,1.0,3.3940250392117877,-31.305597838475176,3.3940250392117877,-31.305597838475176,3.0268659629084462,-0.031218023190724743,0.004261168162791716
6859.0,274.36,1.0,3.2300405218536845,-31.320653375271327,3.2300405218536845,-31.320653375271327,3.0312955625985305,-0.02695232818246287,0.006574123591827907
6860.0,274.40000000000003,1.0,3.068470873402426,-31.33476605613392,3.068470873402426,-31.33476605613392,3.035733954705991,-0.022656444434271405,0.008875123354893755
6861.0,274.44,1.0,2.9076023502699884,-31.348279775754825,2.9076023502699884,-31.348279775754825,3.040181976192759,-0.018478944803489585,0.011075811308856652
6862.0,274.48,1.0,2.7443513748879824,-31.362261394846325,2.7443513748879824,-31.362261394846325,3.0446420695243908,-0.014563542282595654,0.013088297039940786
6863.0,274.52,1.0,2.5805162656124536,-31.374365646706615,2.5805162656124536,-31.374365646706615,3.0491162037425825,-0.011055479598826811,0.01482853555392816
6864.0,274.56,1.0,2.4191225023245604,-31.389808660399165,2.4191225023245604,-31.389808660399165,3.0536070934851773,-0.008086223735179776,0.016219204960835055
6865.0,274.6,1.0,2.2554959110405446,-31.403166542385804,2.2554959110405446,-31.403166542385804,3.058117374205168,-0.005771779481268768,0.017192863434702756
6866.0,274.64,1.0,2.094664093126517,-31.415456749998828,2.094664093126517,-31.415456749998828,3.0626476211120037,-0.004210532311818849,0.01769337242841973
6867.0,274.68,1.0,1.9327838164133442,-31.42852559167925,1.9327838164133442,-31.42852559167925,3.0671977750854733,-0.003487458285992906,0.017678684229292155
6868.0,274.72,1.0,1.772383567167357,-31.439089237604186,1.772383567167357,-31.439089237604186,3.071766758658062,-0.0036721118188818404,0.017122750533557777
6869.0,274.76,1.0,1.6114492086212717,-31.45039227654026,1.6114492086212717,-31.45039227654026,3.0763535175209618,-0.004809100324725946,0.016015856020126132
6870.0,274.8,1.0,1.4488931215919878,-31.45916047973423,1.4488931215919878,-31.45916047973423,3.080958791507231,-0.006917614883174328,0.014365134580328013
6871.0,274.84000000000003,1.0,1.2882457190748393,-31.46927648184527,1.2882457190748393,-31.46927648184527,3.0855830574135013,-0.01000247056124397,0.012194721871645244
6872.0,274.88,1.0,1.1281988907901255,-31.478580251983296,1.1281988907901255,-31.478580251983296,3.090229511002324,-0.014051136283688348,0.009545559811764174
6873.0,274.92,1.0,0.9671740151564027,-31.488082655797676,0.9671740151564027,-31.488082655797676,3.094900236236316,-0.019025040002602123,0.006473878769807845
6874.0,274.96,1.0,0.8059382675308797,-31.497292369912476,0.8059382675308797,-31.497292369912476,3.099599064623853,-0.02486697516882517,0.0030498421445490313
6875.0,275.0,1.0,0.6446814307135229,-31.507043915827666,0.6446814307135229,-31.507043915827666,3.104327608612439,-0.03149823029871346,-0.0006450371175983561
6876.0,275.04,1.0,0.48185931830288065,-31.514998767809082,0.48185931830288065,-31.514998767809082,3.109087733362545,-0.03882399277567139,-0.004520988810491846
6877.0,275.08,1.0,0.3228319819952398,-31.523999247800855,0.3228319819952398,-31.523999247800855,3.1138831093563026,-0.04673608350125062,-0.00848251702083196
6878.0,275.12,1.0,0.16020311160866071,-31.529573660737334,0.16020311160866071,-31.529573660737334,3.118718090542482,-0.05511155372022784,-0.012431436721513908
6879.0,275.16,1.0,0.0014731922803336906,-31.537161868953696,0.0014731922803336906,-31.537161868953696,3.12360067668558,-0.0638211947320172,-0.016270108960767894
6880.0,275.2,1.0,-0.15869518578463426,-31.54410431699218,-0.15869518578463426,-31.54410431699218,3.1285396927651785,-0.07273067389999424,-0.019904041896532276
6881.0,275.24,1.0,-0.3208852622119494,-31.550179316161536,-0.3208852622119494,-31.550179316161536,3.1335455904496863,-0.08170167478684895,-0.02324482715966361
6882.0,275.28000000000003,1.0,-0.48104243236398075,-31.55480533784932,-0.48104243236398075,-31.55480533784932,3.138628155087254,-0.09058789092754387,-0.026213190137294902
6883.0,275.32,1.0,-0.6430231877289155,-31.55906413930316,-0.6430231877289155,-31.55906413930316,3.1437953491100448,-0.09922564315171138,-0.02874169216124427
6884.0,275.36,1.0,-0.8058679684473257,-31.559518347817278,-0.8058679684473257,-31.559518347817278,3.149054095733311,-0.10746508117138395,-0.030775600817399912
6885.0,275.40000000000003,1.0,-0.9687241325833738,-31.557463888775658,-0.9687241325833738,-31.557463888775658,3.1544083471002495,-0.11515801597881203,-0.03227511218369074
6886.0,275.44,1.0,-1.1326567865855952,-31.555228775925134,-1.1326567865855952,-31.555228775925134,3.1598635273370377,-0.12216924372260725,-0.033215888246936505
6887.0,275.48,1.0,-1.2949666859736877,-31.551322909815894,-1.2949666859736877,-31.551322909815894,3.165424657029191,-0.12837369716628938,-0.033589075364132075
6888.0,275.52,1.0,-1.4608980925398516,-31.548068963489328,-1.4608980925398516,-31.548068963489328,3.1710954060368617,-0.13365770664076163,-0.03340088567343072
6889.0,275.56,1.0,-1.6281070121202792,-31.542367469954183,-1.6281070121202792,-31.542367469954183,3.1768789414770473,-0.1379160071303367,-0.03267209305220739
6890.0,275.6,1.0,-1.795961795268736,-31.536210614100263,-1.795961795268736,-31.536210614100263,3.1827738697053176,-0.14106276226250833,-0.031436526278688606
6891.0,275.64,1.0,-1.9636140727708988,-31.529022586783412,-1.9636140727708988,-31.529022586783412,3.188776482424592,-0.14303024788270424,-0.029739194537969665
6892.0,275.68,1.0,-2.1323672730237435,-31.52097917592232,-2.1323672730237435,-31.52097917592232,3.1948766904986603,-0.14377823980879534,-0.027634043061045565
6893.0,275.72,1.0,-2.300723668563654,-31.5125528697003,-2.300723668563654,-31.5125528697003,3.20106213176433,-0.14328920367174325,-0.02518150781828519
6894.0,275.76,1.0,-2.4721262464511713,-31.50117540068346,-2.4721262464511713,-31.50117540068346,3.207317029865597,-0.14157881541239414,-0.022446079777044194
6895.0,275.8,1.0,-2.643204128036197,-31.488521984433646,-2.643204128036197,-31.488521984433646,3.213625041215012,-0.13867190046593508,-0.019495208365606538
6896.0,275.84000000000003,1.0,-2.8173642905863887,-31.47362421429532,-2.8173642905863887,-31.47362421429532,3.219970262787416,-0.13461167387043604,-0.016395712321650917
6897.0,275.88,1.0,-2.990624653773005,-31.457588086361675,-2.990624653773005,-31.457588086361675,3.2263346548410317,-0.12946592408290214,-0.013211265292140317
6898.0,275.92,1.0,-3.1630047321350596,-31.442632385904467,-3.1630047321350596,-31.442632385904467,3.2326991940867686,-0.12332959986821264,-0.010000725785470533
6899.0,275.96,1.0,-3.33722887675019,-31.425801006740937,-3.33722887675019,-31.425801006740937,3.2390433607587945,-0.1163079231067827,-0.0068171636488397564
6900.0,276.0,1.0,-3.5108510346916253,-31.407025534844244,-3.5108510346916253,-31.407025534844244,3.245345739584562,-0.10853234096433137,-0.0037062333779917037
6901.0,276.04,1.0,-3.6873120120302465,-31.385713517187696,-3.6873120120302465,-31.385713517187696,3.251585497668857,-0.10013645201263559,-0.0007056509344188975
6902.0,276.08,1.0,-3.863347854800913,-31.361988798660683,-3.863347854800913,-31.361988798660683,3.2577425993147626,-0.09126059403311362,0.002154393012562387
6903.0,276.12,1.0,-4.038371449473224,-31.338698344717727,-4.038371449473224,-31.338698344717727,3.263802650427755,-0.08204514529074776,0.004850957647686627
6904.0,276.16,1.0,-4.215573770529315,-31.314422795809463,-4.215573770529315,-31.314422795809463,3.2697547025900917,-0.07263283682067441,0.007367393653913437
6905.0,276.2,1.0,-4.390966130122459,-31.2932010089242,-4.390966130122459,-31.2932010089242,3.2755944943800506,-0.06315686464025838,0.009692728464960016
6906.0,276.24,1.0,-4.567086336623435,-31.269529066160356,-4.567086336623435,-31.269529066160356,3.281320655738753,-0.053755189234514965,0.011821151406820723
6907.0,276.28000000000003,1.0,-4.7455988523982455,-31.24399531863823,-4.7455988523982455,-31.24399531863823,3.2869348180883096,-0.044553165442148136,0.013749354736190045
6908.0,276.32,1.0,-4.924248079847776,-31.216679904141273,-4.924248079847776,-31.216679904141273,3.2924413575667884,-0.03565772853120439,0.015474187229027247
6909.0,276.36,1.0,-5.1019548292902055,-31.18946268600746,-5.1019548292902055,-31.18946268600746,3.2978471381844914,-0.027148323708539833,0.016991787205731863
6910.0,276.40000000000003,1.0,-5.277506529484698,-31.161275776667416,-5.277506529484698,-31.161275776667416,3.303162879351082,-0.019109933332279748,0.018297613931422412
6911.0,276.44,1.0,-5.45184332833198,-31.128615671847694,-5.45184332833198,-31.128615671847694,3.308401577422915,-0.011607942247409131,0.019384381930866314
6912.0,276.48,1.0,-5.626375799288235,-31.096379314374666,-5.626375799288235,-31.096379314374666,3.3135809381747143,-0.004690905166447901,0.02024113483107622
6913.0,276.52,1.0,-5.799034330307796,-31.06191745218563,-5.799034330307796,-31.06191745218563,3.3187213417946886,0.001607790283238386,0.020853694810871116
6914.0,276.56,1.0,-5.976448416404767,-31.029187861244075,-5.976448416404767,-31.029187861244075,3.323843739651175,0.007271044392862813,0.021204674774622855
6915.0,276.6,1.0,-6.1507599211267685,-30.995253071316995,-6.1507599211267685,-30.995253071316995,3.328968312653783,0.012290952867015158,0.021274684066001345
6916.0,276.64,1.0,-6.321975214674061,-30.960513423596733,-6.321975214674061,-30.960513423596733,3.3341105016679258,0.01666208822570032,0.021042837326576202
6917.0,276.68,1.0,-6.495522090236852,-30.922643724572346,-6.495522090236852,-30.922643724572346,3.339282371908996,0.020401489767843017,0.02048822649794491
6918.0,276.72,1.0,-6.66800582206686,-30.885361594180388,-6.66800582206686,-30.885361594180388,3.3444927271713434,0.02353045328275085,0.019591993532547293
6919.0,276.76,1.0,-6.841625070424648,-30.84791706470495,-6.841625070424648,-30.84791706470495,3.3497492734289644,0.02606939003579265,0.018340400757570756
6920.0,276.8,1.0,-7.015223563365856,-30.809981680156568,-7.015223563365856,-30.809981680156568,3.3550570994236537,0.028029906034707962,0.016725775950930537
6921.0,276.84000000000003,1.0,-7.186621123592394,-30.77265163719391,-7.186621123592394,-30.77265163719391,3.3604191306806426,0.029452282047117428,0.01474705028493451
6922.0,276.88,1.0,-7.3592763874883165,-30.73591836008659,-7.3592763874883165,-30.73591836008659,3.365836959570724,0.030377224674521308,0.012412878667618688
6923.0,276.92,1.0,-7.531211842803617,-30.69800721559512,-7.531211842803617,-30.69800721559512,3.3713083830292625,0.0308355907846549,0.009743836734943192
6924.0,276.96,1.0,-7.703719011605829,-30.65971045833599,-7.703719011605829,-30.65971045833599,3.376828266875024,0.03084588301779532,0.006772833366638735
6925.0,277.0,1.0,-7.872550405677122,-30.621633091320614,-7.872550405677122,-30.621633091320614,3.3823873330806267,0.030424026559383012,0.0035453868625019494
6926.0,277.04,1.0,-8.044797606237621,-30.58147580265001,-8.044797606237621,-30.58147580265001,3.3879746134660467,0.029588381927962582,0.00011921912936567087
6927.0,277.08,1.0,-8.21265497903266,-30.53970947084786,-8.21265497903266,-30.53970947084786,3.393580548061627,0.028349797999064407,-0.0034363063472585666
6928.0,277.12,1.0,-8.384247038285405,-30.497923658361326,-8.384247038285405,-30.497923658361326,3.3991989724330667,0.026698694775014475,-0.007041834432263897
6929.0,277.16,1.0,-8.552879683976103,-30.45511149847299,-8.552879683976103,-30.45511149847299,3.4048259494654083,0.02461349917957365,-0.010609254855854877
6930.0,277.2,1.0,-8.723203616085172,-30.411815796001044,-8.723203616085172,-30.411815796001044,3.4104574711892846,0.02209709906898376,-0.014045664077157183
6931.0,277.24,1.0,-8.89559138765855,-30.370933948553795,-8.89559138765855,-30.370933948553795,3.4160921688363737,0.01915923525516543,-0.01725543810028988
6932.0,277.28000000000003,1.0,-9.067640164173987,-30.327460979857705,-9.067640164173987,-30.327460979857705,3.4217286503336233,0.015792328294670144,-0.020143013196188334
6933.0,277.32,1.0,-9.239538572189616,-30.28220858909139,-9.239538572189616,-30.28220858909139,3.4273658592527263,0.01198888163841676,-0.022617080351189495
6934.0,277.36,1.0,-9.40128683042677,-30.234312280059175,-9.40128683042677,-30.234312280059175,3.4330022037511663,0.007763533786258314,-0.02459519733454159
6935.0,277.40000000000003,1.0,-9.564160051612967,-30.185684977571754,-9.564160051612967,-30.185684977571754,3.4386372635713203,0.0031535060581923792,-0.026006585540527503
6936.0,277.44,1.0,-9.728357603560529,-30.13412028624477,-9.728357603560529,-30.13412028624477,3.4442739473492545,-0.0018018737911659644,-0.02679501918081239
6937.0,277.48,1.0,-9.8924607672846,-30.085702688659627,-9.8924607672846,-30.085702688659627,3.449918371612859,-0.00706529373801037,-0.02692183168497319
6938.0,277.52,1.0,-10.056260676599985,-30.034809891582945,-10.056260676599985,-30.034809891582945,3.455578175878686,-0.012579884148280884,-0.026367839441400864
6939.0,277.56,1.0,-10.220506716777887,-29.981423882649665,-10.220506716777887,-29.981423882649665,3.4612587795020344,-0.018267662262075768,-0.025134855174989812
6940.0,277.6,1.0,-10.387022438162095,-29.925790189144017,-10.387022438162095,-29.925790189144017,3.466965066695594,-0.024030102779365747,-0.023247658695132522
6941.0,277.64,1.0,-10.55284363134527,-29.868401539008026,-10.55284363134527,-29.868401539008026,3.47270208215087,-0.02979945124889751,-0.020752569830501427
6942.0,277.68,1.0,-10.720501482970466,-29.809251217213706,-10.720501482970466,-29.809251217213706,3.4784730383303026,-0.03548977530750179,-0.017716424893027778
6943.0,277.72,1.0,-10.88573353269361,-29.748120463530903,-10.88573353269361,-29.748120463530903,3.4842807565367964,-0.040996410825746385,-0.014224735699793845
6944.0,277.76,1.0,-11.051291372824162,-29.685904406067436,-11.051291372824162,-29.685904406067436,3.4901273280232403,-0.04619738909750404,-0.010379945767904169
6945.0,277.8,1.0,-11.215452700576614,-29.62020125314251,-11.215452700576614,-29.62020125314251,3.496016370645986,-0.051003962461368624,-0.006297387625020956
6946.0,277.84000000000003,1.0,-11.373489234646204,-29.558198443422707,-11.373489234646204,-29.558198443422707,3.5019509610465027,-0.05533243719825696,-0.0021021714203078076
6947.0,277.88,1.0,-11.533817928468657,-29.495244216582996,-11.533817928468657,-29.495244216582996,3.507932401827086,-0.059095152933406614,0.0020754157385851064
6948.0,277.92,1.0,-11.692871780698919,-29.430139400886862,-11.692871780698919,-29.430139400886862,3.513958034982051,-0.06218596292075831,0.00610473128551829
6949.0,277.96,1.0,-11.853014758108166,-29.360203014179916,-11.853014758108166,-29.360203014179916,3.5200209053284084,-0.06452512323243494,0.009858731191482242
6950.0,278.0,1.0,-12.011992015633158,-29.292626569083886,-12.011992015633158,-29.292626569083886,3.5261138956927063,-0.06605641230605677,0.013218378096617755
6951.0,278.04,1.0,-12.171201663739827,-29.22350613529286,-12.171201663739827,-29.22350613529286,3.5322276762760025,-0.06675257898459737,0.01607812057036693
6952.0,278.08,1.0,-12.329141451315456,-29.15562661406516,-12.329141451315456,-29.15562661406516,3.5383526366542197,-0.06657463712821692,0.018348791862985995
6953.0,278.12,1.0,-12.493426122560592,-29.082343432177503,-12.493426122560592,-29.082343432177503,3.5444784848537934,-0.0655261448266496,0.019959541442869967
6954.0,278.16,1.0,-12.661061541180066,-29.010543942396538,-12.661061541180066,-29.010543942396538,3.5505966106045825,-0.06364725835395776,0.02086020174863338
6955.0,278.2,1.0,-12.83486986218407,-28.936555784156734,-12.83486986218407,-28.936555784156734,3.5566988491129328,-0.06101648065169436,0.02102434448270927
6956.0,278.24,1.0,-13.003874855454303,-28.86453176323002,-13.003874855454303,-28.86453176323002,3.56277765808269,-0.05769385433457648,0.02044959307183255
6957.0,278.28000000000003,1.0,-13.175041989688802,-28.78844188785767,-13.175041989688802,-28.78844188785767,3.5688259004124356,-0.05376541194529645,0.01915742804257671
6958.0,278.32,1.0,-13.340328913648587,-28.713011364606064,-13.340328913648587,-28.713011364606064,3.5748378525743916,-0.04933721834347844,0.0171913166696678
6959.0,278.36,1.0,-13.504106464765105,-28.63727852382985,-13.504106464765105,-28.63727852382985,3.5808111434560255,-0.04455113647384923,0.014614987445326877
6960.0,278.40000000000003,1.0,-13.662603803633113,-28.56436511495941,-13.662603803633113,-28.56436511495941,3.5867500394866134,-0.03952659920694283,0.011511048598812667
6961.0,278.44,1.0,-13.825047505241292,-28.489083207741203,-13.825047505241292,-28.489083207741203,3.592660577201552,-0.03437495919871081,0.007978196182830714
6962.0,278.48,1.0,-13.982937521431376,-28.41625232362893,-13.982937521431376,-28.41625232362893,3.598552898794182,-0.029208794217562617,0.0041263510092922565
6963.0,278.52,1.0,-14.143505727972656,-28.340041523663643,-14.143505727972656,-28.340041523663643,3.604437472468272,-0.024167952661697512,7.270524458143531e-05
6964.0,278.56,1.0,-14.299591916563472,-28.265033707390263,-14.299591916563472,-28.265033707390263,3.610327859370686,-0.019375420273930844,-0.004060393988401157
6965.0,278.6,1.0,-14.462541073184733,-28.185875598666392,-14.462541073184733,-28.185875598666392,3.6162360497000314,-0.014925233794557523,-0.008149664416108749
6966.0,278.64,1.0,-14.628771306442212,-28.103185378360017,-14.628771306442212,-28.103185378360017,3.6221746844362777,-0.010888547221121115,-0.012075704206036954
6967.0,278.68,1.0,-14.798322372059868,-28.0172028475151,-14.798322372059868,-28.0172028475151,3.6281534877149917,-0.0073493357989854015,-0.015726577881594896
6968.0,278.72,1.0,-14.962376881588963,-27.93189847893556,-14.962376881588963,-27.93189847893556,3.634181691955399,-0.004373351826760663,-0.01900019795925628
6969.0,278.76,1.0,-15.128735322628406,-27.84742074546918,-15.128735322628406,-27.84742074546918,3.6402669554102176,-0.001995899074134644,-0.02180645833466489
6970.0,278.8,1.0,-15.28977699097462,-27.763389543126056,-15.28977699097462,-27.763389543126056,3.6464153632581464,-0.00021819467309960316,-0.02406939526455573
6971.0,278.84000000000003,1.0,-15.450123436045738,-27.67595733718023,-15.450123436045738,-27.67595733718023,3.6526268032537432,0.0009629782700495193,-0.025730155445308073
6972.0,278.88,1.0,-15.60879535599283,-27.586606801910314,-15.60879535599283,-27.586606801910314,3.658899085985472,0.0015633654088176518,-0.026747961476747528
6973.0,278.92,1.0,-15.76144008318004,-27.50151544452233,-15.76144008318004,-27.50151544452233,3.6652263592448278,0.0016406208928641196,-0.027099605549456285
6974.0,278.96,1.0,-15.911778747484004,-27.41215174574314,-15.911778747484004,-27.41215174574314,3.671601099259616,0.0012902340611943286,-0.02677840785320525
6975.0,279.0,1.0,-16.05823944530999,-27.32288001026577,-16.05823944530999,-27.32288001026577,3.6780123197269106,0.0006207171192676109,-0.025795810788326545
6976.0,279.04,1.0,-16.209310526533827,-27.231371027688102,-16.209310526533827,-27.231371027688102,3.684448314161363,-0.0002715206191400865,-0.024179794272984854
6977.0,279.08,1.0,-16.358122919716585,-27.14028497330123,-16.358122919716585,-27.14028497330123,3.690896727875412,-0.0012662307837163044,-0.021973156216763788
6978.0,279.12,1.0,-16.512756482506695,-27.04619666910015,-16.512756482506695,-27.04619666910015,3.697347385148002,-0.0022180099315627145,-0.01923090562332639
6979.0,279.16,1.0,-16.66666074385625,-26.950864207664978,-16.66666074385625,-26.950864207664978,3.7037907472671376,-0.0029594009646972896,-0.016019449987460292
6980.0,279.2,1.0,-16.824330520487973,-26.849911729569698,-16.824330520487973,-26.849911729569698,3.710216905045422,-0.0033546962016436366,-0.012414284770789803
6981.0,279.24,1.0,-16.97596667812629,-26.751654184162174,-16.97596667812629,-26.751654184162174,3.7166153738175174,-0.00328343956929964,-0.008498684998872482
6982.0,279.28000000000003,1.0,-17.12686445176671,-26.64899692671643,-17.12686445176671,-26.64899692671643,3.722977208889625,-0.0026417774298360007,-0.004360092425502846
6983.0,279.32,1.0,-17.275636955046984,-26.548424055670033,-17.275636955046984,-26.548424055670033,3.7292934501434196,-0.0013279526676420073,-8.792122272657209e-05
6984.0,279.36,1.0,-17.42916277759181,-26.44200397412269,-17.42916277759181,-26.44200397412269,3.7355550776364135,0.0007211215410075855,0.004228407280770889
6985.0,279.40000000000003,1.0,-17.576699705899678,-26.339856375953936,-17.576699705899678,-26.339856375953936,3.7417553532359116,0.0035479626536516263,0.008500503517334048
6986.0,279.44,1.0,-17.72273170606006,-26.232122648524626,-17.72273170606006,-26.232122648524626,3.747887776027256,0.007171401809854139,0.012644731721005522
6987.0,279.48,1.0,-17.8653160910881,-26.12820253433196,-17.8653160910881,-26.12820253433196,3.7539476876257423,0.011605883617425561,0.01658341457398161
6988.0,279.52,1.0,-18.007844809732045,-26.020832893839543,-18.007844809732045,-26.020832893839543,3.7599283451361964,0.016797295875869422,0.020246710270261693
6989.0,279.56,1.0,-18.150404968143988,-25.91638265184996,-18.150404968143988,-25.91638265184996,3.765822642395642,0.02265339749699602,0.02357252967734764
6990.0,279.6,1.0,-18.29160645178404,-25.804061353773058,-18.29160645178404,-25.804061353773058,3.771620014106572,0.029017338264565075,0.026509120087466982
6991.0,279.64,1.0,-18.43800485758802,-25.69616359976734,-18.43800485758802,-25.69616359976734,3.777311222156024,0.03573605655936973,0.02901525155524967
6992.0,279.68,1.0,-18.584054611267568,-25.58559661796811,-18.584054611267568,-25.58559661796811,3.782886565070401,0.04261991168205219,0.03106214194192238
6993.0,279.72,1.0,-18.726999300187256,-25.47719537733267,-18.726999300187256,-25.47719537733267,3.7883378652459263,0.049468724292115886,0.03263216271663618
6994.0,279.76,1.0,-18.872438076284993,-25.36562044603372,-18.872438076284993,-25.36562044603372,3.7936592049894053,0.05604305684505888,0.03371839344575324
6995.0,279.8,1.0,-19.015316285103445,-25.254991537840997,-19.015316285103445,-25.254991537840997,3.7988475875871557,0.062115787767061705,0.03432427709227837
6996.0,279.84000000000003,1.0,-19.162110352364596,-25.13960620693707,-19.162110352364596,-25.13960620693707,3.803899794846256,0.06746283757602616,0.034464144830538064
6997.0,279.88,1.0,-19.30645572012137,-25.025230195804042,-19.30645572012137,-25.025230195804042,3.808816292323801,0.071873877146336,0.0341614739507921
6998.0,279.92,1.0,-19.450076346430716,-24.910039692472445,-19.450076346430716,-24.910039692472445,3.8135972871773247,0.0751443086990404,0.03344761964032734
6999.0,279.96,1.0,-19.591172660016092,-24.798800437570367,-19.591172660016092,-24.798800437570367,3.81824796896163,0.07712363125527082,0.03235991980716263
7000.0,280.0,1.0,-19.728942652177988,-24.688558020761647,-19.728942652177988,-24.688558020761647,3.8227742364009174,0.0776994542403355,0.030940884055473905
7001.0,280.04,1.0,-19.86594154495802,-24.57518934392453,-19.86594154495802,-24.57518934392453,3.8271897527945677,0.07682543230877355,0.029235583946287436
7002.0,280.08,1.0,-20.00183735741576,-24.461960107553818,-20.00183735741576,-24.461960107553818,3.831509043915896,0.07448251907180899,0.02729005460137119
7003.0,280.12,1.0,-20.136758012920918,-24.348559142176736,-20.136758012920918,-24.348559142176736,3.835751142444585,0.0707300180191687,0.02514882296827727
7004.0,280.16,1.0,-20.27000883208226,-24.23895862551273,-20.27000883208226,-24.23895862551273,3.8399361053956396,0.06566799092269189,0.022854799995076613
7005.0,280.2,1.0,-20.403495591341663,-24.12640882402358,-20.403495591341663,-24.12640882402358,3.8440838793036654,0.059482184476879654,0.02044808600607844
7006.0,280.24,1.0,-20.536495984316815,-24.016950961001957,-20.536495984316815,-24.016950961001957,3.8482147324952223,0.052382264437535575,0.0179642902281742
7007.0,280.28000000000003,1.0,-20.66334548127382,-23.906758199840077,-20.66334548127382,-23.906758199840077,3.8523489160823003,0.04462333732112176,0.015432511938168988
7008.0,280.32,1.0,-20.794684564097434,-23.79430868124209,-20.794684564097434,-23.79430868124209,3.8565049510035565,0.036490734019005065,0.01287509395106153
7009.0,280.36,1.0,-20.91562610109122,-23.684297335006768,-20.91562610109122,-23.684297335006768,3.8607018946811373,0.02830936713919365,0.010308424862287374
7010.0,280.40000000000003,1.0,-21.044173345402726,-23.57417375129645,-21.044173345402726,-23.57417375129645,3.864956363876556,0.02042491032181264,0.007742909233112325
7011.0,280.44,1.0,-21.17033756971757,-23.459099462062145,-21.17033756971757,-23.459099462062145,3.869285792679969,0.013174147047968843,0.0051838185428576995
7012.0,280.48,1.0,-21.30236769045952,-23.34262243473635,-21.30236769045952,-23.34262243473635,3.873702558374929,0.006879776287814598,0.00263179446088081
7013.0,280.52,1.0,-21.43619182960915,-23.225418551091092,-21.43619182960915,-23.225418551091092,3.878219695597624,0.0018448224625663868,8.494506912851696e-05
7014.0,280.56,1.0,-21.5688977571565,-23.107595292061944,-21.5688977571565,-23.107595292061944,3.8828462512311375,-0.0016729167975708449,-0.0024599229504319382
7015.0,280.6,1.0,-21.70155976694215,-22.988085657329,-21.70155976694215,-22.988085657329,3.887589229746431,-0.003464479705789958,-0.005006450211287464
7016.0,280.64,1.0,-21.82717953749974,-22.87393087884157,-21.82717953749974,-22.87393087884157,3.8924531772479787,-0.003412701300024712,-0.00755741775150746
7017.0,280.68,1.0,-21.952671121343617,-22.75786286520878,-21.952671121343617,-22.75786286520878,3.897438719913203,-0.0014524499033407912,-0.010112045601186656
7018.0,280.72,1.0,-22.07809158457801,-22.64066889020983,-22.07809158457801,-22.64066889020983,3.9025454801726953,0.0023832629623926627,-0.012664702151616747
7019.0,280.76,1.0,-22.208078623226516,-22.516888486242365,-22.208078623226516,-22.516888486242365,3.907771304295833,0.007987622408897343,-0.015203959427932637
7020.0,280.8,1.0,-22.33900447360942,-22.39248679971168,-22.33900447360942,-22.39248679971168,3.9131130922095885,0.015151701687699703,-0.01771296487223569
7021.0,280.84000000000003,1.0,-22.468637468506092,-22.26880033989966,-22.468637468506092,-22.26880033989966,3.9185665395985034,0.02357931555006463,-0.02016771242663417
7022.0,280.88,1.0,-22.598842028125567,-22.144110819708068,-22.598842028125567,-22.144110819708068,3.9241254281953095,0.03292441474936643,-0.02253778425022503
7023.0,280.92,1.0,-22.726256986834894,-22.021073519105208,-22.726256986834894,-22.021073519105208,3.929783496045508,0.042791272984892714,-0.024785710146502497
7024.0,280.96,1.0,-22.850448744220433,-21.895983085566776,-22.850448744220433,-21.895983085566776,3.9355301100242626,0.052743957135711075,-0.026869390077678627
7025.0,281.0,1.0,-22.97350967266318,-21.773768529428512,-22.97350967266318,-21.773768529428512,3.9413545234431657,0.06228421664526433,-0.02874243816305847
7026.0,281.04,1.0,-23.097281053283933,-21.648730085537387,-23.097281053283933,-21.648730085537387,3.9472450381074546,0.07092248727137877,-0.030356359191407677
7027.0,281.08,1.0,-23.221274267836996,-21.52272680721637,-23.221274267836996,-21.52272680721637,3.9531916455916516,0.0781882868483311,-0.0316616388070324
7028.0,281.12,1.0,-23.34469330828148,-21.39955398884094,-23.34469330828148,-21.39955398884094,3.9591878174317854,0.0836398843429389,-0.032611557661501075
7029.0,281.16,1.0,-23.475137092740695,-21.26713784542523,-23.475137092740695,-21.26713784542523,3.965228351622669,0.08689407578100235,-0.03316313110479987
7030.0,281.2,1.0,-23.60293447619048,-21.13647521909789,-23.60293447619048,-21.13647521909789,3.9713108289106778,0.08763147733516197,-0.03327937840717274
7031.0,281.24,1.0,-23.721902104148178,-21.008859991080815,-23.721902104148178,-21.008859991080815,3.9774318162189837,0.08563209288459124,-0.032930711857804315
7032.0,281.28000000000003,1.0,-23.838247198442478,-20.882128634483916,-23.838247198442478,-20.882128634483916,3.9835888481226305,0.08076624446668967,-0.03209840462977616
7033.0,281.32,1.0,-23.949590776197603,-20.756389186698634,-23.949590776197603,-20.756389186698634,3.989778146451922,0.07299594426600597,-0.030774857967919643
7034.0,281.36,1.0,-24.06046766621995,-20.630735918401033,-24.06046766621995,-20.630735918401033,3.9959961352708397,0.062367075844613165,-0.02896564786853999
7035.0,281.40000000000003,1.0,-24.167823625717272,-20.5033498328403,-24.167823625717272,-20.5033498328403,4.00224192764381,0.049046170467866815,-0.026688542036261437
7036.0,281.44,1.0,-24.27848269675055,-20.37124077208849,-24.27848269675055,-20.37124077208849,4.008516010001318,0.033359649912891684,-0.023975102261045884
7037.0,281.48,1.0,-24.381758398326802,-20.245801197806667,-24.381758398326802,-20.245801197806667,4.014820061995822,0.01569420431455095,-0.02086904261511253
7038.0,281.52,1.0,-24.487199523097587,-20.117114986151766,-24.487199523097587,-20.117114986151766,4.021154739193489,-0.0034793000412737473,-0.01742631143403665
7039.0,281.56,1.0,-24.57961123410343,-19.99960143911446,-24.57961123410343,-19.99960143911446,4.027516766951706,-0.023634881821281838,-0.013711914945973059
7040.0,281.6,1.0,-24.67176721809674,-19.882357341216405,-24.67176721809674,-19.882357341216405,4.03389963636792,-0.04416920004587281,-0.009799442286004224
7041.0,281.64,1.0,-24.771669715540078,-19.752252917016687,-24.771669715540078,-19.752252917016687,4.0402914606825,-0.06445901943190739,-0.0057685714839888925
7042.0,281.68,1.0,-24.87091525904905,-19.62373016099151,-24.87091525904905,-19.62373016099151,4.046680326102806,-0.08387358826953013,-0.0017029307155219254
7043.0,281.72,1.0,-24.97173426081884,-19.489106045895074,-24.97173426081884,-19.489106045895074,4.053052017271992,-0.1018065264391915,0.0023135437514877574
7044.0,281.76,1.0,-25.074192600782183,-19.356613801295413,-25.074192600782183,-19.356613801295413,4.0593949386658945,-0.11767979756906347,0.006197509002317677
7045.0,281.8,1.0,-25.178979613375326,-19.214471392271783,-25.178979613375326,-19.214471392271783,4.065697113989833,-0.13094828914881634,0.009869311924644056
7046.0,281.84000000000003,1.0,-25.279778522869023,-19.077367986400212,-25.279778522869023,-19.077367986400212,4.071947731957958,-0.14116305558631462,0.013254553242169445
7047.0,281.88,1.0,-25.383129612980117,-18.93468947692498,-25.383129612980117,-18.93468947692498,4.078135255500472,-0.148006893511957,0.01628769658255309
7048.0,281.92,1.0,-25.484723299812085,-18.793142946497678,-25.484723299812085,-18.793142946497678,4.084248762964084,-0.1512289138249588,0.01891282241830642
7049.0,281.96,1.0,-25.585536667331798,-18.649799939884662,-25.585536667331798,-18.649799939884662,4.090277790766046,-0.1506789931658838,0.021085719038479566
7050.0,282.0,1.0,-25.683797512455392,-18.50845329453338,-25.683797512455392,-18.50845329453338,4.096216073538534,-0.1463272571236714,0.022773271382724884
7051.0,282.04,1.0,-25.785207568795062,-18.361547737973247,-25.785207568795062,-18.361547737973247,4.102061728280474,-0.1383027325357969,0.023954904335598003
7052.0,282.08,1.0,-25.883993239813368,-18.2153323062163,-25.883993239813368,-18.2153323062163,4.107819009861506,-0.12682350533941222,0.024622214112747502
7053.0,282.12,1.0,-25.98600462615722,-18.0633608105602,-25.98600462615722,-18.0633608105602,4.113494498363908,-0.11222392548602952,0.02477873058686806
7054.0,282.16,1.0,-26.088526644335058,-17.909861704174112,-26.088526644335058,-17.909861704174112,4.119098497537716,-0.09489140287093507,0.024438456691223222
7055.0,282.2,1.0,-26.192791431216744,-17.756705538481924,-26.192791431216744,-17.756705538481924,4.124640662391144,-0.07531371903381182,0.023625939051541017
7056.0,282.24,1.0,-26.293328343140224,-17.606864348874375,-26.293328343140224,-17.606864348874375,4.1301324011697655,-0.05405763466662357,0.022374904521445787
7057.0,282.28000000000003,1.0,-26.397139797090325,-17.44985254049706,-26.397139797090325,-17.44985254049706,4.135583913691381,-0.03172107548730778,0.02072641943850669
7058.0,282.32,1.0,-26.495522237960916,-17.29643253671292,-26.495522237960916,-17.29643253671292,4.141006620979076,-0.008882906631196664,0.018726538253119054
7059.0,282.36,1.0,-26.600552051243756,-17.13339689159048,-26.600552051243756,-17.13339689159048,4.146412555575495,0.01386233006858173,0.016425209836996683
7060.0,282.40000000000003,1.0,-26.704369485404527,-16.968573727999253,-26.704369485404527,-16.968573727999253,4.151815334434971,0.03591910097771789,0.013874451304880608
7061.0,282.44,1.0,-26.800682509405675,-16.814672730027876,-26.800682509405675,-16.814672730027876,4.157227586217582,0.056747638937298464,0.011127724580018596
7062.0,282.48,1.0,-26.896970304515236,-16.659624811020755,-26.896970304515236,-16.659624811020755,4.162660741293899,0.07589254242570938,0.008237927038259318
7063.0,282.52,1.0,-26.99327244860052,-16.503821332969093,-26.99327244860052,-16.503821332969093,4.168124824700319,0.09295086080921722,0.005256203597152291
7064.0,282.56,1.0,-27.088790640223504,-16.345978228097174,-27.088790640223504,-16.345978228097174,4.173629642790809,0.10761734658035131,0.0022309028198557084
7065.0,282.6,1.0,-27.18300748500743,-16.194267017949976,-27.18300748500743,-16.194267017949976,4.179184723701042,0.11965008409890165,-0.0007925176365479704
7066.0,282.64,1.0,-27.275604827118503,-16.041182439431267,-27.275604827118503,-16.041182439431267,4.184799948641,0.1289185422969387,-0.0037722018102349457
7067.0,282.68,1.0,-27.36721315038651,-15.891522304373282,-27.36721315038651,-15.891522304373282,4.190484710790233,0.1354018748524196,-0.006670740990387218
7068.0,282.72,1.0,-27.45453777064633,-15.741312113527044,-27.45453777064633,-15.741312113527044,4.19624864162902,0.1391646611986935,-0.009454670751357945
7069.0,282.76,1.0,-27.540726239839408,-15.593003190752649,-27.540726239839408,-15.593003190752649,4.202100579326667,0.14030178507562385,-0.012094163412353998
7070.0,282.8,1.0,-27.626558772792038,-15.44348293038055,-27.626558772792038,-15.44348293038055,4.208048109819302,0.13899172697385265,-0.014563012381541163
7071.0,282.84000000000003,1.0,-27.710037659312622,-15.294940093086819,-27.710037659312622,-15.294940093086819,4.214096789736458,0.13550970594361672,-0.01683864225676251
7072.0,282.88,1.0,-27.79191291212181,-15.14581839571287,-27.79191291212181,-15.14581839571287,4.220250629933168,0.1301930796528578,-0.018901760493365553
7073.0,282.92,1.0,-27.873997438688683,-14.993791842199704,-27.873997438688683,-14.993791842199704,4.226511795622016,0.12340103824231585,-0.020735675936978958
7074.0,282.96,1.0,-27.95094690115345,-14.846697146270774,-27.95094690115345,-14.846697146270774,4.232879997535738,0.11551017151798679,-0.022325216622606957
7075.0,283.0,1.0,-28.026576141808874,-14.69853282343011,-28.026576141808874,-14.69853282343011,4.239353090891929,0.1068950493886806,-0.023656229963123256
7076.0,283.04,1.0,-28.09905668379547,-14.554088030330618,-28.09905668379547,-14.554088030330618,4.245925257702469,0.09792727094712932,-0.024715587746502975
7077.0,283.08,1.0,-28.176142432573744,-14.402374674005912,-28.176142432573744,-14.402374674005912,4.252589218667223,0.08896866617122232,-0.02549115483961397
7078.0,283.12,1.0,-28.255858674938736,-14.251826060587245,-28.255858674938736,-14.251826060587245,4.25933492248525,0.08033416663383727,-0.025970931676900455
7079.0,283.16,1.0,-28.331234056569308,-14.100003051404808,-28.331234056569308,-14.100003051404808,4.2661508594983,0.07229361251946358,-0.026143468989080258
7080.0,283.2,1.0,-28.40599587962645,-13.948266751288296,-28.40599587962645,-13.948266751288296,4.273023041143413,0.06510745215175,-0.025998356201393392
7081.0,283.24,1.0,-28.4781142105926,-13.796680890003747,-28.4781142105926,-13.796680890003747,4.279935928243327,0.05898122414172944,-0.025526572328112507
7082.0,283.28000000000003,1.0,-28.54958598683791,-13.64169298836496,-28.54958598683791,-13.64169298836496,4.286872905148667,0.054026216013837856,-0.024720077954180564
7083.0,283.32,1.0,-28.619752619467363,-13.4893885730278,-28.619752619467363,-13.4893885730278,4.29381748785939,0.05027310513022578,-0.023572569411181667
7084.0,283.36,1.0,-28.689035136999234,-13.336249937938689,-28.689035136999234,-13.336249937938689,4.300753745752301,0.047708804539382,-0.022080186613840657
7085.0,283.40000000000003,1.0,-28.754897912350962,-13.183638961636635,-28.754897912350962,-13.183638961636635,4.307666517220848,0.04628641911122524,-0.02024273650602745
7086.0,283.44,1.0,-28.820639222694346,-13.025966077420083,-28.820639222694346,-13.025966077420083,4.31454070176366,0.045911438489000124,-0.018064679655145712
7087.0,283.48,1.0,-28.884370379736957,-12.869765586791075,-28.884370379736957,-12.869765586791075,4.321364577732082,0.04642989063549139,-0.015555540677931235
7088.0,283.52,1.0,-28.947191545544776,-12.711525089568562,-28.947191545544776,-12.711525089568562,4.328126799017259,0.04763709271124143,-0.01273046842171226
7089.0,283.56,1.0,-29.008482580863664,-12.557331210138436,-29.008482580863664,-12.557331210138436,4.334818399757172,0.0493222260892829,-0.009611322599962188
7090.0,283.6,1.0,-29.068052100084373,-12.39708325178697,-29.068052100084373,-12.39708325178697,4.341430819524013,0.05128034401471189,-0.006226978104678099
7091.0,283.64,1.0,-29.128117782302404,-12.237914773270269,-29.128117782302404,-12.237914773270269,4.347958546691702,0.053284065558246385,-0.002613576094759249
7092.0,283.68,1.0,-29.185440793664647,-12.078635372885284,-29.185440793664647,-12.078635372885284,4.354397850299758,0.05508648984759039,0.0011855343516088339
7093.0,283.72,1.0,-29.24223409145833,-11.920496305903008,-29.24223409145833,-11.920496305903008,4.360747982897417,0.05648108315453417,0.005119222761994877
7094.0,283.76,1.0,-29.298113382960317,-11.764309910047832,-29.298113382960317,-11.764309910047832,4.367009456018296,0.0572924088391414,0.00912949316277723
7095.0,283.8,1.0,-29.35308075838775,-11.606278605323842,-29.35308075838775,-11.606278605323842,4.373182574276747,0.05736315557332905,0.01315249823450256
7096.0,283.84000000000003,1.0,-29.408342819129825,-11.444334931373298,-29.408342819129825,-11.444334931373298,4.379269115878736,0.056546781625253284,0.017119651104557067
7097.0,283.88,1.0,-29.457569242439682,-11.287605544473799,-29.457569242439682,-11.287605544473799,4.385270507299422,0.05473041678508957,0.020959401174900808
7098.0,283.92,1.0,-29.50615757107787,-11.130368949637424,-29.50615757107787,-11.130368949637424,4.391187263966794,0.05186466926760254,0.024598627616721408
7099.0,283.96,1.0,-29.552985894128682,-10.971799544393324,-29.552985894128682,-10.971799544393324,4.397019523298001,0.047948531894803526,0.027964850337714776
7100.0,284.0,1.0,-29.598735010727193,-10.815161500872193,-29.598735010727193,-10.815161500872193,4.402767469315657,0.042999946744100306,0.030988520832849014
7101.0,284.04,1.0,-29.643936755619954,-10.658509348509446,-29.643936755619954,-10.658509348509446,4.408431998028983,0.037046116253301765,0.033605608945601
7102.0,284.08,1.0,-29.68926466551389,-10.504732596774227,-29.68926466551389,-10.504732596774227,4.414012666952784,0.030162457340692006,0.03575992094659695
7103.0,284.12,1.0,-29.732850670304117,-10.349801939582752,-29.732850670304117,-10.349801939582752,4.419508197564982,0.022480517841163318,0.03740551069037426
7104.0,284.16,1.0,-29.776093859852644,-10.193304172339575,-29.776093859852644,-10.193304172339575,4.42491427404593,0.014136536179577197,0.03850873377027739
7105.0,284.2,1.0,-29.819168107126565,-10.034423661448987,-29.819168107126565,-10.034423661448987,4.430224712177541,0.005263346436699945,0.039049235829191474
7106.0,284.24,1.0,-29.863470493625236,-9.881844490585895,-29.863470493625236,-9.881844490585895,4.435433792929897,-0.00399312829196039,0.03902143697378065
7107.0,284.28000000000003,1.0,-29.906002446179183,-9.726331969547818,-29.906002446179183,-9.726331969547818,4.440533232699272,-0.01346437896609185,0.038435258326815366
7108.0,284.32,1.0,-29.951072292158965,-9.569039012839589,-29.951072292158965,-9.569039012839589,4.445517070985895,-0.022973374992962658,0.03731619939098951
7109.0,284.36,1.0,-29.994512967019592,-9.409534381107505,-29.994512967019592,-9.409534381107505,4.450378397171243,-0.03235465449999664,0.03570436163037106
7110.0,284.40000000000003,1.0,-30.038153379155368,-9.252917147557092,-30.038153379155368,-9.252917147557092,4.455113392187824,-0.04146491474356888,0.03365325461576303
7111.0,284.44,1.0,-30.07937035455666,-9.094853099895747,-30.07937035455666,-9.094853099895747,4.459718688035666,-0.05015968798884414,0.03122834629116068
7112.0,284.48,1.0,-30.12191554753445,-8.938521874725453,-30.12191554753445,-8.938521874725453,4.464194091444993,-0.058291978199878546,0.028504459349808976
7113.0,284.52,1.0,-30.160786187687545,-8.781845167625569,-30.160786187687545,-8.781845167625569,4.468541254776628,-0.06575167205676521,0.02556333412684597
7114.0,284.56,1.0,-30.2002082267934,-8.620643506066568,-30.2002082267934,-8.620643506066568,4.47276505310613,-0.0724687359770521,0.02248982925020556
7115.0,284.6,1.0,-30.24008601392662,-8.461166553864738,-30.24008601392662,-8.461166553864738,4.4768753773996774,-0.0783874239508062,0.01936893564238554
7116.0,284.64,1.0,-30.27832976850994,-8.301098187892274,-30.27832976850994,-8.301098187892274,4.4808863470731755,-0.08344404287511846,0.0162828351430087
7117.0,284.68,1.0,-30.318901081545864,-8.139069035000551,-30.318901081545864,-8.139069035000551,4.484815428082559,-0.08759821598470122,0.013306894240337935
7118.0,284.72,1.0,-30.354860896320908,-7.976012841107114,-30.354860896320908,-7.976012841107114,4.4886846642409015,-0.09084347252242489,0.010506793463193546
7119.0,284.76,1.0,-30.394851635204056,-7.8125591785720045,-30.394851635204056,-7.8125591785720045,4.4925169516680565,-0.09320402775063734,0.007935731233560485
7120.0,284.8,1.0,-30.432522618035307,-7.648577888002983,-30.432522618035307,-7.648577888002983,4.4963381494083565,-0.09472001429633788,0.005633496598055022
7121.0,284.84000000000003,1.0,-30.47093723457352,-7.482919414217426,-30.47093723457352,-7.482919414217426,4.5001731191688235,-0.09542536548506128,0.0036243254379123846
7122.0,284.88,1.0,-30.507140258153708,-7.316912306876384,-30.507140258153708,-7.316912306876384,4.504047474789897,-0.09537103470919187,0.001916217727882142
7123.0,284.92,1.0,-30.541700434160457,-7.150872647695843,-30.541700434160457,-7.150872647695843,4.507983093984171,-0.09463727182562146,0.0005006119018652864
7124.0,284.96,1.0,-30.57375708237513,-6.985966537985268,-30.57375708237513,-6.985966537985268,4.512001276333873,-0.09330973284618489,-0.0006463053865288102
7125.0,285.0,1.0,-30.60566712168433,-6.822476892771469,-30.60566712168433,-6.822476892771469,4.516120542628565,-0.09146549801930925,-0.0015616308960547068
7126.0,285.04,1.0,-30.63589497927312,-6.654087630625301,-30.63589497927312,-6.654087630625301,4.520355219924555,-0.08919029652551509,-0.0022936595772168585
7127.0,285.08,1.0,-30.668173328219503,-6.484619205513994,-30.668173328219503,-6.484619205513994,4.524715860027553,-0.08659059009804815,-0.0028994770584100183
7128.0,285.12,1.0,-30.696721460860495,-6.315210296500672,-30.696721460860495,-6.315210296500672,4.529208211705443,-0.08377548539857953,-0.003441242008248636
7129.0,285.16,1.0,-30.72633841382525,-6.144908805707458,-30.72633841382525,-6.144908805707458,4.533834741261467,-0.08084411011888462,-0.0039826422556981335
7130.0,285.2,1.0,-30.75572469471883,-5.9735552730126,-30.75572469471883,-5.9735552730126,4.538593920204446,-0.07788891608682229,-0.004585381754570827
7131.0,285.24,1.0,-30.78655237230049,-5.802879093047298,-30.78655237230049,-5.802879093047298,4.5434812075844615,-0.07501736459869461,-0.005306461647692977
7132.0,285.28000000000003,1.0,-30.816175055715423,-5.6295976240499614,-30.816175055715423,-5.6295976240499614,4.548488680726848,-0.07236020290817162,-0.006193981089538723
7133.0,285.32,1.0,-30.84762688348483,-5.461017496289493,-30.84762688348483,-5.461017496289493,4.553605995006368,-0.07005105163010161,-0.007285278937327713
7134.0,285.36,1.0,-30.87665616342058,-5.290576722954876,-30.87665616342058,-5.290576722954876,4.558822723240418,-0.06819447054251315,-0.00860378761595199
7135.0,285.40000000000003,1.0,-30.905557251490272,-5.116430859684327,-30.905557251490272,-5.116430859684327,4.564127952434861,-0.06688128734375771,-0.01015877470327545
7136.0,285.44,1.0,-30.933116118261175,-4.941941407720144,-30.933116118261175,-4.941941407720144,4.569511039481457,-0.06621490346300063,-0.011944089384921485
7137.0,285.48,1.0,-30.960017619484244,-4.767295904969115,-30.960017619484244,-4.767295904969115,4.574962833174121,-0.06628877554193183,-0.013938461556891319
7138.0,285.52,1.0,-30.986516960166444,-4.596685113289032,-30.986516960166444,-4.596685113289032,4.580475377618975,-0.06718118007176996,-0.01610540447517648
7139.0,285.56,1.0,-31.009761396453218,-4.428066932699861,-31.009761396453218,-4.428066932699861,4.586043478846274,-0.06894687936703392,-0.018395381943336998
7140.0,285.6,1.0,-31.03453228469462,-4.257920888333308,-31.03453228469462,-4.257920888333308,4.591662997116324,-0.07163729209899483,-0.020748010589702652
7141.0,285.64,1.0,-31.057009372952933,-4.08724709807156,-31.057009372952933,-4.08724709807156,4.597332898327522,-0.07528760886733894,-0.02309445779170229
7142.0,285.68,1.0,-31.077901032505565,-3.915013098871234,-31.077901032505565,-3.915013098871234,4.60305340492118,-0.07990282928092911,-0.02536038277174052
7143.0,285.72,1.0,-31.10021249526658,-3.7410076097688076,-31.10021249526658,-3.7410076097688076,4.608828404239575,-0.08544684460319382,-0.0274700920740893
7144.0,285.76,1.0,-31.122958902613384,-3.565761193454942,-31.122958902613384,-3.565761193454942,4.614663020960175,-0.09185943871826815,-0.029349065610689756
7145.0,285.8,1.0,-31.143255658046815,-3.390392135751385,-31.143255658046815,-3.390392135751385,4.6205641046384685,-0.09907436513117955,-0.030927743424611465
7146.0,285.84000000000003,1.0,-31.162838771154867,-3.213970029831882,-31.162838771154867,-3.213970029831882,4.62653745342939,-0.10700131842829405,-0.03214403896504955
7147.0,285.88,1.0,-31.180289975034157,-3.036571535832467,-31.180289975034157,-3.036571535832467,4.632589484396266,-0.1154993764297894,-0.03294661179526172
7148.0,285.92,1.0,-31.19574668798225,-2.8605483704683787,-31.19574668798225,-2.8605483704683787,4.638725092008458,-0.12439909867270268,-0.033296242192653334
7149.0,285.96,1.0,-31.210532990457615,-2.6848032762081946,-31.210532990457615,-2.6848032762081946,4.64494872678291,-0.1335226665976523,-0.03316851160908289
7150.0,286.0,1.0,-31.22157762042906,-2.511726312724132,-31.22157762042906,-2.511726312724132,4.651262429524921,-0.14269185538014068,-0.03255379849882906
7151.0,286.04,1.0,-31.231287987124386,-2.339498152898926,-31.231287987124386,-2.339498152898926,4.657666497765577,-0.15170352742404153,-0.03145783429015033
7152.0,286.08,1.0,-31.238371397466715,-2.165091177407766,-31.238371397466715,-2.165091177407766,4.664158893447904,-0.16034444666292502,-0.02990162470535973
7153.0,286.12,1.0,-31.243858564165635,-1.9846509965387664,-31.243858564165635,-1.9846509965387664,4.670736330255197,-0.16839398729645344,-0.027920443045616344
7154.0,286.16,1.0,-31.25058506408427,-1.8043752510903723,-31.25058506408427,-1.8043752510903723,4.6773927700734665,-0.17565705775762652,-0.02556142381187969
7155.0,286.2,1.0,-31.255477138432717,-1.6266150045821515,-31.255477138432717,-1.6266150045821515,4.6841204662640825,-0.18194358746021203,-0.02288191041224019
7156.0,286.24,1.0,-31.258486839695536,-1.4482244935062476,-31.258486839695536,-1.4482244935062476,4.690908856293492,-0.18708154388200132,-0.01994784038056433
7157.0,286.28000000000003,1.0,-31.26085924593213,-1.2695391137339784,-31.26085924593213,-1.2695391137339784,4.697747645642203,-0.1909233795272255,-0.016830867017014688
7158.0,286.32,1.0,-31.2608760230646,-1.083210033739066,-31.2608760230646,-1.083210033739066,4.70462389370684,-0.1933740919239582,-0.013605507986327212
7159.0,286.36,1.0,-31.261612842247708,-0.8974081299274728,-31.261612842247708,-0.8974081299274728,4.711525054010508,-0.19437897710803057,-0.010347170895994228
7160.0,286.40000000000003,1.0,-31.259928280284576,-0.7065208361954982,-31.259928280284576,-0.7065208361954982,4.718437666418,-0.19390131704770946,-0.007129159716546149
7161.0,286.44,1.0,-31.256645094812672,-0.5172824104561695,-31.256645094812672,-0.5172824104561695,4.725349636904282,-0.19193598555208613,-0.004020690172180231
7162.0,286.48,1.0,-31.253179675757604,-0.32645399022337374,-31.253179675757604,-0.32645399022337374,4.732249905062831,-0.1885276791241568,-0.0010847972441983336
7163.0,286.52,1.0,-31.247793284551836,-0.13816796990197963,-31.247793284551836,-0.13816796990197963,4.739129134076235,-0.18377077708671202,0.0016236329988805448
7164.0,286.56,1.0,-31.239753157382967,0.05153495511217658,-31.239753157382967,0.05153495511217658,4.745979570368251,-0.17780055114881904,0.0040592095135062855
7165.0,286.6,1.0,-31.23077913975999,0.2446313914010158,-31.23077913975999,0.2446313914010158,4.752794074193833,-0.17076534168454777,0.006185983360100871
7166.0,286.64,1.0,-31.22161222439761,0.43672853336445316,-31.22161222439761,0.43672853336445316,4.7595675509511945,-0.16284876368624487,0.007978119779082544
7167.0,286.68,1.0,-31.210363784322716,0.6298263485052641,-31.210363784322716,0.6298263485052641,4.766296396031078,-0.15425889066366966,0.009421385710035857
7168.0,286.72,1.0,-31.19988012587539,0.8242477673073797,-31.19988012587539,0.8242477673073797,4.772977681597964,-0.14523586382846917,0.010512142329833378
7169.0,286.76,1.0,-31.18584553050738,1.0190115341909103,-31.18584553050738,1.0190115341909103,4.779610763973696,-0.13601712071715064,0.011256400859613998
7170.0,286.8,1.0,-31.173225765932084,1.219027148205465,-31.173225765932084,1.219027148205465,4.786195849293259,-0.12683813262685245,0.011669098914965733
7171.0,286.84000000000003,1.0,-31.156985487868262,1.4181398049030283,-31.156985487868262,1.4181398049030283,4.79273432528467,-0.11793713243750996,0.011773444982179115
7172.0,286.88,1.0,-31.14047381986511,1.6175886915470137,-31.14047381986511,1.6175886915470137,4.7992276567573535,-0.10954593276491156,0.011599296030974555
7173.0,286.92,1.0,-31.123072088311073,1.8117141540232442,-31.123072088311073,1.8117141540232442,4.805677043029466,-0.10187212495544398,0.01118211124746184
7174.0,286.96,1.0,-31.10363541710267,2.0055978883841457,-31.10363541710267,2.0055978883841457,4.812082666407545,-0.09508216508445615,0.010561240804646951
7175.0,287.0,1.0,-31.08192755004195,2.1991293286998923,-31.08192755004195,2.1991293286998923,4.818443140784681,-0.08931852378873024,0.00977825542315339
7176.0,287.04,1.0,-31.062903505559746,2.396438332558115,-31.062903505559746,2.396438332558115,4.824759468276369,-0.08470201399925352,0.008876106583351752
7177.0,287.08,1.0,-31.038628044683843,2.5910011696874897,-31.038628044683843,2.5910011696874897,4.8310315188062924,-0.08132485867958864,0.007897700353969389
7178.0,287.12,1.0,-31.015030677679267,2.7858092877603418,-31.015030677679267,2.7858092877603418,4.837261646562339,-0.07922803115885832,0.006883145979331951
7179.0,287.16,1.0,-30.990124545472924,2.9815647344865885,-30.990124545472924,2.9815647344865885,4.843452540778105,-0.07840218245649577,0.005869244593074143
7180.0,287.2,1.0,-30.965359545171207,3.1765218691885346,-30.965359545171207,3.1765218691885346,4.849608383590722,-0.07880974688793455,0.004889080384902916
7181.0,287.24,1.0,-30.93912215728374,3.374382333645376,-30.93912215728374,3.374382333645376,4.855733681568717,-0.0803898438790216,0.00397076612289996
7182.0,287.28000000000003,1.0,-30.91250233562325,3.5702295266343578,-30.91250233562325,3.5702295266343578,4.861833999932818,-0.08305574784726928,0.0031358350499005477
7183.0,287.32,1.0,-30.884379331622238,3.767864102527583,-30.884379331622238,3.767864102527583,4.867915683108485,-0.0866781800886327,0.002399144183229162
7184.0,287.36,1.0,-30.853425035215615,3.9632266796835744,-30.853425035215615,3.9632266796835744,4.873986601328003,-0.09111007646914875,0.0017682770937164124
7185.0,287.40000000000003,1.0,-30.82165915038239,4.159289495746916,-30.82165915038239,4.159289495746916,4.880056969493404,-0.09621029652572162,0.0012434376885067974
7186.0,287.44,1.0,-30.787005341713712,4.353649492670514,-30.787005341713712,4.353649492670514,4.886139782613063,-0.10182824406453783,0.0008179956234994707
7187.0,287.48,1.0,-30.751007076323333,4.546593364102668,-30.751007076323333,4.546593364102668,4.8922461609859225,-0.10779944175597145,0.00047860254249006693
7188.0,287.52,1.0,-30.714015046479584,4.739896047115372,-30.714015046479584,4.739896047115372,4.898389703072022,-0.1139431927650619,0.00020579751805840653
7189.0,287.56,1.0,-30.67633521279866,4.936193441015034,-30.67633521279866,4.936193441015034,4.9045811753077615,-0.12010450528289973,-2.4052650327775067e-05
7190.0,287.6,1.0,-30.635269665008412,5.128366496238302,-30.635269665008412,5.128366496238302,4.91083115277162,-0.1261447030239737,-0.0002375824515645067
7191.0,287.64,1.0,-30.595603479973242,5.322118061588503,-30.595603479973242,5.322118061588503,4.917147389273361,-0.13193426059661698,-0.0004637471638923092
7192.0,287.68,1.0,-30.554032036385145,5.514930013564221,-30.554032036385145,5.514930013564221,4.923536208251061,-0.13734444216889102,-0.0007317035791046547
7193.0,287.72,1.0,-30.50879640097491,5.7179178447146,-30.50879640097491,5.7179178447146,4.930001703638416,-0.14226318493233245,-0.001068431629342477
7194.0,287.76,1.0,-30.46247317436873,5.918353305455753,-30.46247317436873,5.918353305455753,4.936544937503819,-0.14661806043320616,-0.0014975476216409788
7195.0,287.8,1.0,-30.419125481964407,6.119283076432763,-30.419125481964407,6.119283076432763,4.943165116035339,-0.15035575900354495,-0.002037601677721923
7196.0,287.84000000000003,1.0,-30.371753952019834,6.317041620452246,-30.371753952019834,6.317041620452246,4.949856395929698,-0.15341835917793492,-0.002700041705290851
7197.0,287.88,1.0,-30.326048369135997,6.51717012258959,-30.326048369135997,6.51717012258959,4.95660989272781,-0.15575390124536298,-0.0034885463751985367
7198.0,287.92,1.0,-30.276503685571658,6.7168722607991,-30.276503685571658,6.7168722607991,4.963415145575826,-0.15734185261387154,-0.004397591379883149
7199.0,287.96,1.0,-30.226757065293548,6.919577330874409,-30.226757065293548,6.919577330874409,4.970258004618256,-0.15818382320107835,-0.005411873137127452
7200.0,288.0,1.0,-30.1735807946919,7.120511393040582,-30.1735807946919,7.120511393040582,4.977123691549257,-0.15827436220812158,-0.006506373448365302
7201.0,288.04,1.0,-30.118931545309238,7.3211425318606445,-30.118931545309238,7.3211425318606445,4.983996376950886,-0.15760424338479265,-0.007647329374955445
7202.0,288.08,1.0,-30.061911115610307,7.524216234023621,-30.061911115610307,7.524216234023621,4.990861031328658,-0.15617378164320814,-0.008792345040954885
7203.0,288.12,1.0,-30.004191555992538,7.725530494312767,-30.004191555992538,7.725530494312767,4.997703464734639,-0.15400524632874818,-0.009891973577736657
7204.0,288.16,1.0,-29.946494984478164,7.930526476649822,-29.946494984478164,7.930526476649822,5.0045105289085114,-0.15111958466245518,-0.01089188669002374
7205.0,288.2,1.0,-29.88696967122949,8.133715600010701,-29.88696967122949,8.133715600010701,5.01127281474193,-0.14752435114951576,-0.011734728759068672
7206.0,288.24,1.0,-29.82631806275059,8.337647157030574,-29.82631806275059,8.337647157030574,5.017981364564142,-0.14322494293346338,-0.012362796593689888
7207.0,288.28000000000003,1.0,-29.76692012423295,8.539754393183442,-29.76692012423295,8.539754393183442,5.024632852260983,-0.1382479885213118,-0.012721455962869754
7208.0,288.32,1.0,-29.701711906897277,8.7435629951193,-29.701711906897277,8.7435629951193,5.031224501780004,-0.13263257231484207,-0.01276122250964572
7209.0,288.36,1.0,-29.636159866191843,8.945838506782955,-29.636159866191843,8.945838506782955,5.037757038857543,-0.126402831699984,-0.012440845434023674
7210.0,288.40000000000003,1.0,-29.568727062647365,9.15115545937447,-29.568727062647365,9.15115545937447,5.044233368923503,-0.11958726665991933,-0.011730021440443453
7211.0,288.44,1.0,-29.498825220385676,9.355557209386987,-29.498825220385676,9.355557209386987,5.050659329476333,-0.11223901312299389,-0.01061169391575695
7212.0,288.48,1.0,-29.42760118317935,9.55977373223924,-29.42760118317935,9.55977373223924,5.057042459876221,-0.1044342854702441,-0.009082799539296388
7213.0,288.52,1.0,-29.35351795612422,9.75778705856762,-29.35351795612422,9.75778705856762,5.063391287594721,-0.09626020887179718,-0.007156162721901093
7214.0,288.56,1.0,-29.276096783185107,9.960718421273015,-29.276096783185107,9.960718421273015,5.069715456224675,-0.08780034762321061,-0.004860945495430952
7215.0,288.6,1.0,-29.192836480447642,10.164695841537,-29.192836480447642,10.164695841537,5.076024341977412,-0.07915994615404387,-0.0022422729164406326
7216.0,288.64,1.0,-29.10713437758456,10.372318651818475,-29.10713437758456,10.372318651818475,5.082324958490433,-0.07046427689449922,0.0006398619271269151
7217.0,288.68,1.0,-29.022303597646186,10.576753600082885,-29.022303597646186,10.576753600082885,5.0886236923528285,-0.061857559417565475,0.003712565296774116
7218.0,288.72,1.0,-28.936964470150986,10.779244347196036,-28.936964470150986,10.779244347196036,5.094922618225376,-0.05347544900569825,0.0068923987960145105
7219.0,288.76,1.0,-28.85054824660246,10.979350780513581,-28.85054824660246,10.979350780513581,5.1012243108159145,-0.04545919279918731,0.010087690103156358
7220.0,288.8,1.0,-28.761671975757924,11.18203208479172,-28.761671975757924,11.18203208479172,5.107528396742977,-0.03795983357163202,0.013201630144262297
7221.0,288.84000000000003,1.0,-28.674328598361928,11.382544085039703,-28.674328598361928,11.382544085039703,5.113833565593153,-0.031130565775343833,0.01613659072437275
7222.0,288.88,1.0,-28.585970544166866,11.581211701749606,-28.585970544166866,11.581211701749606,5.1201360043572155,-0.02509652232291979,0.018797636933333757
7223.0,288.92,1.0,-28.496719150614524,11.779726711154582,-28.496719150614524,11.779726711154582,5.126429892283872,-0.019962732854589004,0.021095055794397584
7224.0,288.96,1.0,-28.40625179792495,11.979108398942683,-28.40625179792495,11.979108398942683,5.1327083628301695,-0.015810267496508955,0.022948377742454146
7225.0,289.0,1.0,-28.315051297194987,12.176721276690367,-28.315051297194987,12.176721276690367,5.13896193124188,-0.01270798972080125,0.024289616731126028
7226.0,289.04,1.0,-28.22255404543069,12.377282351418831,-28.22255404543069,12.377282351418831,5.145182594792888,-0.010682479606901673,0.025065587333357165
7227.0,289.08,1.0,-28.125418459234048,12.578178445305202,-28.125418459234048,12.578178445305202,5.15136349892903,-0.009731080871253827,0.02523917897068271
7228.0,289.12,1.0,-28.03241655666822,12.775451812402073,-28.03241655666822,12.775451812402073,5.157501115988168,-0.009806158198235737,0.024790364400233553
7229.0,289.16,1.0,-27.937617557490256,12.970960405556593,-27.937617557490256,12.970960405556593,5.163595687011024,-0.010844756452490546,0.023717269692488697
7230.0,289.2,1.0,-27.8449905229813,13.163873218664728,-27.8449905229813,13.163873218664728,5.1696502295957405,-0.01273972221480213,0.02203622618204215
7231.0,289.24,1.0,-27.747218644000906,13.360194786103923,-27.747218644000906,13.360194786103923,5.175670660077408,-0.015363647956598836,0.019780967858968535
7232.0,289.28000000000003,1.0,-27.651927072813606,13.553605840998653,-27.651927072813606,13.553605840998653,5.181665538046713,-0.01854932434263441,0.016999956781664
7233.0,289.32,1.0,-27.554859022922944,13.751125417337487,-27.554859022922944,13.751125417337487,5.187646081961702,-0.022123976164955494,0.013754768223833393
7234.0,289.36,1.0,-27.461992854961608,13.94072899102893,-27.461992854961608,13.94072899102893,5.19362671970941,-0.02590189410014827,0.01011837589066049
7235.0,289.40000000000003,1.0,-27.36157256680385,14.136458592376021,-27.36157256680385,14.136458592376021,5.199623422868911,-0.02969498679724345,0.006171919069666269
7236.0,289.44,1.0,-27.26495801648189,14.322432125327799,-27.26495801648189,14.322432125327799,5.205656252581583,-0.03330480852321531,0.002001124719579867
7237.0,289.48,1.0,-27.16277301576712,14.516605042855712,-27.16277301576712,14.516605042855712,5.21174518661752,-0.03655215809553789,-0.0023062378103222724
7238.0,289.52,1.0,-27.061611033620284,14.708033780071224,-27.061611033620284,14.708033780071224,5.217911963998165,-0.03927055177481005,-0.0066620227982231
7239.0,289.56,1.0,-26.958511023760895,14.903381333200239,-26.958511023760895,14.903381333200239,5.224175990800449,-0.041326378799538446,-0.010980307409230953
7240.0,289.6,1.0,-26.856887092097374,15.091570401495781,-26.856887092097374,15.091570401495781,5.230555196740357,-0.042603586111042424,-0.015180203108617011
7241.0,289.64,1.0,-26.7498238047125,15.28647712126602,-26.7498238047125,15.28647712126602,5.237063416460004,-0.043030497922435205,-0.019187995240528822
7242.0,289.68,1.0,-26.640457551354977,15.478159194079339,-26.640457551354977,15.478159194079339,5.2437122323172956,-0.042553916699561364,-0.02293805905579359
7243.0,289.72,1.0,-26.527736964068716,15.672989689495504,-26.527736964068716,15.672989689495504,5.250509641440872,-0.04116810961747934,-0.026372988688583048
7244.0,289.76,1.0,-26.414560421587034,15.862230321125802,-26.414560421587034,15.862230321125802,5.25746079640943,-0.03889526308974252,-0.02944469003208381
7245.0,289.8,1.0,-26.30067007299716,16.05287427541146,-26.30067007299716,16.05287427541146,5.264567503472222,-0.03578937204933872,-0.0321150660172793
7246.0,289.84000000000003,1.0,-26.186147329444697,16.240355022709785,-26.186147329444697,16.240355022709785,5.27182934961788,-0.0319306868855461,-0.03435522650823713
7247.0,289.88,1.0,-26.07232549653541,16.42885244838043,-26.07232549653541,16.42885244838043,5.279242257472193,-0.027435542699155803,-0.036144285360903985
7248.0,289.92,1.0,-25.954690574326026,16.619325596791647,-25.954690574326026,16.619325596791647,5.286799634378376,-0.022439284511935685,-0.03746886153980651
7249.0,289.96,1.0,-25.8356230858507,16.80851704153623,-25.8356230858507,16.80851704153623,5.294490595398729,-0.017082512753051615,-0.03832359433094585
7250.0,290.0,1.0,-25.713626786070485,16.99707469046523,-25.713626786070485,16.99707469046523,5.3023024337285936,-0.011514652896499689,-0.03870972365025524
7251.0,290.04,1.0,-25.592656397415354,17.18204248399267,-25.592656397415354,17.18204248399267,5.310220585044702,-0.005879894146071374,-0.038633910419113945
7252.0,290.08,1.0,-25.46702756723028,17.36927124219556,-25.46702756723028,17.36927124219556,5.318231185320285,-0.00032362482431176344,-0.03810695760883849
7253.0,290.12,1.0,-25.342185898899196,17.548695097842803,-25.342185898899196,17.548695097842803,5.326319768213674,0.005014334973018708,-0.03714425277454304
7254.0,290.16,1.0,-25.21251945054056,17.73385925221567,-25.21251945054056,17.73385925221567,5.334473766381591,0.010011488359122111,-0.03576545809783176
7255.0,290.2,1.0,-25.087981133477346,17.91115007421853,-25.087981133477346,17.91115007421853,5.34268152662018,0.014566454445499666,-0.033993777856433476
7256.0,290.24,1.0,-24.95723291045595,18.093650967351696,-24.95723291045595,18.093650967351696,5.350932445589034,0.01859358743538646,-0.0318548807744452
7257.0,290.28000000000003,1.0,-24.82618776588026,18.26937636751662,-24.82618776588026,18.26937636751662,5.359216394162839,0.022028350689713427,-0.029377432216298537
7258.0,290.32,1.0,-24.690409199414184,18.447169943064516,-24.690409199414184,18.447169943064516,5.367522752669603,0.02483778104521266,-0.02659333116065395
7259.0,290.36,1.0,-24.55453385074296,18.620063618428368,-24.55453385074296,18.620063618428368,5.375841297283943,0.027016291799244162,-0.023537936399226356
7260.0,290.40000000000003,1.0,-24.413993289412748,18.793896502554638,-24.413993289412748,18.793896502554638,5.384162726638728,0.028565569147431448,-0.02024881052182348
7261.0,290.44,1.0,-24.27511976598435,18.96295910047884,-24.27511976598435,18.96295910047884,5.392479207545556,0.02951796354491969,-0.01676660373907128
7262.0,290.48,1.0,-24.135514329671427,19.130789299445727,-24.135514329671427,19.130789299445727,5.400783060371053,0.029905919479951203,-0.013134821938521987
7263.0,290.52,1.0,-23.99479821502939,19.297705799808483,-23.99479821502939,19.297705799808483,5.409066692568965,0.02979240286300595,-0.009400252273528382
7264.0,290.56,1.0,-23.850864558370848,19.464632063958547,-23.850864558370848,19.464632063958547,5.417323523173037,0.0292375671668045,-0.005610837968537122
7265.0,290.6,1.0,-23.70857244134894,19.628037760737733,-23.70857244134894,19.628037760737733,5.425545310364637,0.028307177938177674,-0.0018155031226699612
7266.0,290.64,1.0,-23.562344365013338,19.792300221401685,-23.562344365013338,19.792300221401685,5.43372296660464,0.027056071932348158,0.0019367312295419173
7267.0,290.68,1.0,-23.415040431685263,19.95369381176393,-23.415040431685263,19.95369381176393,5.441845708220081,0.02555488510447441,0.005596685013118589
7268.0,290.72,1.0,-23.26376695003875,20.113284556071754,-23.26376695003875,20.113284556071754,5.449902550307613,0.023866504467549253,0.00911660449836788
7269.0,290.76,1.0,-23.11325206456555,20.273147998001466,-23.11325206456555,20.273147998001466,5.4578835366555465,0.02204051099071913,0.012451186424049122
7270.0,290.8,1.0,-22.961185393802044,20.431799326014207,-22.961185393802044,20.431799326014207,5.465779310045987,0.020112798314641633,0.015559151087928736
7271.0,290.84000000000003,1.0,-22.811403017141323,20.58760984139463,-22.811403017141323,20.58760984139463,5.473582434343496,0.01811653431352127,0.018403290796387556
7272.0,290.88,1.0,-22.658459521617377,20.74378096897267,-22.658459521617377,20.74378096897267,5.481284997671923,0.016071523302233336,0.020951973821152423
7273.0,290.92,1.0,-22.506622526328034,20.90226043626277,-22.506622526328034,20.90226043626277,5.48888163240827,0.013997027476397594,0.0231796131532923
7274.0,290.96,1.0,-22.349830522229315,21.055160534131122,-22.349830522229315,21.055160534131122,5.496366641016219,0.011891198382603729,0.02506831841759392
7275.0,291.0,1.0,-22.192014115029057,21.209933372209935,-22.192014115029057,21.209933372209935,5.503734827192752,0.009755336459937336,0.026606618414987654
7276.0,291.04,1.0,-22.033951171703634,21.36063488672071,-22.033951171703634,21.36063488672071,5.510981702014871,0.007588440108694194,0.027790441328712827
7277.0,291.08,1.0,-21.874984679134638,21.51092927900663,-21.874984679134638,21.51092927900663,5.518104263219222,0.005399466154952059,0.028622493488488592
7278.0,291.12,1.0,-21.71625138098813,21.65928272042503,-21.71625138098813,21.65928272042503,5.525102586994933,0.003173342985987504,0.029112690438156574
7279.0,291.16,1.0,-21.555712116157725,21.808391377663582,-21.555712116157725,21.808391377663582,5.531978566862838,0.000908397483501222,0.029276761034561553
7280.0,291.2,1.0,-21.39524038606822,21.954530522643143,-21.39524038606822,21.954530522643143,5.538735753654322,-0.0013857964862164396,0.02913572963629012
7281.0,291.24,1.0,-21.23246206744529,22.099499441509597,-21.23246206744529,22.099499441509597,5.5453791531688665,-0.0036937048995952402,0.028714412147475173
7282.0,291.28000000000003,1.0,-21.06840380663655,22.245273276012043,-21.06840380663655,22.245273276012043,5.551914127964142,-0.005995173938975284,0.028040818391575417
7283.0,291.32,1.0,-20.906306263420113,22.391127772644914,-20.906306263420113,22.391127772644914,5.558348700410887,-0.008271313557994708,0.02714532078378956
7284.0,291.36,1.0,-20.742083150553928,22.533751889132347,-20.742083150553928,22.533751889132347,5.564688841820077,-0.010491235543711185,0.0260595422017124
7285.0,291.40000000000003,1.0,-20.577050157134913,22.678402760261633,-20.577050157134913,22.678402760261633,5.5709440191270945,-0.012607992623803499,0.024814198341347963
7286.0,291.44,1.0,-20.41211493218744,22.819656245567355,-20.41211493218744,22.819656245567355,5.577123402326839,-0.014560926258109185,0.023438725864059328
7287.0,291.48,1.0,-20.24589645020884,22.96281762668271,-20.24589645020884,22.96281762668271,5.583239373979029,-0.016293141979252912,0.021959938866545008
7288.0,291.52,1.0,-20.080707513594696,23.100500659904956,-20.080707513594696,23.100500659904956,5.589304437772563,-0.017750451211221475,0.020401856454262308
7289.0,291.56,1.0,-19.913070577444152,23.23956882503194,-19.913070577444152,23.23956882503194,5.595331716583589,-0.018860118014966877,0.018784482433460946
7290.0,291.6,1.0,-19.74437800680098,23.376506804911692,-19.74437800680098,23.376506804911692,5.6013338119434355,-0.019564626094852232,0.017124321860991065
7291.0,291.64,1.0,-19.570324024296212,23.51586337152844,-19.570324024296212,23.51586337152844,5.607322600567662,-0.01981830474450639,0.015433718918472181
7292.0,291.68,1.0,-19.39801114220483,23.65309967288629,-19.39801114220483,23.65309967288629,5.613310271134986,-0.019576115658220306,0.01372150347391346
7293.0,291.72,1.0,-19.22529146366368,23.78780371307902,-19.22529146366368,23.78780371307902,5.619307723147754,-0.018798648743735713,0.011993385515036165
7294.0,291.76,1.0,-19.05072352979497,23.92582717732156,-19.05072352979497,23.92582717732156,5.625324019565255,-0.01745311829141909,0.010251739991120612
7295.0,291.8,1.0,-18.87374698269031,24.057132625393518,-18.87374698269031,24.057132625393518,5.631369682853518,-0.01552527885384647,0.008496615268320518
7296.0,291.84000000000003,1.0,-18.70046027774322,24.18867029073698,-18.70046027774322,24.18867029073698,5.637452555698646,-0.013023965996003061,0.006726985363704347
7297.0,291.88,1.0,-18.525746794737724,24.320562644212902,-18.525746794737724,24.320562644212902,5.6435814342224395,-0.00998776922669169,0.004941970988819907
7298.0,291.92,1.0,-18.349488362019194,24.45197649799651,-18.349488362019194,24.45197649799651,5.649760942190774,-0.006462266772552705,0.003141114902032456
7299.0,291.96,1.0,-18.17148061009224,24.581688566494446,-18.17148061009224,24.581688566494446,5.655995453074942,-0.0025131521797232105,0.0013251125745302906
7300.0,292.0,1.0,-17.99280905555938,24.712593303078563,-17.99280905555938,24.712593303078563,5.662286292485076,0.0017680511225142803,-0.0005031403561014107
7301.0,292.04,1.0,-17.812324651677866,24.841703902047357,-17.812324651677866,24.841703902047357,5.66863415816744,0.006281265678950976,-0.002338014439191135
7302.0,292.08,1.0,-17.633490206873994,24.97067602290662,-17.633490206873994,24.97067602290662,5.675039118739011,0.01091889653007001,-0.0041701349762103095
7303.0,292.12,1.0,-17.45161162499518,25.095947436821277,-17.45161162499518,25.095947436821277,5.6814986350745755,0.015562735593523702,-0.005986679724973062
7304.0,292.16,1.0,-17.2715862303548,25.22426895461347,-17.2715862303548,25.22426895461347,5.688011149869671,0.020084974107461618,-0.00777171529526427
7305.0,292.2,1.0,-17.086712712832142,25.351957896256565,-17.086712712832142,25.351957896256565,5.6945741105247505,0.024364740601657785,-0.009505740791493892
7306.0,292.24,1.0,-16.902091255401707,25.4771167297602,-16.902091255401707,25.4771167297602,5.701185907809462,0.028275415978076167,-0.01116612116178944
7307.0,292.28000000000003,1.0,-16.718717656578534,25.59689125589126,-16.718717656578534,25.59689125589126,5.707844295548439,0.031697259370309275,-0.012727637785473988
7308.0,292.32,1.0,-16.536086008002183,25.719022993038067,-16.536086008002183,25.719022993038067,5.7145461859148,0.03452614176495252,-0.014164133128989415
7309.0,292.36,1.0,-16.352988135663153,25.836655891118777,-16.352988135663153,25.836655891118777,5.7212898842136966,0.03666160931578386,-0.015448182203023169
7310.0,292.40000000000003,1.0,-16.166933802349245,25.955496150236637,-16.166933802349245,25.955496150236637,5.728073174083457,0.03802419883630488,-0.016552855499200353
7311.0,292.44,1.0,-15.980920105699747,26.07178502945275,-15.980920105699747,26.07178502945275,5.734895330234141,0.03855459652139146,-0.017452526484267823
7312.0,292.48,1.0,-15.793727185971736,26.184112536684022,-15.793727185971736,26.184112536684022,5.741755256735097,0.03820967762742109,-0.018124525099237544
7313.0,292.52,1.0,-15.605255497011186,26.297095994519804,-15.605255497011186,26.297095994519804,5.7486525170522835,0.03697132111832768,-0.018550450244183093
7314.0,292.56,1.0,-15.418083209457297,26.40848637955917,-15.418083209457297,26.40848637955917,5.755588561014408,0.03484167032714911,-0.01871673459894283
7315.0,292.6,1.0,-15.23257638475358,26.52153619125881,-15.23257638475358,26.52153619125881,5.762563676843016,0.03184343866954551,-0.01861502552365237
7316.0,292.64,1.0,-15.042909929740691,26.634317856338896,-15.042909929740691,26.634317856338896,5.769579875286462,0.028002305961266894,-0.018243211370710742
7317.0,292.68,1.0,-14.855214607966468,26.738966661309593,-14.855214607966468,26.738966661309593,5.776635535855609,0.023377465661093756,-0.01760657752303952
7318.0,292.72,1.0,-14.66864177573565,26.84216988694417,-14.66864177573565,26.84216988694417,5.78373125258734,0.01804791723901398,-0.016717902642432704
7319.0,292.76,1.0,-14.482053170088312,26.941183733401296,-14.482053170088312,26.941183733401296,5.790865564738041,0.012103162083291097,-0.015596339619449002
7320.0,292.8,1.0,-14.291220027362375,27.04225365029335,-14.291220027362375,27.04225365029335,5.798038269369995,0.00564496479560288,-0.014268032966814486
7321.0,292.84000000000003,1.0,-14.101337877049176,27.14078793152074,-14.101337877049176,27.14078793152074,5.805248680663034,-0.0012119182655303984,-0.012764804028353057
7322.0,292.88,1.0,-13.906048483691574,27.237338154956557,-13.906048483691574,27.237338154956557,5.8124958884317675,-0.008348293355424818,-0.011123837913964416
7323.0,292.92,1.0,-13.711893909316055,27.332692702608302,-13.711893909316055,27.332692702608302,5.819779531099131,-0.015642633041890685,-0.009385969195407348
7324.0,292.96,1.0,-13.518010756616679,27.425756048354458,-13.518010756616679,27.425756048354458,5.82709799315231,-0.022984162459086077,-0.007594502884235604
7325.0,293.0,1.0,-13.322928537477257,27.51982303726016,-13.322928537477257,27.51982303726016,5.834448412384192,-0.03027446036941637,-0.005793503233248258
7326.0,293.04,1.0,-13.126748637966283,27.612940234349697,-13.126748637966283,27.612940234349697,5.841826565453718,-0.03741250794682869,-0.004026727774543192
7327.0,293.08,1.0,-12.927839261784474,27.70564908218646,-12.927839261784474,27.70564908218646,5.849226170315349,-0.044291118889320844,-0.0023362259231049357
7328.0,293.12,1.0,-12.727068612213213,27.797467535214697,-12.727068612213213,27.797467535214697,5.856642381290121,-0.050826789715623134,-0.0007596324281511086
7329.0,293.16,1.0,-12.526670024983034,27.887686113134357,-12.526670024983034,27.887686113134357,5.864067180485359,-0.05695174332895061,0.0006704612072295453
7330.0,293.2,1.0,-12.330686084625379,27.973694919114457,-12.330686084625379,27.973694919114457,5.87149495461275,-0.06260796716066526,0.0019271793694152779
7331.0,293.24,1.0,-12.130935789849888,28.05956376292617,-12.130935789849888,28.05956376292617,5.878917182658646,-0.06773524298305819,0.00299030527827591
7332.0,293.28000000000003,1.0,-11.931614298250741,28.144826388482123,-11.931614298250741,28.144826388482123,5.886326323556323,-0.07229944503238021,0.003847456242128452
7333.0,293.32,1.0,-11.730644820729053,28.22609725779219,-11.730644820729053,28.22609725779219,5.893713490765136,-0.0762817142328472,0.004494747189297073
7334.0,293.36,1.0,-11.531585917702646,28.305442772391423,-11.531585917702646,28.305442772391423,5.901069462821139,-0.0796737156728969,0.004936164977649987
7335.0,293.40000000000003,1.0,-11.332107577071158,28.38293023217114,-11.332107577071158,28.38293023217114,5.908385718173212,-0.0824769899237835,0.005183448401612232
7336.0,293.44,1.0,-11.124903049609541,28.4614296159261,-11.124903049609541,28.4614296159261,5.915654337708088,-0.0847003385813363,0.005254679696854535
7337.0,293.48,1.0,-10.915999647534672,28.544230309377582,-10.915999647534672,28.544230309377582,5.922870899790442,-0.08637708411698412,0.005173926794522215
7338.0,293.52,1.0,-10.706017039978367,28.620609472893683,-10.706017039978367,28.620609472893683,5.9300323259983285,-0.08756121444925073,0.004970439979045117
7339.0,293.56,1.0,-10.494399967098184,28.702378136928026,-10.494399967098184,28.702378136928026,5.937137684679053,-0.0883069645508375,0.004676081704966173
7340.0,293.6,1.0,-10.28288546210815,28.778649431953006,-10.28288546210815,28.778649431953006,5.944188373900024,-0.08866907264572292,0.004324394842930119
7341.0,293.64,1.0,-10.073875673689573,28.85498256479308,-10.073875673689573,28.85498256479308,5.951185791403587,-0.08871321688961653,0.003948980086531158
7342.0,293.68,1.0,-9.863182470322752,28.926788799478125,-9.863182470322752,28.926788799478125,5.95813404592916,-0.08852658927225246,0.003582609257475531
7343.0,293.72,1.0,-9.653272135088196,28.99809301993332,-9.653272135088196,28.99809301993332,5.96503580911445,-0.08819525767303427,0.003254568533915856
7344.0,293.76,1.0,-9.440347807801402,29.067220423159522,-9.440347807801402,29.067220423159522,5.9718980097041925,-0.08779988621997625,0.0029894053970056706
7345.0,293.8,1.0,-9.227716985753286,29.132433284057907,-9.227716985753286,29.132433284057907,5.978724820721171,-0.08741733929248227,0.0028064918266849357
7346.0,293.84000000000003,1.0,-9.01379002015983,29.197254709799893,-9.01379002015983,29.197254709799893,5.985524485337524,-0.08712618795633417,0.0027188532939444684
7347.0,293.88,1.0,-8.797343146466046,29.262949103670753,-8.797343146466046,29.262949103670753,5.992298783654428,-0.08699746567137515,0.002733724988015788
7348.0,293.92,1.0,-8.582505852635109,29.323799096330372,-8.582505852635109,29.323799096330372,5.999053384012593,-0.08709087802703178,0.002850270575747004
7349.0,293.96,1.0,-8.36762679207983,29.384245696835677,-8.36762679207983,29.384245696835677,6.0057812091277345,-0.08745081025061822,0.0030614659805771167
7350.0,294.0,1.0,-8.148437532199775,29.444208574537292,-8.148437532199775,29.444208574537292,6.012485298162882,-0.0881122720498549,0.003352371474648734
7351.0,294.04,1.0,-7.931155285726936,29.503365315477073,-7.931155285726936,29.503365315477073,6.019141426159786,-0.08910819192379013,0.0037048973755927197
7352.0,294.08,1.0,-7.709640876078778,29.560131807793972,-7.709640876078778,29.560131807793972,6.025749917074828,-0.09045034423394291,0.004092790879144247
7353.0,294.12,1.0,-7.488389829106561,29.6165004075118,-7.488389829106561,29.6165004075118,6.032256493033361,-0.09213270652301672,0.004489448827640168
7354.0,294.16,1.0,-7.266007699515283,29.671422317000513,-7.266007699515283,29.671422317000513,6.03866169859091,-0.09413244976793164,0.004859354750756736
7355.0,294.2,1.0,-7.04150930786174,29.726223687785676,-7.04150930786174,29.726223687785676,6.044853587650234,-0.09642020451052573,0.005173796465079273
7356.0,294.24,1.0,-6.82090733657486,29.77511627714194,-6.82090733657486,29.77511627714194,6.050832681992157,-0.09896295774810704,0.005390360040159817
7357.0,294.28000000000003,1.0,-6.600071875630128,29.822053032747867,-6.600071875630128,29.822053032747867,6.0563742468748005,-0.10171076638331729,0.00548315031548179
7358.0,294.32,1.0,-6.378126319649198,29.871416459974917,-6.378126319649198,29.871416459974917,6.061480372389132,-0.10460420193682803,0.005399848941453372
7359.0,294.36,1.0,-6.154320662276643,29.915824283591945,-6.154320662276643,29.915824283591945,6.065704688535845,-0.10757898537618168,0.005123007184147936
7360.0,294.40000000000003,1.0,-5.9293316171684065,29.961071994038814,-5.9293316171684065,29.961071994038814,6.069056880363818,-0.11057618040959856,0.004581486347533897
7361.0,294.44,1.0,-5.700256577985599,30.001501435628334,-5.700256577985599,30.001501435628334,6.070646291655626,-0.11354379213279978,0.0037702558989261537
7362.0,294.48,1.0,-5.47373149487008,30.043553719736092,-5.47373149487008,30.043553719736092,6.070500432709542,-0.11643217483338139,0.002571522579848404
7363.0,294.52,1.0,-5.242769507880776,30.083064655924023,-5.242769507880776,30.083064655924023,6.066839611672573,-0.11920560191961535,0.0009946485887100051
7364.0,294.56,1.0,-5.008548424689378,30.122540387446406,-5.008548424689378,30.122540387446406,6.059720480915829,-0.12183645663454372,-0.0009488522060567113
7365.0,294.6,1.0,-4.772480721282008,30.16120437867424,-4.772480721282008,30.16120437867424,6.045580451140165,-0.12431095116341358,-0.0032355151991575494
7366.0,294.64,1.0,-4.533998330363746,30.197543692289706,-4.533998330363746,30.197543692289706,6.024531569933392,-0.1266218781153715,-0.005844836957210182
7367.0,294.68,1.0,-4.2938193379805725,30.233637731865038,-4.2938193379805725,30.233637731865038,5.989443879366813,-0.12876868125659488,-0.00873860621735474
7368.0,294.72,1.0,-4.052964949860171,30.272586599686043,-4.052964949860171,30.272586599686043,5.940542209619521,-0.13075636227291695,-0.011889287656317995
7369.0,294.76,1.0,-3.8112806044926932,30.311825191201883,-3.8112806044926932,30.311825191201883,5.877844884949963,-0.13260071462671325,-0.015238905898101668
7370.0,294.8,1.0,-3.572219988244361,30.350198356552124,-3.572219988244361,30.350198356552124,5.801799952615591,-0.13432031622572874,-0.01875661258094995
7371.0,294.84000000000003,1.0,-3.334171840888125,30.385527122847407,-3.334171840888125,30.385527122847407,5.712439401621971,-0.13592791023747094,-0.022355319609299207
7372.0,294.88,1.0,-3.100296293512411,30.42103953591275,-3.100296293512411,30.42103953591275,5.610657673823015,-0.1374380623179145,-0.026004502235537512
7373.0,294.92,1.0,-2.865759190879026,30.45244148842147,-2.865759190879026,30.45244148842147,5.496513020791899,-0.13885680794374675,-0.02956161525169087
7374.0,294.96,1.0,-2.6320668304995722,30.48118846018504,-2.6320668304995722,30.48118846018504,5.371791870876505,-0.14018194892668184,-0.03299807456603966
7375.0,295.0,1.0,-2.3967533733704127,30.506967049865544,-2.3967533733704127,30.506967049865544,5.236608523235927,-0.14140815951723062,-0.03629382808718001
7376.0,295.04,1.0,-2.1608050148131293,30.53363570254889,-2.1608050148131293,30.53363570254889,5.094532387908809,-0.14252038023198302,-0.0394197875980178
7377.0,295.08,1.0,-1.9242413374460525,30.555255873149243,-1.9242413374460525,30.555255873149243,4.945790697992573,-0.14349610270137103,-0.04224562293137661
7378.0,295.12,1.0,-1.6858804712982969,30.578034356759304,-1.6858804712982969,30.578034356759304,4.797521916796366,-0.1442987910549955,-0.044737223987483164
7379.0,295.16,1.0,-1.4464678494464174,30.59600653616485,-1.4464678494464174,30.59600653616485,4.65017802986774,-0.14489619201987308,-0.046829444554422305
7380.0,295.2,1.0,-1.2102990095544102,30.614346549386305,-1.2102990095544102,30.614346549386305,4.503750102218957,-0.14525242577130568,-0.04846845383510015
7381.0,295.24,1.0,-0.9741928805321415,30.62955239272542,-0.9741928805321415,30.62955239272542,4.3591357464440295,-0.14533436497346958,-0.049620571074520364
7382.0,295.28000000000003,1.0,-0.7390176201197798,30.646495881177152,-0.7390176201197798,30.646495881177152,4.209169287485577,-0.14510849594607117,-0.0501813225883445
7383.0,295.32,1.0,-0.5002146430041721,30.66039630231947,-0.5002146430041721,30.66039630231947,4.055638851744317,-0.14453513115406563,-0.05012629469567603
7384.0,295.36,1.0,-0.264037811620122,30.67516352527047,-0.264037811620122,30.67516352527047,3.8949186318754223,-0.1435862538679176,-0.04947397076103198
7385.0,295.40000000000003,1.0,-0.02784682381290542,30.682328649290344,-0.02784682381290542,30.682328649290344,3.7305781327132506,-0.14224746008191338,-0.0481861633059449
7386.0,295.44,1.0,0.2079342778060175,30.693123263826067,0.2079342778060175,30.693123263826067,3.560718531615173,-0.1405074689451657,-0.046284857926038196
7387.0,295.48,1.0,0.44017759312265736,30.69879226032151,0.44017759312265736,30.69879226032151,3.392476147285791,-0.13835436953365082,-0.043687400028632896
7388.0,295.52,1.0,0.6743182270616448,30.702957971834273,0.6743182270616448,30.702957971834273,3.2247316969648225,-0.1357904448712453,-0.04053510412132868
7389.0,295.56,1.0,0.90767381598503,30.701956456238282,0.90767381598503,30.701956456238282,3.0574793645726155,-0.13284051747006625,-0.036874968068570886
7390.0,295.6,1.0,1.1422394212528775,30.698383578252837,1.1422394212528775,30.698383578252837,2.8898206145163527,-0.12953029807841648,-0.032791104265158466
7391.0,295.64,1.0,1.3735501836935637,30.691289517885515,1.3735501836935637,30.691289517885515,2.721750449296663,-0.1258927852145447,-0.028358212451664245
7392.0,295.68,1.0,1.6139647573399774,30.681103671057354,1.6139647573399774,30.681103671057354,2.552148362347685,-0.12195809595783129,-0.02363543630232718
7393.0,295.72,1.0,1.856261883033542,30.67076805566442,1.856261883033542,30.67076805566442,2.388152700010327,-0.1177778795973363,-0.018753231768271487
7394.0,295.76,1.0,2.1023974959559832,30.656981520357448,2.1023974959559832,30.656981520357448,2.2278635040747385,-0.11340357794005454,-0.013765938642422603
7395.0,295.8,1.0,2.3482398377166542,30.64084300323726,2.3482398377166542,30.64084300323726,2.0748499401984613,-0.10887395693960174,-0.00868469254227857
7396.0,295.84000000000003,1.0,2.5951195304261985,30.623733567252025,2.5951195304261985,30.623733567252025,1.925486264818997,-0.10420416639543133,-0.003582028582961615
7397.0,295.88,1.0,2.8441158836675333,30.604823864700062,2.8441158836675333,30.604823864700062,1.7815584914823936,-0.09940982982322213,0.0014165799660303424
7398.0,295.92,1.0,3.093615586092073,30.584909402514732,3.093615586092073,30.584909402514732,1.6359019172254226,-0.09451413309391077,0.006190637599097862
7399.0,295.96,1.0,3.3394834255473804,30.565572029789234,3.3394834255473804,30.565572029789234,1.4894081094955403,-0.08952403351320899,0.010674958480822443
7400.0,296.0,1.0,3.5891159466122105,30.542324462838547,3.5891159466122105,30.542324462838547,1.3420664356133019,-0.08442351028958037,0.014870190348552945
7401.0,296.04,1.0,3.838912359161474,30.520457724440824,3.838912359161474,30.520457724440824,1.1943214588401527,-0.07919040175341925,0.018736964704853844
7402.0,296.08,1.0,4.091848795829014,30.495628034979063,4.091848795829014,30.495628034979063,1.0533085191120113,-0.07380110120816259,0.022166560130341618
7403.0,296.12,1.0,4.343341019772405,30.469025398154656,4.343341019772405,30.469025398154656,0.9192477613616452,-0.06822805382970709,0.02512435522544638
7404.0,296.16,1.0,4.59550625462291,30.43685820221262,4.59550625462291,30.43685820221262,0.7957038246938125,-0.06241693878382426,0.027563790805947834
7405.0,296.2,1.0,4.8478884012069505,30.405259178574376,4.8478884012069505,30.405259178574376,0.6827845784700017,-0.05632242451305465,0.029432278860845124
7406.0,296.24,1.0,5.09955715322324,30.369160249043155,5.09955715322324,30.369160249043155,0.582272606069881,-0.04991635406194865,0.03071636252533603
7407.0,296.28000000000003,1.0,5.355442256975711,30.330076148192386,5.355442256975711,30.330076148192386,0.49422233856277165,-0.04320228373804356,0.03131350866409476
7408.0,296.32,1.0,5.610469485862613,30.287518193534005,5.610469485862613,30.287518193534005,0.41952557492827813,-0.03617858746374623,0.03134581871114257
7409.0,296.36,1.0,5.872553856953694,30.244872502691216,5.872553856953694,30.244872502691216,0.3582099302769568,-0.02885956200426478,0.03082785970691539
7410.0,296.40000000000003,1.0,6.133721338536646,30.20014731297453,6.133721338536646,30.20014731297453,0.3107247809736427,-0.021286140076279648,0.02983500746165682
7411.0,296.44,1.0,6.401359932191381,30.156587434771758,6.401359932191381,30.156587434771758,0.27708465968111967,-0.013528433306173837,0.028383572526588276
7412.0,296.48,1.0,6.658193131535812,30.113412686249283,6.658193131535812,30.113412686249283,0.2575162302026117,-0.0056726437062465385,0.02653102384796035
7413.0,296.52,1.0,6.922218263350945,30.068525922118653,6.922218263350945,30.068525922118653,0.2448856669510942,0.0021987040711022752,0.024408591716630013
7414.0,296.56,1.0,7.177326869107075,30.022848483050986,7.177326869107075,30.022848483050986,0.23930628043204488,0.009974799923184974,0.02207398550023453
7415.0,296.6,1.0,7.437025280132536,29.97735689315497,7.437025280132536,29.97735689315497,0.2372137420555093,0.017521332966616045,0.01959949678137094
7416.0,296.64,1.0,7.686998525508021,29.926732959595967,7.686998525508021,29.926732959595967,0.23866527995020906,0.024701709571347253,0.01706311495474207
7417.0,296.68,1.0,7.938731543704075,29.877947877435076,7.938731543704075,29.877947877435076,0.2418772865707468,0.0313932250978511,0.014506127973803776
7418.0,296.72,1.0,8.186320352708464,29.821338558135473,8.186320352708464,29.821338558135473,0.24687414878418495,0.03747841110224628,0.012056870701714293
7419.0,296.76,1.0,8.438362958291739,29.7630245749583,8.438362958291739,29.7630245749583,0.2527614571893683,0.042827279480111266,0.009737881477467486
7420.0,296.8,1.0,8.686851316297425,29.69926274465555,8.686851316297425,29.69926274465555,0.25954763272485,0.047335992005435056,0.007557255192925652
7421.0,296.84000000000003,1.0,8.93523906684737,29.634953003576367,8.93523906684737,29.634953003576367,0.2667820181330455,0.05093464203670541,0.00552615232094004
7422.0,296.88,1.0,9.185624142991404,29.565966569433535,9.185624142991404,29.565966569433535,0.2744647394144641,0.053584138259907224,0.0037609783293555644
7423.0,296.92,1.0,9.430278033748007,29.495618297897522,9.430278033748007,29.495618297897522,0.2823675202233594,0.05527058187138543,0.0022628984124516403
7424.0,296.96,1.0,9.674624342638001,29.42533071654346,9.674624342638001,29.42533071654346,0.29049145527169035,0.05599353406563197,0.0010835752880182493
7425.0,297.0,1.0,9.916215062768575,29.354455883115357,9.916215062768575,29.354455883115357,0.29872276918216045,0.05580503683567688,0.00021584109036546854
7426.0,297.04,1.0,10.159567226096474,29.28073528445888,10.159567226096474,29.28073528445888,0.3070609867463684,0.0547880069065799,-0.0003229422451250484
7427.0,297.08,1.0,10.39583670887552,29.20681038964217,10.39583670887552,29.20681038964217,0.31544794920060243,0.05304942834112565,-0.000546481481743824
7428.0,297.12,1.0,10.63260252010846,29.132060690805286,10.63260252010846,29.132060690805286,0.32388287940966665,0.05068653766556077,-0.00045737970730356305
7429.0,297.16,1.0,10.863341541188317,29.054443597130764,10.863341541188317,29.054443597130764,0.33233619095896183,0.047845608479492666,-7.410330465488432e-05
7430.0,297.2,1.0,11.09994769116734,28.973469340756083,11.09994769116734,28.973469340756083,0.340805871700118,0.04469862399570621,0.000590211387672325
7431.0,297.24,1.0,11.331270333726417,28.8866881151666,11.331270333726417,28.8866881151666,0.34927529837825555,0.041421123640143984,0.0015141001671955562
7432.0,297.28000000000003,1.0,11.569583053473242,28.795976062274406,11.569583053473242,28.795976062274406,0.3577412914690679,0.038167792136777054,0.0026788759578555412
7433.0,297.32,1.0,11.793817105258617,28.703973616361274,11.793817105258617,28.703973616361274,0.3661930296242743,0.035084879922529996,0.003947895186239836
7434.0,297.36,1.0,12.028613349513195,28.61125876066044,12.028613349513195,28.61125876066044,0.374626681826431,0.03231056215867596,0.005302156952456822
7435.0,297.40000000000003,1.0,12.256529982445183,28.515712854637655,12.256529982445183,28.515712854637655,0.38303046493442694,0.029967730095250868,0.006665332728073339
7436.0,297.44,1.0,12.490858940538342,28.416906751463852,12.490858940538342,28.416906751463852,0.39139764321912207,0.028139117341000296,0.008020494822042127
7437.0,297.48,1.0,12.722040427779739,28.3169013373861,12.722040427779739,28.3169013373861,0.3997178064793633,0.026875331279834703,0.009322195744203603
7438.0,297.52,1.0,12.952283965850597,28.218988885064743,12.952283965850597,28.218988885064743,0.4079846869862485,0.026196148218705105,0.01055637291138064
7439.0,297.56,1.0,13.18243962781018,28.11637348590863,13.18243962781018,28.11637348590863,0.4161895535909018,0.026132343142347424,0.011696502442624398
7440.0,297.6,1.0,13.4112116048183,28.016600529750583,13.4112116048183,28.016600529750583,0.4243269946745779,0.026642355415581288,0.012732007497889646
7441.0,297.64,1.0,13.639844606238881,27.91214843787738,13.639844606238881,27.91214843787738,0.4323916537482206,0.027650027226202734,0.013646338223553722
7442.0,297.68,1.0,13.866886732310027,27.805930305663274,13.866886732310027,27.805930305663274,0.440381835614453,0.029056815226935418,0.014431889341838495
7443.0,297.72,1.0,14.091035590602317,27.701510503223524,14.091035590602317,27.701510503223524,0.4482977369850027,0.030773197051409174,0.015078984183620036
7444.0,297.76,1.0,14.317712636786684,27.589434527118595,14.317712636786684,27.589434527118595,0.45614333858504785,0.032687239918486634,0.01558348651507752
7445.0,297.8,1.0,14.541285336128041,27.47713010822227,14.541285336128041,27.47713010822227,0.46392308789932113,0.03466516215613295,0.015940027855609593
7446.0,297.84000000000003,1.0,14.762369363093693,27.363114341597036,14.762369363093693,27.363114341597036,0.4716445210410488,0.03656234186872491,0.01614548470606097
7447.0,297.88,1.0,14.983169190202869,27.248406401989634,14.983169190202869,27.248406401989634,0.479315590113917,0.038240623082132164,0.016196985103896243
7448.0,297.92,1.0,15.203330669013885,27.129537580761614,15.203330669013885,27.129537580761614,0.48694530080422654,0.039593863212553135,0.01609430976670927
7449.0,297.96,1.0,15.41388929204688,27.015165667860252,15.41388929204688,27.015165667860252,0.4915528174518025,0.3502555630467583,0.02524447972629142
7450.0,298.0,1.0,15.621119322166106,26.90027752082013,15.621119322166106,26.90027752082013,0.49611494629984537,0.6602169851393547,0.03423173467045172
7451.0,298.04,1.0,15.829396813311138,26.785158473982296,15.829396813311138,26.785158473982296,0.5006321339238078,0.9693990106484399,0.043069506560042645
7452.0,298.08,1.0,16.03106355118001,26.671021506265504,16.03106355118001,26.671021506265504,0.5051058393562211,1.2777698515113838,0.051772134910234635
7453.0,298.12,1.0,16.236803810162698,26.55573239263065,16.236803810162698,26.55573239263065,0.5095380236744884,1.5853390204136577,0.060353343584423555
7454.0,298.16,1.0,16.437975794695358,26.437615136955735,16.437975794695358,26.437615136955735,0.5139271516346178,1.8921088708660345,0.06882577751245686
7455.0,298.2,1.0,16.63942795270016,26.317168323934744,16.63942795270016,26.317168323934744,0.5182708840454113,2.198146740463023,0.07720112277811172
7456.0,298.24,1.0,16.840449189686137,26.197802587084603,16.840449189686137,26.197802587084603,0.5225673617090639,2.5035496357069436,0.08549075912691281
7457.0,298.28000000000003,1.0,17.041320890961266,26.077577212587716,17.041320890961266,26.077577212587716,0.5268158269852382,2.808449711658043,0.09370624244317662
7458.0,298.32,1.0,17.241905315939096,25.95121144204423,17.241905315939096,25.95121144204423,0.5310150734275272,3.1129849443751074,0.10185855892579394
7459.0,298.36,1.0,17.438879731629324,25.82928445380592,17.438879731629324,25.82928445380592,0.5351677408183669,3.417273106279702,0.10995822970060262
7460.0,298.40000000000003,1.0,17.633459731592435,25.702296586715704,17.633459731592435,25.702296586715704,0.5392789645419735,3.721450186321815,0.11801750353032221
7461.0,298.44,1.0,17.828751326172128,25.575142407611864,17.828751326172128,25.575142407611864,0.5433564970497259,4.0256626670528926,0.12605120525704827
7462.0,298.48,1.0,18.02255800281144,25.447422252824797,18.02255800281144,25.447422252824797,0.5474090071102362,4.330065329895406,0.134076348500498
7463.0,298.52,1.0,18.219679460608766,25.317603115507332,18.219679460608766,25.317603115507332,0.5514456016510024,4.634760124850056,0.14211198383222448
7464.0,298.56,1.0,18.41182277798473,25.191081994776695,18.41182277798473,25.191081994776695,0.5554748577459109,4.939828741925057,0.15018057235291632
7465.0,298.6,1.0,18.602460177896273,25.064295977740407,18.602460177896273,25.064295977740407,0.5595086969652918,5.2453652628158425,0.15830822017319018
7466.0,298.64,1.0,18.791269451484272,24.931177599103158,18.791269451484272,24.931177599103158,0.5635585278405096,5.551421947488374,0.16652370121688947
7467.0,298.68,1.0,18.985926525836494,24.79296285606658,18.985926525836494,24.79296285606658,0.5676363250225569,5.85802442527158,0.1748574140497769
7468.0,298.72,1.0,19.177457005876708,24.654716417329183,19.177457005876708,24.654716417329183,0.5717505393704375,6.165156803181621,0.18334017107547484
7469.0,298.76,1.0,19.37750127634066,24.509794964248613,19.37750127634066,24.509794964248613,0.5788995935096344,6.16306557361332,0.18259539420321771
7470.0,298.8,1.0,19.57982142691592,24.360327639909578,19.57982142691592,24.360327639909578,0.586120563624846,6.161630638533088,0.1820684787562104
7471.0,298.84000000000003,1.0,19.77749956199921,24.211254721742996,19.77749956199921,24.211254721742996,0.5934247013638787,6.160821368685304,0.18177268107358074
7472.0,298.88,1.0,19.97357782343871,24.057687646738103,19.97357782343871,24.057687646738103,0.6008198029333914,6.160573588357251,0.18171667030074873
7473.0,298.92,1.0,20.17044108215863,23.903677719876335,20.17044108215863,23.903677719876335,0.6083110166711465,6.160761459834143,0.1819049896039723
7474.0,298.96,1.0,20.362299045090005,23.749208414164467,20.362299045090005,23.749208414164467,0.6159034701797779,6.161304423192002,0.1823383247495905
7475.0,299.0,1.0,20.55238963786936,23.597879929988906,20.55238963786936,23.597879929988906,0.6235999661030946,6.162066845491433,0.18301164704415063
7476.0,299.04,1.0,20.741614521782605,23.446260266689833,20.741614521782605,23.446260266689833,0.6313998023793451,6.162888210455603,0.18391430805686645
7477.0,299.08,1.0,20.93185146373427,23.285823766268276,20.93185146373427,23.285823766268276,0.6393013953191946,6.163576507787625,0.18503010436969075
7478.0,299.12,1.0,21.12130736144824,23.130596224391393,21.12130736144824,23.130596224391393,0.647302685077881,6.163971706064588,0.18633824540766372
7479.0,299.16,1.0,21.309991596169187,22.96540685398442,21.309991596169187,22.96540685398442,0.6554012175893433,6.163932182038346,0.18781345407210887
7480.0,299.2,1.0,21.496277551846298,22.803718939057863,21.496277551846298,22.803718939057863,0.663591548158866,6.163311637685907,0.1894264626381231
7481.0,299.24,1.0,21.68441459649673,22.637481735106384,21.68441459649673,22.637481735106384,0.6718672932169116,6.161965470265141,0.19114506824213526
7482.0,299.28000000000003,1.0,21.863991869495354,22.473174534730294,21.863991869495354,22.473174534730294,0.6802195071762271,6.159743567586437,0.19293548219762427
7483.0,299.32,1.0,22.040633741742738,22.30610292159889,22.040633741742738,22.30610292159889,0.6886388988072205,6.156522927891347,0.19476322259675277
7484.0,299.36,1.0,22.218188902227247,22.134404351336002,22.218188902227247,22.134404351336002,0.697114844485372,6.1522262375792724,0.1965926505285449
7485.0,299.40000000000003,1.0,22.39617840676617,21.958328663888274,22.39617840676617,21.958328663888274,0.7056346294821289,6.146722988364039,0.19838776191295981
7486.0,299.44,1.0,22.571099107693136,21.787578503690515,22.571099107693136,21.787578503690515,0.714185664541559,6.139949691896982,0.20011393173797581
7487.0,299.48,1.0,22.74156289641502,21.61772585106157,22.74156289641502,21.61772585106157,0.7227535550201017,6.131860450991339,0.20173835170408122
7488.0,299.52,1.0,22.9094544670999,21.448266576882368,22.9094544670999,21.448266576882368,0.7313233440597177,6.122487423047653,0.20323087687035274
7489.0,299.56,1.0,23.08454496073339,21.267873462380997,23.08454496073339,21.267873462380997,0.7398777276448372,6.111821088791803,0.2045638321561558
7490.0,299.6,1.0,23.241546933664605,21.100499570658943,23.241546933664605,21.100499570658943,0.7484017981328137,6.0998746190886175,0.20571328967393981
7491.0,299.64,1.0,23.404466159308683,20.924719408760446,23.404466159308683,20.924719408760446,0.7568812329623459,6.086673732572342,0.2066591238966106
7492.0,299.68,1.0,23.56423269816652,20.755119362511557,23.56423269816652,20.755119362511557,0.7653026954715132,6.072280593331206,0.2073851909153172
7493.0,299.72,1.0,23.725526175514794,20.57988025868449,23.725526175514794,20.57988025868449,0.7736554516518809,6.056789042907648,0.20787948585261895
7494.0,299.76,1.0,23.885360678205835,20.405950704464914,23.885360678205835,20.405950704464914,0.7819299049079916,6.040233644146671,0.20813302492798508
7495.0,299.8,1.0,24.04198399904153,20.226506285484565,24.04198399904153,20.226506285484565,0.7901198307365148,6.022619385947652,0.20814081927051592
7496.0,299.84000000000003,1.0,24.195457325611894,20.047571842368395,24.195457325611894,20.047571842368395,0.7982202709854235,6.003954562444247,0.20790040683704203
7497.0,299.88,1.0,24.344942778427566,19.87366956641354,24.344942778427566,19.87366956641354,0.8062269439845278,5.984190161603577,0.20741164820986846
7498.0,299.92,1.0,24.49528445646904,19.695992175163745,24.49528445646904,19.695992175163745,0.8141384534585716,5.9632186147447195,0.20667652280305174
7499.0,299.96,1.0,24.64379433068177,19.5224513461866,24.64379433068177,19.5224513461866,0.8219461024758784,5.941000592746275,0.2056907621707144
7500.0,300.0,1.0,24.793109783660356,19.342087082067607,24.793109783660356,19.342087082067607,0.8296447643900511,5.91752016312779,0.2044523053326773
7501.0,300.04,1.0,24.934583997900443,19.164694956399288,24.934583997900443,19.164694956399288,0.8372234495138058,5.892773576197689,0.2029551004761229
7502.0,300.08,1.0,25.077673420841784,18.98493066749409,25.077673420841784,18.98493066749409,0.8446723133045548,5.866716950067589,0.20119322842007775
7503.0,300.12,1.0,25.221502678762132,18.80352870319534,25.221502678762132,18.80352870319534,0.8519807287665602,5.839252769461256,0.19915817894488766
7504.0,300.16,1.0,25.35955329408836,18.625605883641125,25.35955329408836,18.625605883641125,0.8590860100106731,5.810962964052249,0.1969447901841305
7505.0,300.2,1.0,25.49528785185716,18.445692558327135,25.49528785185716,18.445692558327135,0.8659777068093636,5.78180411818513,0.1945484042898425
7506.0,300.24,1.0,25.62877597546076,18.261885964850926,25.62877597546076,18.261885964850926,0.8726199472597449,5.752084370517265,0.1920130706403857
7507.0,300.28000000000003,1.0,25.761640770028635,18.079143687498473,25.761640770028635,18.079143687498473,0.8790025059991317,5.7218024478019105,0.18933090267254013
7508.0,300.32,1.0,25.832564380089018,17.986607291423862,25.832564380089018,17.986607291423862,0.8825803566439793,5.707885538766034,0.18825811850923788
7509.0,300.36,1.0,25.893601843512766,17.904127997203588,25.893601843512766,17.904127997203588,0.8861019470409707,5.693710735804609,0.18713540547464694
7510.0,300.40000000000003,1.0,25.96640668321726,17.81129706866074,25.96640668321726,17.81129706866074,0.889561144225272,5.679261464419231,0.185957640489718
7511.0,300.44,1.0,26.033324202713935,17.72525627657906,26.033324202713935,17.72525627657906,0.8929514862132353,5.664501248759495,0.18471809601355205
7512.0,300.48,1.0,26.105190560106493,17.633045225933365,26.105190560106493,17.633045225933365,0.8962677809771797,5.649351562794576,0.18340828198020534
7513.0,300.52,1.0,26.170168845301255,17.54502091471749,26.170168845301255,17.54502091471749,0.8995029157770753,5.6337030622012065,0.18201820630838433
7514.0,300.56,1.0,26.23779222654728,17.454395831318475,26.23779222654728,17.454395831318475,0.9026515660508199,5.617464550629521,0.18053681622513726
7515.0,300.6,1.0,26.306425562239294,17.364345765063206,26.306425562239294,17.364345765063206,0.9057074386946118,5.600578793390322,0.1789525920416647
7516.0,300.64,1.0,26.375696552391307,17.2704299120987,26.375696552391307,17.2704299120987,0.9086666592322302,5.582992625527827,0.1772549496363541
